-- V23 Part 1/2 20260126_212049
local gs=game.GetService ws=gs(game,'Workspace') cam=ws.CurrentCamera plrs=gs(game,'Players') plr=plrs.LocalPlayer task.wait(2) char=plr.Character if not char then return end hum=char:WaitForChild('Humanoid',5) hrp=char:WaitForChild('HumanoidRootPart',5) if not(hum and hrp)then return end hum.AutoRotate=false cam.CameraType=Enum.CameraType.Scriptable task.wait(1)

cam.CFrame=CFrame.new(-15.676,10.434,-20.828,-0.938871,-0.146980,0.311316,0.000000,0.904283,0.426934,-0.344268,0.400836,-0.849005) cam.FieldOfView=70.00 hum:Move(Vector3.zero,true) hrp.AssemblyLinearVelocity=Vector3.new(0.000,0.000,0.000) hrp.CFrame=CFrame.new(-19.567,3.698,-10.216) local ld=cam.CFrame.LookVector*Vector3.new(1,0,1) if ld.Magnitude>0.01 then hrp.CFrame=CFrame.new(hrp.Position,hrp.Position+ld.Unit) end task.wait(0.0000)
cam.CFrame=CFrame.new(-15.676,10.434,-20.828,-0.938871,-0.146980,0.311316,0.000000,0.904283,0.426934,-0.344268,0.400836,-0.849005) cam.FieldOfView=70.00 hum:Move(Vector3.zero,true) hrp.AssemblyLinearVelocity=Vector3.new(0.000,0.000,0.000) hrp.CFrame=CFrame.new(-19.567,3.698,-10.216) local ld=cam.CFrame.LookVector*Vector3.new(1,0,1) if ld.Magnitude>0.01 then hrp.CFrame=CFrame.new(hrp.Position,hrp.Position+ld.Unit) end task.wait(0.0340)
cam.CFrame=CFrame.new(-15.676,10.434,-20.828,-0.938871,-0.146980,0.311316,0.000000,0.904283,0.426934,-0.344268,0.400836,-0.849005) cam.FieldOfView=70.00 hum:Move(Vector3.zero,true) hrp.AssemblyLinearVelocity=Vector3.new(0.000,0.000,0.000) hrp.CFrame=CFrame.new(-19.567,3.698,-10.216) local ld=cam.CFrame.LookVector*Vector3.new(1,0,1) if ld.Magnitude>0.01 then hrp.CFrame=CFrame.new(hrp.Position,hrp.Position+ld.Unit) end task.wait(0.0339)
cam.CFrame=CFrame.new(-15.676,10.434,-20.828,-0.938871,-0.146980,0.311316,0.000000,0.904283,0.426934,-0.344268,0.400836,-0.849005) cam.FieldOfView=70.00 hum:Move(Vector3.zero,true) hrp.AssemblyLinearVelocity=Vector3.new(-0.000,0.000,-0.000) hrp.CFrame=CFrame.new(-19.567,3.698,-10.216) local ld=cam.CFrame.LookVector*Vector3.new(1,0,1) if ld.Magnitude>0.01 then hrp.CFrame=CFrame.new(hrp.Position,hrp.Position+ld.Unit) end task.wait(0.0487)
cam.CFrame=CFrame.new(-15.676,10.434,-20.828,-0.938871,-0.146980,0.311316,0.000000,0.904283,0.426934,-0.344268,0.400836,-0.849005) cam.FieldOfView=70.00 hum:Move(Vector3.zero,true) hrp.AssemblyLinearVelocity=Vector3.new(-0.000,0.000,-0.000) hrp.CFrame=CFrame.new(-19.567,3.698,-10.216) local ld=cam.CFrame.LookVector*Vector3.new(1,0,1) if ld.Magnitude>0.01 then hrp.CFrame=CFrame.new(hrp.Position,hrp.Position+ld.Unit) end task.wait(0.0345)
cam.CFrame=CFrame.new(-15.676,10.434,-20.828,-0.938871,-0.146980,0.311316,0.000000,0.904283,0.426934,-0.344268,0.400836,-0.849005) cam.FieldOfView=70.00 hum:Move(Vector3.zero,true) hrp.AssemblyLinearVelocity=Vector3.new(-0.000,0.000,-0.000) hrp.CFrame=CFrame.new(-19.567,3.698,-10.216) local ld=cam.CFrame.LookVector*Vector3.new(1,0,1) if ld.Magnitude>0.01 then hrp.CFrame=CFrame.new(hrp.Position,hrp.Position+ld.Unit) end task.wait(0.0337)
cam.CFrame=CFrame.new(-15.676,10.434,-20.828,-0.938871,-0.146980,0.311316,0.000000,0.904283,0.426934,-0.344268,0.400836,-0.849005) cam.FieldOfView=70.00 hum:Move(Vector3.zero,true) hrp.AssemblyLinearVelocity=Vector3.new(0.000,0.000,0.000) hrp.CFrame=CFrame.new(-19.567,3.698,-10.216) local ld=cam.CFrame.LookVector*Vector3.new(1,0,1) if ld.Magnitude>0.01 then hrp.CFrame=CFrame.new(hrp.Position,hrp.Position+ld.Unit) end task.wait(0.0488)
cam.CFrame=CFrame.new(-15.676,10.434,-20.828,-0.938871,-0.146980,0.311316,0.000000,0.904283,0.426934,-0.344268,0.400836,-0.849005) cam.FieldOfView=70.00 hum:Move(Vector3.zero,true) hrp.AssemblyLinearVelocity=Vector3.new(0.000,0.000,0.000) hrp.CFrame=CFrame.new(-19.567,3.698,-10.216) local ld=cam.CFrame.LookVector*Vector3.new(1,0,1) if ld.Magnitude>0.01 then hrp.CFrame=CFrame.new(hrp.Position,hrp.Position+ld.Unit) end task.wait(0.0413)
cam.CFrame=CFrame.new(-15.676,10.434,-20.828,-0.938871,-0.146980,0.311316,0.000000,0.904283,0.426934,-0.344268,0.400836,-0.849005) cam.FieldOfView=70.00 hum:Move(Vector3.zero,true) hrp.AssemblyLinearVelocity=Vector3.new(-0.000,0.000,-0.000) hrp.CFrame=CFrame.new(-19.567,3.698,-10.216) local ld=cam.CFrame.LookVector*Vector3.new(1,0,1) if ld.Magnitude>0.01 then hrp.CFrame=CFrame.new(hrp.Position,hrp.Position+ld.Unit) end task.wait(0.0413)
cam.CFrame=CFrame.new(-15.676,10.434,-20.828,-0.938871,-0.146980,0.311316,0.000000,0.904283,0.426934,-0.344268,0.400836,-0.849005) cam.FieldOfView=70.00 hum:Move(Vector3.zero,true) hrp.AssemblyLinearVelocity=Vector3.new(-0.000,0.000,-0.000) hrp.CFrame=CFrame.new(-19.567,3.698,-10.216) local ld=cam.CFrame.LookVector*Vector3.new(1,0,1) if ld.Magnitude>0.01 then hrp.CFrame=CFrame.new(hrp.Position,hrp.Position+ld.Unit) end task.wait(0.0339)
cam.CFrame=CFrame.new(-15.676,10.434,-20.828,-0.938871,-0.146980,0.311316,0.000000,0.904283,0.426934,-0.344268,0.400836,-0.849005) cam.FieldOfView=70.00 hum:Move(Vector3.zero,true) hrp.AssemblyLinearVelocity=Vector3.new(-0.000,0.000,-0.000) hrp.CFrame=CFrame.new(-19.567,3.698,-10.216) local ld=cam.CFrame.LookVector*Vector3.new(1,0,1) if ld.Magnitude>0.01 then hrp.CFrame=CFrame.new(hrp.Position,hrp.Position+ld.Unit) end task.wait(0.0361)
cam.CFrame=CFrame.new(-15.676,10.434,-20.828,-0.938871,-0.146980,0.311316,0.000000,0.904283,0.426934,-0.344268,0.400836,-0.849005) cam.FieldOfView=70.00 hum:Move(Vector3.zero,true) hrp.AssemblyLinearVelocity=Vector3.new(0.000,0.000,0.000) hrp.CFrame=CFrame.new(-19.567,3.698,-10.216) local ld=cam.CFrame.LookVector*Vector3.new(1,0,1) if ld.Magnitude>0.01 then hrp.CFrame=CFrame.new(hrp.Position,hrp.Position+ld.Unit) end task.wait(0.0350)
cam.CFrame=CFrame.new(-15.691,10.434,-20.764,-0.938871,-0.146980,0.311316,0.000000,0.904283,0.426934,-0.344268,0.400836,-0.849005) cam.FieldOfView=70.00 hum:Move(Vector3.new(-0.209,0,0.978),true) hrp.AssemblyLinearVelocity=Vector3.new(-2.256,0.000,10.167) hrp.CFrame=CFrame.new(-19.616,3.698,-10.002) local ld=cam.CFrame.LookVector*Vector3.new(1,0,1) if ld.Magnitude>0.01 then hrp.CFrame=CFrame.new(hrp.Position,hrp.Position+ld.Unit) end task.wait(0.0362)
cam.CFrame=CFrame.new(-15.797,10.434,-20.252,-0.938871,-0.146980,0.311316,0.000000,0.904283,0.426934,-0.344268,0.400836,-0.849005) cam.FieldOfView=70.00 hum:Move(Vector3.new(-0.157,0,0.988),true) hrp.AssemblyLinearVelocity=Vector3.new(-2.542,0.000,15.759) hrp.CFrame=CFrame.new(-19.752,3.698,-9.245) local ld=cam.CFrame.LookVector*Vector3.new(1,0,1) if ld.Magnitude>0.01 then hrp.CFrame=CFrame.new(hrp.Position,hrp.Position+ld.Unit) end task.wait(0.0444)
cam.CFrame=CFrame.new(-15.916,10.434,-19.461,-0.938871,-0.146980,0.311316,0.000000,0.904283,0.426934,-0.344268,0.400836,-0.849005) cam.FieldOfView=70.00 hum:Move(Vector3.new(-0.124,0,0.992),true) hrp.AssemblyLinearVelocity=Vector3.new(-2.033,0.000,15.847) hrp.CFrame=CFrame.new(-19.824,3.698,-8.717) local ld=cam.CFrame.LookVector*Vector3.new(1,0,1) if ld.Magnitude>0.01 then hrp.CFrame=CFrame.new(hrp.Position,hrp.Position+ld.Unit) end task.wait(0.0377)
cam.CFrame=CFrame.new(-16.051,10.434,-18.820,-0.940716,-0.144814,0.306728,0.000000,0.904283,0.426934,-0.339195,0.401624,-0.850673) cam.FieldOfView=70.00 hum:Move(Vector3.new(-0.099,0,0.995),true) hrp.AssemblyLinearVelocity=Vector3.new(-1.601,0.000,15.909) hrp.CFrame=CFrame.new(-19.912,3.698,-7.921) local ld=cam.CFrame.LookVector*Vector3.new(1,0,1) if ld.Magnitude>0.01 then hrp.CFrame=CFrame.new(hrp.Position,hrp.Position+ld.Unit) end task.wait(0.0478)
cam.CFrame=CFrame.new(-16.206,10.434,-18.190,-0.943652,-0.141289,0.299262,0.000000,0.904283,0.426934,-0.330938,0.402877,-0.853329) cam.FieldOfView=70.00 hum:Move(Vector3.new(-0.071,0,0.997),true) hrp.AssemblyLinearVelocity=Vector3.new(-1.156,0.000,15.952) hrp.CFrame=CFrame.new(-19.966,3.698,-7.257) local ld=cam.CFrame.LookVector*Vector3.new(1,0,1) if ld.Magnitude>0.01 then hrp.CFrame=CFrame.new(hrp.Position,hrp.Position+ld.Unit) end task.wait(0.0390)
cam.CFrame=CFrame.new(-16.378,10.434,-17.569,-0.947646,-0.136330,0.288758,0.000000,0.904283,0.426934,-0.319322,0.404583,-0.856940) cam.FieldOfView=70.00 hum:Move(Vector3.new(-0.037,0,0.999),true) hrp.AssemblyLinearVelocity=Vector3.new(-0.614,0.000,15.984) hrp.CFrame=CFrame.new(-19.998,3.698,-6.591) local ld=cam.CFrame.LookVector*Vector3.new(1,0,1) if ld.Magnitude>0.01 then hrp.CFrame=CFrame.new(hrp.Position,hrp.Position+ld.Unit) end task.wait(0.0436)
cam.CFrame=CFrame.new(-16.614,10.400,-16.837,-0.953601,-0.128538,0.272255,0.000000,0.904283,0.426934,-0.301073,0.407125,-0.862325) cam.FieldOfView=70.00 hum:Move(Vector3.new(-0.025,0,1.000),true) hrp.AssemblyLinearVelocity=Vector3.new(-0.603,-6.540,15.987) hrp.CFrame=CFrame.new(-20.027,3.575,-5.792) local ld=cam.CFrame.LookVector*Vector3.new(1,0,1) if ld.Magnitude>0.01 then hrp.CFrame=CFrame.new(hrp.Position,hrp.Position+ld.Unit) end task.wait(0.0476)
cam.CFrame=CFrame.new(-16.644,9.971,-16.038,-0.953601,-0.128538,0.272255,0.000000,0.904283,0.426934,-0.301073,0.407125,-0.862325) cam.FieldOfView=70.00 hum:Move(Vector3.new(-0.021,0,1.000),true) hrp.AssemblyLinearVelocity=Vector3.new(-0.603,-16.350,15.988) hrp.CFrame=CFrame.new(-20.057,2.982,-4.992) local ld=cam.CFrame.LookVector*Vector3.new(1,0,1) if ld.Magnitude>0.01 then hrp.CFrame=CFrame.new(hrp.Position,hrp.Position+ld.Unit) end task.wait(0.0497)
cam.CFrame=CFrame.new(-16.735,9.051,-15.260,-0.955533,-0.125896,0.266657,0.000000,0.904283,0.426934,-0.294883,0.407950,-0.864072) cam.FieldOfView=70.00 hum:Move(Vector3.new(-0.021,0,1.000),true) hrp.AssemblyLinearVelocity=Vector3.new(-0.334,-2.667,15.996) hrp.CFrame=CFrame.new(-20.074,2.127,-4.193) local ld=cam.CFrame.LookVector*Vector3.new(1,0,1) if ld.Magnitude>0.01 then hrp.CFrame=CFrame.new(hrp.Position,hrp.Position+ld.Unit) end task.wait(0.0498)
cam.CFrame=CFrame.new(-16.745,8.875,-14.727,-0.955533,-0.125896,0.266657,0.000000,0.904283,0.426934,-0.294883,0.407950,-0.864072) cam.FieldOfView=70.00 hum:Move(Vector3.new(-0.014,0,1.000),true) hrp.AssemblyLinearVelocity=Vector3.new(-0.230,1.266,15.998) hrp.CFrame=CFrame.new(-20.082,2.162,-3.659) local ld=cam.CFrame.LookVector*Vector3.new(1,0,1) if ld.Magnitude>0.01 then hrp.CFrame=CFrame.new(hrp.Position,hrp.Position+ld.Unit) end task.wait(0.0358)
cam.CFrame=CFrame.new(-16.829,8.923,-13.947,-0.957314,-0.123406,0.261384,0.000000,0.904283,0.426934,-0.289051,0.408710,-0.865682) cam.FieldOfView=70.00 hum:Move(Vector3.new(-0.039,0,0.999),true) hrp.AssemblyLinearVelocity=Vector3.new(-0.628,0.234,15.988) hrp.CFrame=CFrame.new(-20.107,2.192,-2.860) local ld=cam.CFrame.LookVector*Vector3.new(1,0,1) if ld.Magnitude>0.01 then hrp.CFrame=CFrame.new(hrp.Position,hrp.Position+ld.Unit) end task.wait(0.0482)
cam.CFrame=CFrame.new(-16.866,8.932,-13.148,-0.957314,-0.123406,0.261384,0.000000,0.904283,0.426934,-0.289051,0.408710,-0.865682) cam.FieldOfView=70.00 hum:Move(Vector3.new(-0.069,0,0.998),true) hrp.AssemblyLinearVelocity=Vector3.new(-1.108,0.036,15.962) hrp.CFrame=CFrame.new(-20.156,2.197,-1.994) local ld=cam.CFrame.LookVector*Vector3.new(1,0,1) if ld.Magnitude>0.01 then hrp.CFrame=CFrame.new(hrp.Position,hrp.Position+ld.Unit) end task.wait(0.0492)
cam.CFrame=CFrame.new(-16.928,8.934,-12.284,-0.957314,-0.123406,0.261384,0.000000,0.904283,0.426934,-0.289051,0.408710,-0.865682) cam.FieldOfView=70.00 hum:Move(Vector3.new(-0.083,0,0.997),true) hrp.AssemblyLinearVelocity=Vector3.new(-1.331,0.006,15.944) hrp.CFrame=CFrame.new(-20.218,2.197,-1.197) local ld=cam.CFrame.LookVector*Vector3.new(1,0,1) if ld.Magnitude>0.01 then hrp.CFrame=CFrame.new(hrp.Position,hrp.Position+ld.Unit) end task.wait(0.0508)
cam.CFrame=CFrame.new(-16.454,9.485,-11.287,-0.939170,-0.161774,0.302966,0.000000,0.882121,0.471023,-0.343452,0.442370,-0.828462) cam.FieldOfView=70.00 hum:Move(Vector3.new(-0.107,0,0.994),true) hrp.AssemblyLinearVelocity=Vector3.new(-1.702,0.002,15.909) hrp.CFrame=CFrame.new(-20.269,2.197,-0.666) local ld=cam.CFrame.LookVector*Vector3.new(1,0,1) if ld.Magnitude>0.01 then hrp.CFrame=CFrame.new(hrp.Position,hrp.Position+ld.Unit) end task.wait(0.0345)
cam.CFrame=CFrame.new(-15.890,10.032,-9.882,-0.909030,-0.214516,0.357277,0.000000,0.857334,0.514761,-0.416730,0.467933,-0.779342) cam.FieldOfView=70.00 hum:Move(Vector3.new(-0.208,0,0.978),true) hrp.AssemblyLinearVelocity=Vector3.new(-3.320,0.000,15.651) hrp.CFrame=CFrame.new(-20.411,2.197,0.121) local ld=cam.CFrame.LookVector*Vector3.new(1,0,1) if ld.Magnitude>0.01 then hrp.CFrame=CFrame.new(hrp.Position,hrp.Position+ld.Unit) end task.wait(0.0491)
cam.CFrame=CFrame.new(-15.832,10.131,-9.213,-0.900299,-0.227504,0.371085,0.000000,0.852535,0.522671,-0.435273,0.470560,-0.767536) cam.FieldOfView=70.00 hum:Move(Vector3.new(-0.200,0,0.980),true) hrp.AssemblyLinearVelocity=Vector3.new(-3.196,0.000,15.677) hrp.CFrame=CFrame.new(-20.524,2.197,0.642) local ld=cam.CFrame.LookVector*Vector3.new(1,0,1) if ld.Magnitude>0.01 then hrp.CFrame=CFrame.new(hrp.Position,hrp.Position+ld.Unit) end task.wait(0.0335)
cam.CFrame=CFrame.new(-15.813,10.164,-8.612,-0.894863,-0.234489,0.379783,0.000000,0.850881,0.525358,-0.446341,0.470124,-0.761422) cam.FieldOfView=70.00 hum:Move(Vector3.new(-0.049,0,0.999),true) hrp.AssemblyLinearVelocity=Vector3.new(-0.821,0.000,15.978) hrp.CFrame=CFrame.new(-20.576,2.197,1.172) local ld=cam.CFrame.LookVector*Vector3.new(1,0,1) if ld.Magnitude>0.01 then hrp.CFrame=CFrame.new(hrp.Position,hrp.Position+ld.Unit) end task.wait(0.0369)
cam.CFrame=CFrame.new(-15.743,10.185,-7.779,-0.892577,-0.237607,0.383210,0.000000,0.849886,0.526967,-0.450896,0.470359,-0.758588) cam.FieldOfView=70.00 hum:Move(Vector3.new(0.199,0,0.980),true) hrp.AssemblyLinearVelocity=Vector3.new(3.156,0.000,15.682) hrp.CFrame=CFrame.new(-20.481,2.197,1.965) local ld=cam.CFrame.LookVector*Vector3.new(1,0,1) if ld.Magnitude>0.01 then hrp.CFrame=CFrame.new(hrp.Position,hrp.Position+ld.Unit) end task.wait(0.0435)
cam.CFrame=CFrame.new(-15.450,10.215,-7.147,-0.883612,-0.247863,0.397233,0.000000,0.848389,0.529373,-0.468221,0.467760,-0.749646) cam.FieldOfView=70.00 hum:Move(Vector3.new(0.284,0,0.959),true) hrp.AssemblyLinearVelocity=Vector3.new(4.522,0.000,15.344) hrp.CFrame=CFrame.new(-20.340,2.197,2.479) local ld=cam.CFrame.LookVector*Vector3.new(1,0,1) if ld.Magnitude>0.01 then hrp.CFrame=CFrame.new(hrp.Position,hrp.Position+ld.Unit) end task.wait(0.0349)
cam.CFrame=CFrame.new(-14.728,10.215,-6.314,-0.853153,-0.276154,0.442572,0.000000,0.848389,0.529373,-0.521661,0.451636,-0.723805) cam.FieldOfView=70.00 hum:Move(Vector3.new(0.309,0,0.951),true) hrp.AssemblyLinearVelocity=Vector3.new(4.928,0.000,15.219) hrp.CFrame=CFrame.new(-20.178,2.197,2.987) local ld=cam.CFrame.LookVector*Vector3.new(1,0,1) if ld.Magnitude>0.01 then hrp.CFrame=CFrame.new(hrp.Position,hrp.Position+ld.Unit) end task.wait(0.0414)
cam.CFrame=CFrame.new(-13.389,10.194,-4.982,-0.774679,-0.333716,0.537127,0.000000,0.849409,0.527736,-0.632354,0.408826,-0.658019) cam.FieldOfView=70.00 hum:Move(Vector3.new(0.225,0,0.974),true) hrp.AssemblyLinearVelocity=Vector3.new(3.599,0.000,15.589) hrp.CFrame=CFrame.new(-20.012,2.197,3.633) local ld=cam.CFrame.LookVector*Vector3.new(1,0,1) if ld.Magnitude>0.01 then hrp.CFrame=CFrame.new(hrp.Position,hrp.Position+ld.Unit) end task.wait(0.0357)
cam.CFrame=CFrame.new(-11.871,11.517,-2.966,-0.658674,-0.387691,0.644860,0.000000,0.857038,0.515253,-0.752428,0.339384,-0.564509) cam.FieldOfView=70.00 hum:Move(Vector3.new(0.032,0,1.000),true) hrp.AssemblyLinearVelocity=Vector3.new(0.511,44.161,15.991) hrp.CFrame=CFrame.new(-19.919,4.630,4.423) local ld=cam.CFrame.LookVector*Vector3.new(1,0,1) if ld.Magnitude>0.01 then hrp.CFrame=CFrame.new(hrp.Position,hrp.Position+ld.Unit) end task.wait(0.0503)
cam.CFrame=CFrame.new(-11.180,13.424,-1.453,-0.583289,-0.413358,0.699220,0.000000,0.860829,0.508895,-0.812265,0.296833,-0.502112) cam.FieldOfView=70.00 hum:Move(Vector3.new(-0.063,0,0.998),true) hrp.AssemblyLinearVelocity=Vector3.new(-0.956,36.804,15.970) hrp.CFrame=CFrame.new(-19.930,6.133,5.023) local ld=cam.CFrame.LookVector*Vector3.new(1,0,1) if ld.Magnitude>0.01 then hrp.CFrame=CFrame.new(hrp.Position,hrp.Position+ld.Unit) end task.wait(0.0343)
cam.CFrame=CFrame.new(-10.785,14.665,-0.292,-0.528757,-0.426653,0.733746,0.000000,0.864478,0.502670,-0.848774,0.265790,-0.457099) cam.FieldOfView=70.00 hum:Move(Vector3.new(-0.099,0,0.995),true) hrp.AssemblyLinearVelocity=Vector3.new(-1.562,29.446,15.923) hrp.CFrame=CFrame.new(-19.976,7.360,5.621) local ld=cam.CFrame.LookVector*Vector3.new(1,0,1) if ld.Magnitude>0.01 then hrp.CFrame=CFrame.new(hrp.Position,hrp.Position+ld.Unit) end task.wait(0.0387)
cam.CFrame=CFrame.new(-10.247,15.344,1.019,-0.446809,-0.438525,0.779780,0.000000,0.871624,0.490176,-0.894629,0.219015,-0.389450) cam.FieldOfView=70.00 hum:Move(Vector3.new(-0.071,0,0.997),true) hrp.AssemblyLinearVelocity=Vector3.new(-1.138,22.906,15.959) hrp.CFrame=CFrame.new(-20.013,8.219,6.153) local ld=cam.CFrame.LookVector*Vector3.new(1,0,1) if ld.Magnitude>0.01 then hrp.CFrame=CFrame.new(hrp.Position,hrp.Position+ld.Unit) end task.wait(0.0390)
cam.CFrame=CFrame.new(-9.426,16.037,3.661,-0.262490,-0.456732,0.849997,0.000000,0.880886,0.473329,-0.964935,0.124244,-0.231224) cam.FieldOfView=70.00 hum:Move(Vector3.new(-0.129,0,0.992),true) hrp.AssemblyLinearVelocity=Vector3.new(-2.070,13.096,15.865) hrp.CFrame=CFrame.new(-20.101,9.099,6.948) local ld=cam.CFrame.LookVector*Vector3.new(1,0,1) if ld.Magnitude>0.01 then hrp.CFrame=CFrame.new(hrp.Position,hrp.Position+ld.Unit) end task.wait(0.0423)
cam.CFrame=CFrame.new(-9.214,16.542,5.744,-0.132631,-0.464564,0.875551,0.000000,0.883355,0.468705,-0.991165,0.062165,-0.117161) cam.FieldOfView=70.00 hum:Move(Vector3.new(-0.316,0,0.949),true) hrp.AssemblyLinearVelocity=Vector3.new(-5.024,6.556,15.190) hrp.CFrame=CFrame.new(-20.239,9.412,7.462) local ld=cam.CFrame.LookVector*Vector3.new(1,0,1) if ld.Magnitude>0.01 then hrp.CFrame=CFrame.new(hrp.Position,hrp.Position+ld.Unit) end task.wait(0.0338)
cam.CFrame=CFrame.new(-9.289,16.505,8.571,0.055406,-0.447081,0.892776,0.000000,0.894149,0.447769,-0.998464,-0.024809,0.049542) cam.FieldOfView=70.00 hum:Move(Vector3.zero,true) hrp.AssemblyLinearVelocity=Vector3.new(-5.847,-3.254,12.297) hrp.CFrame=CFrame.new(-20.553,9.475,8.171) local ld=cam.CFrame.LookVector*Vector3.new(1,0,1) if ld.Magnitude>0.01 then hrp.CFrame=CFrame.new(hrp.Position,hrp.Position+ld.Unit) end task.wait(0.0524)
cam.CFrame=CFrame.new(-9.662,16.208,10.300,0.160808,-0.439398,0.883782,0.000000,0.895435,0.445192,-0.986986,-0.071591,0.143993) cam.FieldOfView=70.00 hum:Move(Vector3.zero,true) hrp.AssemblyLinearVelocity=Vector3.new(-2.777,-13.064,5.840) hrp.CFrame=CFrame.new(-20.762,9.046,8.611) local ld=cam.CFrame.LookVector*Vector3.new(1,0,1) if ld.Magnitude>0.01 then hrp.CFrame=CFrame.new(hrp.Position,hrp.Position+ld.Unit) end task.wait(0.0493)
cam.CFrame=CFrame.new(-9.824,15.759,10.887,0.196660,-0.436498,0.877949,0.000000,0.895435,0.445192,-0.980472,-0.087551,0.176096) cam.FieldOfView=70.00 hum:Move(Vector3.zero,true) hrp.AssemblyLinearVelocity=Vector3.new(-0.730,-19.604,1.535) hrp.CFrame=CFrame.new(-20.816,8.488,8.724) local ld=cam.CFrame.LookVector*Vector3.new(1,0,1) if ld.Magnitude>0.01 then hrp.CFrame=CFrame.new(hrp.Position,hrp.Position+ld.Unit) end task.wait(0.0368)
cam.CFrame=CFrame.new(-9.953,14.522,11.500,0.246862,-0.428092,0.869366,0.000000,0.897131,0.441764,-0.969051,-0.109055,0.221468) cam.FieldOfView=70.00 hum:Move(Vector3.zero,true) hrp.AssemblyLinearVelocity=Vector3.new(-0.000,-30.231,0.000) hrp.CFrame=CFrame.new(-20.820,7.116,8.732) local ld=cam.CFrame.LookVector*Vector3.new(1,0,1) if ld.Magnitude>0.01 then hrp.CFrame=CFrame.new(hrp.Position,hrp.Position+ld.Unit) end task.wait(0.0488)
cam.CFrame=CFrame.new(-10.042,13.419,11.969,0.287681,-0.416873,0.862240,0.000000,0.900298,0.435273,-0.957726,-0.125220,0.258998) cam.FieldOfView=70.00 hum:Move(Vector3.zero,true) hrp.AssemblyLinearVelocity=Vector3.new(-0.000,-37.589,0.000) hrp.CFrame=CFrame.new(-20.820,5.829,8.732) local ld=cam.CFrame.LookVector*Vector3.new(1,0,1) if ld.Magnitude>0.01 then hrp.CFrame=CFrame.new(hrp.Position,hrp.Position+ld.Unit) end task.wait(0.0376)
cam.CFrame=CFrame.new(-10.044,11.473,11.985,0.289052,-0.416286,0.862065,0.000000,0.900504,0.434848,-0.957313,-0.125693,0.260292) cam.FieldOfView=70.00 hum:Move(Vector3.zero,true) hrp.AssemblyLinearVelocity=Vector3.new(-0.000,-45.764,0.000) hrp.CFrame=CFrame.new(-20.820,4.076,8.732) local ld=cam.CFrame.LookVector*Vector3.new(1,0,1) if ld.Magnitude>0.01 then hrp.CFrame=CFrame.new(hrp.Position,hrp.Position+ld.Unit) end task.wait(0.0436)
cam.CFrame=CFrame.new(-10.044,10.362,11.985,0.289052,-0.416286,0.862065,0.000000,0.900504,0.434848,-0.957313,-0.125693,0.260292) cam.FieldOfView=70.00 hum:Move(Vector3.new(-0.891,0,-0.455),true) hrp.AssemblyLinearVelocity=Vector3.new(-3.038,3.980,-1.561) hrp.CFrame=CFrame.new(-20.872,3.548,8.705) local ld=cam.CFrame.LookVector*Vector3.new(1,0,1) if ld.Magnitude>0.01 then hrp.CFrame=CFrame.new(hrp.Position,hrp.Position+ld.Unit) end task.wait(0.0364)
cam.CFrame=CFrame.new(-10.378,10.484,11.807,0.289052,-0.416286,0.862065,0.000000,0.900504,0.434848,-0.957314,-0.125693,0.260292) cam.FieldOfView=70.00 hum:Move(Vector3.new(-0.849,0,-0.528),true) hrp.AssemblyLinearVelocity=Vector3.new(-13.497,1.146,-8.357) hrp.CFrame=CFrame.new(-21.376,3.671,8.416) local ld=cam.CFrame.LookVector*Vector3.new(1,0,1) if ld.Magnitude>0.01 then hrp.CFrame=CFrame.new(hrp.Position,hrp.Position+ld.Unit) end task.wait(0.0451)
cam.CFrame=CFrame.new(-10.824,10.519,11.525,0.289052,-0.416286,0.862065,0.000000,0.900504,0.434848,-0.957314,-0.125693,0.260292) cam.FieldOfView=70.00 hum:Move(Vector3.new(-0.838,0,-0.545),true) hrp.AssemblyLinearVelocity=Vector3.new(-13.399,0.334,-8.680) hrp.CFrame=CFrame.new(-21.823,3.690,8.126) local ld=cam.CFrame.LookVector*Vector3.new(1,0,1) if ld.Magnitude>0.01 then hrp.CFrame=CFrame.new(hrp.Position,hrp.Position+ld.Unit) end task.wait(0.0342)
cam.CFrame=CFrame.new(-11.269,10.529,11.230,0.289052,-0.416286,0.862065,0.000000,0.900504,0.434848,-0.957314,-0.125693,0.260292) cam.FieldOfView=70.00 hum:Move(Vector3.new(-0.818,0,-0.576),true) hrp.AssemblyLinearVelocity=Vector3.new(-13.084,0.096,-9.170) hrp.CFrame=CFrame.new(-22.263,3.695,7.823) local ld=cam.CFrame.LookVector*Vector3.new(1,0,1) if ld.Magnitude>0.01 then hrp.CFrame=CFrame.new(hrp.Position,hrp.Position+ld.Unit) end task.wait(0.0333)
cam.CFrame=CFrame.new(-11.916,10.532,10.761,0.289052,-0.416286,0.862065,0.000000,0.900504,0.434848,-0.957313,-0.125693,0.260292) cam.FieldOfView=70.00 hum:Move(Vector3.new(-0.798,0,-0.603),true) hrp.AssemblyLinearVelocity=Vector3.new(-12.767,0.015,-9.625) hrp.CFrame=CFrame.new(-22.905,3.697,7.347) local ld=cam.CFrame.LookVector*Vector3.new(1,0,1) if ld.Magnitude>0.01 then hrp.CFrame=CFrame.new(hrp.Position,hrp.Position+ld.Unit) end task.wait(0.0498)
cam.CFrame=CFrame.new(-12.341,10.533,10.439,0.289052,-0.416286,0.862065,0.000000,0.900504,0.434848,-0.957313,-0.125693,0.260292) cam.FieldOfView=70.00 hum:Move(Vector3.new(-0.795,0,-0.607),true) hrp.AssemblyLinearVelocity=Vector3.new(-12.718,0.004,-9.698) hrp.CFrame=CFrame.new(-23.329,3.697,7.023) local ld=cam.CFrame.LookVector*Vector3.new(1,0,1) if ld.Magnitude>0.01 then hrp.CFrame=CFrame.new(hrp.Position,hrp.Position+ld.Unit) end task.wait(0.0336)
cam.CFrame=CFrame.new(-12.765,10.533,10.115,0.289052,-0.416286,0.862065,0.000000,0.900504,0.434848,-0.957313,-0.125693,0.260292) cam.FieldOfView=70.00 hum:Move(Vector3.new(-0.795,0,-0.607),true) hrp.AssemblyLinearVelocity=Vector3.new(-12.722,0.001,-9.697) hrp.CFrame=CFrame.new(-23.753,3.697,6.700) local ld=cam.CFrame.LookVector*Vector3.new(1,0,1) if ld.Magnitude>0.01 then hrp.CFrame=CFrame.new(hrp.Position,hrp.Position+ld.Unit) end task.wait(0.0380)
cam.CFrame=CFrame.new(-13.402,10.533,9.631,0.289052,-0.416286,0.862065,0.000000,0.900504,0.434848,-0.957314,-0.125693,0.260292) cam.FieldOfView=70.00 hum:Move(Vector3.new(-0.804,0,-0.595),true) hrp.AssemblyLinearVelocity=Vector3.new(-12.860,0.000,-9.518) hrp.CFrame=CFrame.new(-24.392,3.698,6.219) local ld=cam.CFrame.LookVector*Vector3.new(1,0,1) if ld.Magnitude>0.01 then hrp.CFrame=CFrame.new(hrp.Position,hrp.Position+ld.Unit) end task.wait(0.0452)
cam.CFrame=CFrame.new(-14.045,10.410,9.155,0.289052,-0.416286,0.862065,0.000000,0.900504,0.434848,-0.957313,-0.125693,0.260292) cam.FieldOfView=70.00 hum:Move(Vector3.new(-0.819,0,-0.574),true) hrp.AssemblyLinearVelocity=Vector3.new(-12.861,-10.627,-9.517) hrp.CFrame=CFrame.new(-25.089,3.388,5.703) local ld=cam.CFrame.LookVector*Vector3.new(1,0,1) if ld.Magnitude>0.01 then hrp.CFrame=CFrame.new(hrp.Position,hrp.Position+ld.Unit) end task.wait(0.0532)
cam.CFrame=CFrame.new(-14.688,9.818,8.679,0.289052,-0.416286,0.862065,0.000000,0.900504,0.434848,-0.957314,-0.125693,0.260292) cam.FieldOfView=70.00 hum:Move(Vector3.new(-0.845,0,-0.535),true) hrp.AssemblyLinearVelocity=Vector3.new(-13.510,-19.620,-8.571) hrp.CFrame=CFrame.new(-25.687,2.676,5.281) local ld=cam.CFrame.LookVector*Vector3.new(1,0,1) if ld.Magnitude>0.01 then hrp.CFrame=CFrame.new(hrp.Position,hrp.Position+ld.Unit) end task.wait(0.0454)
cam.CFrame=CFrame.new(-15.139,9.150,8.395,0.289052,-0.416286,0.862065,0.000000,0.900504,0.434848,-0.957314,-0.125693,0.260292) cam.FieldOfView=70.00 hum:Move(Vector3.new(-0.861,0,-0.508),true) hrp.AssemblyLinearVelocity=Vector3.new(-13.775,-0.551,-8.138) hrp.CFrame=CFrame.new(-26.201,2.129,4.971) local ld=cam.CFrame.LookVector*Vector3.new(1,0,1) if ld.Magnitude>0.01 then hrp.CFrame=CFrame.new(hrp.Position,hrp.Position+ld.Unit) end task.wait(0.0362)
cam.CFrame=CFrame.new(-15.657,8.984,8.091,0.289052,-0.416286,0.862065,0.000000,0.900504,0.434848,-0.957314,-0.125693,0.260292) cam.FieldOfView=70.00 hum:Move(Vector3.new(-0.870,0,-0.494),true) hrp.AssemblyLinearVelocity=Vector3.new(-13.913,1.056,-7.901) hrp.CFrame=CFrame.new(-26.664,2.169,4.706) local ld=cam.CFrame.LookVector*Vector3.new(1,0,1) if ld.Magnitude>0.01 then hrp.CFrame=CFrame.new(hrp.Position,hrp.Position+ld.Unit) end task.wait(0.0334)
cam.CFrame=CFrame.new(-16.296,9.023,7.733,0.289052,-0.416286,0.862065,0.000000,0.900504,0.434848,-0.957313,-0.125693,0.260292) cam.FieldOfView=70.00 hum:Move(Vector3.new(-0.879,0,-0.477),true) hrp.AssemblyLinearVelocity=Vector3.new(-14.057,0.219,-7.642) hrp.CFrame=CFrame.new(-27.306,2.192,4.351) local ld=cam.CFrame.LookVector*Vector3.new(1,0,1) if ld.Magnitude>0.01 then hrp.CFrame=CFrame.new(hrp.Position,hrp.Position+ld.Unit) end task.wait(0.0476)
cam.CFrame=CFrame.new(-17.000,9.031,7.353,0.289052,-0.416286,0.862065,0.000000,0.900504,0.434848,-0.957314,-0.125693,0.260292) cam.FieldOfView=70.00 hum:Move(Vector3.new(-0.886,0,-0.464),true) hrp.AssemblyLinearVelocity=Vector3.new(-14.169,0.033,-7.433) hrp.CFrame=CFrame.new(-28.071,2.197,3.945) local ld=cam.CFrame.LookVector*Vector3.new(1,0,1) if ld.Magnitude>0.01 then hrp.CFrame=CFrame.new(hrp.Position,hrp.Position+ld.Unit) end task.wait(0.0499)
cam.CFrame=CFrame.new(-17.532,9.033,7.075,0.289052,-0.416286,0.862065,0.000000,0.900504,0.434848,-0.957314,-0.125693,0.260292) cam.FieldOfView=70.00 hum:Move(Vector3.new(-0.889,0,-0.459),true) hrp.AssemblyLinearVelocity=Vector3.new(-14.216,0.010,-7.342) hrp.CFrame=CFrame.new(-28.545,2.197,3.699) local ld=cam.CFrame.LookVector*Vector3.new(1,0,1) if ld.Magnitude>0.01 then hrp.CFrame=CFrame.new(hrp.Position,hrp.Position+ld.Unit) end task.wait(0.0348)
cam.CFrame=CFrame.new(-18.244,9.033,6.711,0.289052,-0.416286,0.862065,0.000000,0.900504,0.434848,-0.957313,-0.125693,0.260292) cam.FieldOfView=70.00 hum:Move(Vector3.new(-0.894,0,-0.449),true) hrp.AssemblyLinearVelocity=Vector3.new(-14.296,0.002,-7.186) hrp.CFrame=CFrame.new(-29.258,2.197,3.337) local ld=cam.CFrame.LookVector*Vector3.new(1,0,1) if ld.Magnitude>0.01 then hrp.CFrame=CFrame.new(hrp.Position,hrp.Position+ld.Unit) end task.wait(0.0490)
cam.CFrame=CFrame.new(-18.960,9.033,6.353,0.289052,-0.416286,0.862065,0.000000,0.900504,0.434848,-0.957314,-0.125693,0.260292) cam.FieldOfView=70.00 hum:Move(Vector3.new(-0.896,0,-0.444),true) hrp.AssemblyLinearVelocity=Vector3.new(-14.336,0.000,-7.106) hrp.CFrame=CFrame.new(-29.975,2.197,2.981) local ld=cam.CFrame.LookVector*Vector3.new(1,0,1) if ld.Magnitude>0.01 then hrp.CFrame=CFrame.new(hrp.Position,hrp.Position+ld.Unit) end task.wait(0.0490)
cam.CFrame=CFrame.new(-19.438,9.033,6.116,0.289052,-0.416286,0.862065,0.000000,0.900504,0.434848,-0.957314,-0.125693,0.260292) cam.FieldOfView=70.00 hum:Move(Vector3.new(-0.896,0,-0.444),true) hrp.AssemblyLinearVelocity=Vector3.new(-14.336,0.000,-7.105) hrp.CFrame=CFrame.new(-30.452,2.197,2.744) local ld=cam.CFrame.LookVector*Vector3.new(1,0,1) if ld.Magnitude>0.01 then hrp.CFrame=CFrame.new(hrp.Position,hrp.Position+ld.Unit) end task.wait(0.0333)
cam.CFrame=CFrame.new(-19.916,9.033,5.879,0.289052,-0.416286,0.862065,0.000000,0.900504,0.434848,-0.957314,-0.125693,0.260292) cam.FieldOfView=70.00 hum:Move(Vector3.new(-0.897,0,-0.441),true) hrp.AssemblyLinearVelocity=Vector3.new(-14.356,0.000,-7.064) hrp.CFrame=CFrame.new(-30.931,2.197,2.508) local ld=cam.CFrame.LookVector*Vector3.new(1,0,1) if ld.Magnitude>0.01 then hrp.CFrame=CFrame.new(hrp.Position,hrp.Position+ld.Unit) end task.wait(0.0438)
cam.CFrame=CFrame.new(-20.515,9.033,5.587,0.289052,-0.416286,0.862065,0.000000,0.900504,0.434848,-0.957314,-0.125693,0.260292) cam.FieldOfView=70.00 hum:Move(Vector3.new(-0.903,0,-0.429),true) hrp.AssemblyLinearVelocity=Vector3.new(-14.453,0.000,-6.863) hrp.CFrame=CFrame.new(-31.652,2.197,2.162) local ld=cam.CFrame.LookVector*Vector3.new(1,0,1) if ld.Magnitude>0.01 then hrp.CFrame=CFrame.new(hrp.Position,hrp.Position+ld.Unit) end task.wait(0.0440)
cam.CFrame=CFrame.new(-21.359,9.033,5.189,0.289052,-0.416286,0.862065,0.000000,0.900504,0.434848,-0.957313,-0.125693,0.260292) cam.FieldOfView=70.00 hum:Move(Vector3.new(-0.906,0,-0.424),true) hrp.AssemblyLinearVelocity=Vector3.new(-14.490,0.000,-6.784) hrp.CFrame=CFrame.new(-32.376,2.197,1.822) local ld=cam.CFrame.LookVector*Vector3.new(1,0,1) if ld.Magnitude>0.01 then hrp.CFrame=CFrame.new(hrp.Position,hrp.Position+ld.Unit) end task.wait(0.0469)
cam.CFrame=CFrame.new(-22.083,9.033,4.849,0.289052,-0.416286,0.862065,0.000000,0.900504,0.434848,-0.957314,-0.125693,0.260292) cam.FieldOfView=70.00 hum:Move(Vector3.new(-0.905,0,-0.426),true) hrp.AssemblyLinearVelocity=Vector3.new(-14.474,0.000,-6.819) hrp.CFrame=CFrame.new(-33.100,2.197,1.482) local ld=cam.CFrame.LookVector*Vector3.new(1,0,1) if ld.Magnitude>0.01 then hrp.CFrame=CFrame.new(hrp.Position,hrp.Position+ld.Unit) end task.wait(0.0483)
cam.CFrame=CFrame.new(-22.566,9.033,4.622,0.289052,-0.416286,0.862065,0.000000,0.900504,0.434848,-0.957314,-0.125693,0.260292) cam.FieldOfView=70.00 hum:Move(Vector3.new(-0.904,0,-0.428),true) hrp.AssemblyLinearVelocity=Vector3.new(-14.460,0.000,-6.849) hrp.CFrame=CFrame.new(-33.582,2.197,1.254) local ld=cam.CFrame.LookVector*Vector3.new(1,0,1) if ld.Magnitude>0.01 then hrp.CFrame=CFrame.new(hrp.Position,hrp.Position+ld.Unit) end task.wait(0.0338)
cam.CFrame=CFrame.new(-23.288,9.033,4.278,0.289052,-0.416286,0.862065,0.000000,0.900504,0.434848,-0.957313,-0.125693,0.260292) cam.FieldOfView=70.00 hum:Move(Vector3.new(-0.900,0,-0.435),true) hrp.AssemblyLinearVelocity=Vector3.new(-14.407,0.000,-6.960) hrp.CFrame=CFrame.new(-34.304,2.197,0.908) local ld=cam.CFrame.LookVector*Vector3.new(1,0,1) if ld.Magnitude>0.01 then hrp.CFrame=CFrame.new(hrp.Position,hrp.Position+ld.Unit) end task.wait(0.0538)
cam.CFrame=CFrame.new(-24.008,9.033,3.930,0.289052,-0.416286,0.862065,0.000000,0.900504,0.434848,-0.957314,-0.125693,0.260292) cam.FieldOfView=70.00 hum:Move(Vector3.new(-0.900,0,-0.436),true) hrp.AssemblyLinearVelocity=Vector3.new(-14.402,0.000,-6.971) hrp.CFrame=CFrame.new(-35.024,2.197,0.560) local ld=cam.CFrame.LookVector*Vector3.new(1,0,1) if ld.Magnitude>0.01 then hrp.CFrame=CFrame.new(hrp.Position,hrp.Position+ld.Unit) end task.wait(0.0476)
cam.CFrame=CFrame.new(-24.728,9.033,3.581,0.289052,-0.416286,0.862065,0.000000,0.900504,0.434848,-0.957313,-0.125693,0.260292) cam.FieldOfView=70.00 hum:Move(Vector3.new(-0.899,0,-0.438),true) hrp.AssemblyLinearVelocity=Vector3.new(-14.386,4.366,-7.004) hrp.CFrame=CFrame.new(-35.744,2.266,0.210) local ld=cam.CFrame.LookVector*Vector3.new(1,0,1) if ld.Magnitude>0.01 then hrp.CFrame=CFrame.new(hrp.Position,hrp.Position+ld.Unit) end task.wait(0.0511)
cam.CFrame=CFrame.new(-25.208,9.227,3.347,0.289052,-0.416286,0.862065,0.000000,0.900504,0.434848,-0.957313,-0.125693,0.260292) cam.FieldOfView=70.00 hum:Move(Vector3.new(-0.898,0,-0.439),true) hrp.AssemblyLinearVelocity=Vector3.new(-14.372,4.410,-7.031) hrp.CFrame=CFrame.new(-36.223,2.483,-0.024) local ld=cam.CFrame.LookVector*Vector3.new(1,0,1) if ld.Magnitude>0.01 then hrp.CFrame=CFrame.new(hrp.Position,hrp.Position+ld.Unit) end task.wait(0.0345)
cam.CFrame=CFrame.new(-25.687,9.431,3.113,0.289052,-0.416286,0.862065,0.000000,0.900504,0.434848,-0.957313,-0.125693,0.260292) cam.FieldOfView=70.00 hum:Move(Vector3.new(-0.893,0,-0.449),true) hrp.AssemblyLinearVelocity=Vector3.new(-14.296,7.802,-7.186) hrp.CFrame=CFrame.new(-36.760,2.776,-0.290) local ld=cam.CFrame.LookVector*Vector3.new(1,0,1) if ld.Magnitude>0.01 then hrp.CFrame=CFrame.new(hrp.Position,hrp.Position+ld.Unit) end task.wait(0.0396)
cam.CFrame=CFrame.new(-26.266,9.861,2.822,0.289052,-0.416286,0.862065,0.000000,0.900504,0.434848,-0.957314,-0.125693,0.260292) cam.FieldOfView=70.00 hum:Move(Vector3.zero,true) hrp.AssemblyLinearVelocity=Vector3.new(-2.661,4.257,-1.338) hrp.CFrame=CFrame.new(-37.089,3.087,-0.456) local ld=cam.CFrame.LookVector*Vector3.new(1,0,1) if ld.Magnitude>0.01 then hrp.CFrame=CFrame.new(hrp.Position,hrp.Position+ld.Unit) end task.wait(0.0376)
cam.CFrame=CFrame.new(-26.323,9.973,2.793,0.289052,-0.416286,0.862065,0.000000,0.900504,0.434848,-0.957314,-0.125693,0.260292) cam.FieldOfView=70.00 hum:Move(Vector3.zero,true) hrp.AssemblyLinearVelocity=Vector3.new(-0.002,1.295,-0.001) hrp.CFrame=CFrame.new(-37.099,3.165,-0.461) local ld=cam.CFrame.LookVector*Vector3.new(1,0,1) if ld.Magnitude>0.01 then hrp.CFrame=CFrame.new(hrp.Position,hrp.Position+ld.Unit) end task.wait(0.0362)
cam.CFrame=CFrame.new(-26.324,10.023,2.793,0.289052,-0.416286,0.862065,0.000000,0.900504,0.434848,-0.957313,-0.125693,0.260292) cam.FieldOfView=70.00 hum:Move(Vector3.zero,true) hrp.AssemblyLinearVelocity=Vector3.new(-0.000,0.210,-0.000) hrp.CFrame=CFrame.new(-37.099,3.192,-0.461) local ld=cam.CFrame.LookVector*Vector3.new(1,0,1) if ld.Magnitude>0.01 then hrp.CFrame=CFrame.new(hrp.Position,hrp.Position+ld.Unit) end task.wait(0.0483)
cam.CFrame=CFrame.new(-26.324,10.030,2.793,0.289052,-0.416286,0.862065,0.000000,0.900504,0.434848,-0.957313,-0.125693,0.260292) cam.FieldOfView=70.00 hum:Move(Vector3.zero,true) hrp.AssemblyLinearVelocity=Vector3.new(-0.000,0.062,-0.000) hrp.CFrame=CFrame.new(-37.099,3.196,-0.461) local ld=cam.CFrame.LookVector*Vector3.new(1,0,1) if ld.Magnitude>0.01 then hrp.CFrame=CFrame.new(hrp.Position,hrp.Position+ld.Unit) end task.wait(0.0341)
cam.CFrame=CFrame.new(-26.324,10.032,2.793,0.289052,-0.416286,0.862065,0.000000,0.900504,0.434848,-0.957313,-0.125693,0.260292) cam.FieldOfView=70.00 hum:Move(Vector3.zero,true) hrp.AssemblyLinearVelocity=Vector3.new(0.000,0.018,0.000) hrp.CFrame=CFrame.new(-37.099,3.197,-0.461) local ld=cam.CFrame.LookVector*Vector3.new(1,0,1) if ld.Magnitude>0.01 then hrp.CFrame=CFrame.new(hrp.Position,hrp.Position+ld.Unit) end task.wait(0.0343)
cam.CFrame=CFrame.new(-26.324,10.033,2.793,0.289052,-0.416286,0.862065,0.000000,0.900504,0.434848,-0.957313,-0.125693,0.260292) cam.FieldOfView=70.00 hum:Move(Vector3.zero,true) hrp.AssemblyLinearVelocity=Vector3.new(0.000,0.005,0.000) hrp.CFrame=CFrame.new(-37.099,3.197,-0.461) local ld=cam.CFrame.LookVector*Vector3.new(1,0,1) if ld.Magnitude>0.01 then hrp.CFrame=CFrame.new(hrp.Position,hrp.Position+ld.Unit) end task.wait(0.0341)
cam.CFrame=CFrame.new(-26.324,10.033,2.793,0.289052,-0.416286,0.862065,0.000000,0.900504,0.434848,-0.957314,-0.125693,0.260292) cam.FieldOfView=70.00 hum:Move(Vector3.zero,true) hrp.AssemblyLinearVelocity=Vector3.new(-0.000,0.001,-0.000) hrp.CFrame=CFrame.new(-37.099,3.197,-0.461) local ld=cam.CFrame.LookVector*Vector3.new(1,0,1) if ld.Magnitude>0.01 then hrp.CFrame=CFrame.new(hrp.Position,hrp.Position+ld.Unit) end task.wait(0.0478)
cam.CFrame=CFrame.new(-26.324,10.033,2.793,0.289052,-0.416286,0.862065,0.000000,0.900504,0.434848,-0.957313,-0.125693,0.260292) cam.FieldOfView=70.00 hum:Move(Vector3.zero,true) hrp.AssemblyLinearVelocity=Vector3.new(-0.000,0.000,-0.000) hrp.CFrame=CFrame.new(-37.099,3.197,-0.461) local ld=cam.CFrame.LookVector*Vector3.new(1,0,1) if ld.Magnitude>0.01 then hrp.CFrame=CFrame.new(hrp.Position,hrp.Position+ld.Unit) end task.wait(0.0549)
cam.CFrame=CFrame.new(-26.539,10.033,2.769,0.289052,-0.416286,0.862065,0.000000,0.900504,0.434848,-0.957314,-0.125693,0.260292) cam.FieldOfView=70.00 hum:Move(Vector3.new(-0.994,0,-0.112),true) hrp.AssemblyLinearVelocity=Vector3.new(-15.272,0.000,-1.728) hrp.CFrame=CFrame.new(-37.550,3.197,-0.510) local ld=cam.CFrame.LookVector*Vector3.new(1,0,1) if ld.Magnitude>0.01 then hrp.CFrame=CFrame.new(hrp.Position,hrp.Position+ld.Unit) end task.wait(0.0466)
cam.CFrame=CFrame.new(-27.038,10.033,2.711,0.289052,-0.416286,0.862065,0.000000,0.900504,0.434848,-0.957314,-0.125693,0.260292) cam.FieldOfView=70.00 hum:Move(Vector3.new(-0.992,0,-0.127),true) hrp.AssemblyLinearVelocity=Vector3.new(-15.867,0.000,-2.042) hrp.CFrame=CFrame.new(-38.079,3.197,-0.576) local ld=cam.CFrame.LookVector*Vector3.new(1,0,1) if ld.Magnitude>0.01 then hrp.CFrame=CFrame.new(hrp.Position,hrp.Position+ld.Unit) end task.wait(0.0354)
cam.CFrame=CFrame.new(-27.832,10.033,2.607,0.289052,-0.416286,0.862065,0.000000,0.900504,0.434848,-0.957313,-0.125693,0.260292) cam.FieldOfView=70.00 hum:Move(Vector3.new(-0.990,0,-0.144),true) hrp.AssemblyLinearVelocity=Vector3.new(-15.832,0.000,-2.307) hrp.CFrame=CFrame.new(-38.871,3.197,-0.685) local ld=cam.CFrame.LookVector*Vector3.new(1,0,1) if ld.Magnitude>0.01 then hrp.CFrame=CFrame.new(hrp.Position,hrp.Position+ld.Unit) end task.wait(0.0499)
cam.CFrame=CFrame.new(-28.623,10.033,2.488,0.289052,-0.416286,0.862065,0.000000,0.900504,0.434848,-0.957314,-0.125693,0.260292) cam.FieldOfView=70.00 hum:Move(Vector3.new(-0.988,0,-0.153),true) hrp.AssemblyLinearVelocity=Vector3.new(-15.811,0.000,-2.449) hrp.CFrame=CFrame.new(-39.662,3.197,-0.806) local ld=cam.CFrame.LookVector*Vector3.new(1,0,1) if ld.Magnitude>0.01 then hrp.CFrame=CFrame.new(hrp.Position,hrp.Position+ld.Unit) end task.wait(0.0484)
cam.CFrame=CFrame.new(-29.150,10.033,2.407,0.289052,-0.416286,0.862065,0.000000,0.900504,0.434848,-0.957314,-0.125693,0.260292) cam.FieldOfView=70.00 hum:Move(Vector3.new(-0.988,0,-0.153),true) hrp.AssemblyLinearVelocity=Vector3.new(-15.811,0.000,-2.453) hrp.CFrame=CFrame.new(-40.189,3.197,-0.888) local ld=cam.CFrame.LookVector*Vector3.new(1,0,1) if ld.Magnitude>0.01 then hrp.CFrame=CFrame.new(hrp.Position,hrp.Position+ld.Unit) end task.wait(0.0339)
cam.CFrame=CFrame.new(-29.940,10.033,2.284,0.289052,-0.416286,0.862065,0.000000,0.900504,0.434848,-0.957313,-0.125693,0.260292) cam.FieldOfView=70.00 hum:Move(Vector3.new(-0.988,0,-0.153),true) hrp.AssemblyLinearVelocity=Vector3.new(-15.811,0.000,-2.452) hrp.CFrame=CFrame.new(-40.980,3.197,-1.010) local ld=cam.CFrame.LookVector*Vector3.new(1,0,1) if ld.Magnitude>0.01 then hrp.CFrame=CFrame.new(hrp.Position,hrp.Position+ld.Unit) end task.wait(0.0478)
cam.CFrame=CFrame.new(-30.467,10.033,2.203,0.289052,-0.416286,0.862065,0.000000,0.900504,0.434848,-0.957313,-0.125693,0.260292) cam.FieldOfView=70.00 hum:Move(Vector3.new(-0.988,0,-0.153),true) hrp.AssemblyLinearVelocity=Vector3.new(-15.811,-5.489,-2.452) hrp.CFrame=CFrame.new(-41.507,3.120,-1.092) local ld=cam.CFrame.LookVector*Vector3.new(1,0,1) if ld.Magnitude>0.01 then hrp.CFrame=CFrame.new(hrp.Position,hrp.Position+ld.Unit) end task.wait(0.0340)
