-- V23 Reverse (mundur dari awal)
local RunService=game:GetService("RunService")
local lp=game.Players.LocalPlayer
local cam=workspace.CurrentCamera
local char=lp.Character or lp.CharacterAdded:Wait()
local hrp=char:WaitForChild("HumanoidRootPart")
local hum=char:WaitForChild("Humanoid")
hum.AutoRotate=false
cam.CameraType=Enum.CameraType.Scriptable
local frames={{Pos=Vector3.new(-61.771,3.197,-3.387),Vel=Vector3.new(0.000,-0.000,-0.000),Move=Vector3.new(-0.000,0,-0.000),Jump=false,CFrame=CFrame.new(-73.199,9.192,-5.522,0.183695,-0.361286,0.914182,0.000000,0.930008,0.367540,-0.982983,-0.067515,0.170837),FOV=70.00,Time=0.0000},{Pos=Vector3.new(-61.771,3.197,-3.387),Vel=Vector3.new(0.000,-0.000,-0.000),Move=Vector3.new(-0.000,0,-0.000),Jump=false,CFrame=CFrame.new(-73.199,9.192,-5.522,0.183695,-0.361286,0.914182,0.000000,0.930008,0.367540,-0.982983,-0.067515,0.170837),FOV=70.00,Time=0.0163},{Pos=Vector3.new(-61.771,3.197,-3.387),Vel=Vector3.new(0.000,-0.000,-0.000),Move=Vector3.new(-0.000,0,-0.000),Jump=false,CFrame=CFrame.new(-73.199,9.192,-5.522,0.183695,-0.361286,0.914182,0.000000,0.930008,0.367540,-0.982983,-0.067515,0.170837),FOV=70.00,Time=0.0334},{Pos=Vector3.new(-61.771,3.197,-3.387),Vel=Vector3.new(0.000,-0.000,-0.000),Move=Vector3.new(-0.000,0,-0.000),Jump=false,CFrame=CFrame.new(-73.199,9.192,-5.522,0.183695,-0.361286,0.914182,0.000000,0.930008,0.367540,-0.982983,-0.067515,0.170837),FOV=70.00,Time=0.0501},{Pos=Vector3.new(-61.771,3.197,-3.387),Vel=Vector3.new(0.000,-0.000,-0.000),Move=Vector3.new(-0.000,0,-0.000),Jump=false,CFrame=CFrame.new(-73.199,9.192,-5.522,0.183695,-0.361286,0.914182,0.000000,0.930008,0.367540,-0.982983,-0.067515,0.170837),FOV=70.00,Time=0.0667},{Pos=Vector3.new(-61.771,3.197,-3.387),Vel=Vector3.new(0.000,-0.000,-0.000),Move=Vector3.new(-0.000,0,-0.000),Jump=false,CFrame=CFrame.new(-73.199,9.192,-5.522,0.183695,-0.361286,0.914182,0.000000,0.930008,0.367540,-0.982983,-0.067515,0.170837),FOV=70.00,Time=0.0835},{Pos=Vector3.new(-61.771,3.197,-3.387),Vel=Vector3.new(0.000,-0.000,-0.000),Move=Vector3.new(-0.000,0,-0.000),Jump=false,CFrame=CFrame.new(-73.199,9.192,-5.522,0.183695,-0.361286,0.914182,0.000000,0.930008,0.367540,-0.982983,-0.067515,0.170837),FOV=70.00,Time=0.1001},{Pos=Vector3.new(-61.771,3.197,-3.387),Vel=Vector3.new(0.000,-0.000,-0.000),Move=Vector3.new(-0.000,0,-0.000),Jump=false,CFrame=CFrame.new(-73.199,9.192,-5.522,0.183695,-0.361286,0.914182,0.000000,0.930008,0.367540,-0.982983,-0.067515,0.170837),FOV=70.00,Time=0.1167},{Pos=Vector3.new(-61.771,3.197,-3.387),Vel=Vector3.new(-0.000,-0.000,0.000),Move=Vector3.new(-0.000,0,-0.000),Jump=false,CFrame=CFrame.new(-73.199,9.192,-5.522,0.183695,-0.361286,0.914182,0.000000,0.930008,0.367540,-0.982983,-0.067515,0.170837),FOV=70.00,Time=0.1354},{Pos=Vector3.new(-61.771,3.197,-3.387),Vel=Vector3.new(-0.000,-0.000,0.000),Move=Vector3.new(-0.000,0,-0.000),Jump=false,CFrame=CFrame.new(-73.199,9.192,-5.522,0.183695,-0.361286,0.914182,0.000000,0.930008,0.367540,-0.982983,-0.067515,0.170837),FOV=70.00,Time=0.1498},{Pos=Vector3.new(-61.771,3.197,-3.387),Vel=Vector3.new(-0.000,-0.000,0.000),Move=Vector3.new(-0.000,0,-0.000),Jump=false,CFrame=CFrame.new(-73.199,9.192,-5.522,0.183695,-0.361286,0.914182,0.000000,0.930008,0.367540,-0.982983,-0.067515,0.170837),FOV=70.00,Time=0.1667},{Pos=Vector3.new(-61.771,3.197,-3.387),Vel=Vector3.new(-0.000,-0.000,0.000),Move=Vector3.new(-0.000,0,-0.000),Jump=false,CFrame=CFrame.new(-73.199,9.192,-5.522,0.183695,-0.361286,0.914182,0.000000,0.930008,0.367540,-0.982983,-0.067515,0.170837),FOV=70.00,Time=0.1835},{Pos=Vector3.new(-61.771,3.197,-3.387),Vel=Vector3.new(0.000,-0.000,-0.000),Move=Vector3.new(-0.000,0,-0.000),Jump=false,CFrame=CFrame.new(-73.199,9.192,-5.522,0.183695,-0.361286,0.914182,0.000000,0.930008,0.367540,-0.982983,-0.067515,0.170837),FOV=70.00,Time=0.2002},{Pos=Vector3.new(-61.771,3.197,-3.387),Vel=Vector3.new(0.000,-0.000,-0.000),Move=Vector3.new(-0.000,0,-0.000),Jump=false,CFrame=CFrame.new(-73.199,9.192,-5.522,0.183695,-0.361286,0.914182,0.000000,0.930008,0.367540,-0.982983,-0.067515,0.170837),FOV=70.00,Time=0.2168},{Pos=Vector3.new(-61.771,3.197,-3.387),Vel=Vector3.new(0.000,-0.000,-0.000),Move=Vector3.new(-0.000,0,-0.000),Jump=false,CFrame=CFrame.new(-73.199,9.192,-5.522,0.183695,-0.361286,0.914182,0.000000,0.930008,0.367540,-0.982983,-0.067515,0.170837),FOV=70.00,Time=0.2335},{Pos=Vector3.new(-61.771,3.197,-3.387),Vel=Vector3.new(0.000,-0.000,-0.000),Move=Vector3.new(-0.000,0,-0.000),Jump=false,CFrame=CFrame.new(-73.199,9.192,-5.522,0.183695,-0.361286,0.914182,0.000000,0.930008,0.367540,-0.982983,-0.067515,0.170837),FOV=70.00,Time=0.2504},{Pos=Vector3.new(-61.771,3.197,-3.387),Vel=Vector3.new(0.000,-0.000,-0.000),Move=Vector3.new(-0.000,0,-0.000),Jump=false,CFrame=CFrame.new(-73.199,9.192,-5.522,0.183695,-0.361286,0.914182,0.000000,0.930008,0.367540,-0.982983,-0.067515,0.170837),FOV=70.00,Time=0.2667},{Pos=Vector3.new(-61.771,3.197,-3.387),Vel=Vector3.new(0.000,-0.000,-0.000),Move=Vector3.new(-0.000,0,-0.000),Jump=false,CFrame=CFrame.new(-73.199,9.192,-5.522,0.183695,-0.361286,0.914182,0.000000,0.930008,0.367540,-0.982983,-0.067515,0.170837),FOV=70.00,Time=0.2835},{Pos=Vector3.new(-61.771,3.197,-3.387),Vel=Vector3.new(0.000,-0.000,-0.000),Move=Vector3.new(-0.000,0,-0.000),Jump=false,CFrame=CFrame.new(-73.199,9.192,-5.522,0.183695,-0.361286,0.914182,0.000000,0.930008,0.367540,-0.982983,-0.067515,0.170837),FOV=70.00,Time=0.3002},{Pos=Vector3.new(-61.771,3.197,-3.387),Vel=Vector3.new(0.000,-0.000,-0.000),Move=Vector3.new(-0.000,0,-0.000),Jump=false,CFrame=CFrame.new(-73.199,9.192,-5.522,0.183695,-0.361286,0.914182,0.000000,0.930008,0.367540,-0.982983,-0.067515,0.170837),FOV=70.00,Time=0.3169},{Pos=Vector3.new(-61.771,3.197,-3.387),Vel=Vector3.new(0.000,-0.000,-0.000),Move=Vector3.new(-0.000,0,-0.000),Jump=false,CFrame=CFrame.new(-73.199,9.192,-5.522,0.183695,-0.361286,0.914182,0.000000,0.930008,0.367540,-0.982983,-0.067515,0.170837),FOV=70.00,Time=0.3335},{Pos=Vector3.new(-61.771,3.197,-3.387),Vel=Vector3.new(0.000,-0.000,-0.000),Move=Vector3.new(-0.000,0,-0.000),Jump=false,CFrame=CFrame.new(-73.199,9.192,-5.522,0.183695,-0.361286,0.914182,0.000000,0.930008,0.367540,-0.982983,-0.067515,0.170837),FOV=70.00,Time=0.3502},{Pos=Vector3.new(-61.771,3.197,-3.387),Vel=Vector3.new(0.000,-0.000,-0.000),Move=Vector3.new(-0.000,0,-0.000),Jump=false,CFrame=CFrame.new(-73.199,9.192,-5.522,0.183695,-0.361286,0.914182,0.000000,0.930008,0.367540,-0.982983,-0.067515,0.170837),FOV=70.00,Time=0.3668},{Pos=Vector3.new(-61.771,3.197,-3.387),Vel=Vector3.new(0.000,-0.000,-0.000),Move=Vector3.new(-0.000,0,-0.000),Jump=false,CFrame=CFrame.new(-73.199,9.192,-5.522,0.183695,-0.361286,0.914182,0.000000,0.930008,0.367540,-0.982983,-0.067515,0.170837),FOV=70.00,Time=0.3836},{Pos=Vector3.new(-61.771,3.197,-3.387),Vel=Vector3.new(0.000,-0.000,-0.000),Move=Vector3.new(-0.000,0,-0.000),Jump=false,CFrame=CFrame.new(-73.199,9.192,-5.522,0.183695,-0.361286,0.914182,0.000000,0.930008,0.367540,-0.982983,-0.067515,0.170837),FOV=70.00,Time=0.4003},{Pos=Vector3.new(-61.771,3.197,-3.387),Vel=Vector3.new(0.000,-0.000,-0.000),Move=Vector3.new(-0.000,0,-0.000),Jump=false,CFrame=CFrame.new(-73.199,9.192,-5.522,0.183695,-0.361286,0.914182,0.000000,0.930008,0.367540,-0.982983,-0.067515,0.170837),FOV=70.00,Time=0.4167},{Pos=Vector3.new(-61.771,3.197,-3.387),Vel=Vector3.new(0.000,-0.000,-0.000),Move=Vector3.new(-0.000,0,-0.000),Jump=false,CFrame=CFrame.new(-73.199,9.192,-5.522,0.183695,-0.361286,0.914182,0.000000,0.930008,0.367540,-0.982983,-0.067515,0.170837),FOV=70.00,Time=0.4336},{Pos=Vector3.new(-61.771,3.197,-3.387),Vel=Vector3.new(0.000,-0.000,-0.000),Move=Vector3.new(-0.000,0,-0.000),Jump=false,CFrame=CFrame.new(-73.199,9.192,-5.522,0.183695,-0.361286,0.914182,0.000000,0.930008,0.367540,-0.982983,-0.067515,0.170837),FOV=70.00,Time=0.4503},{Pos=Vector3.new(-61.771,3.197,-3.387),Vel=Vector3.new(0.000,-0.000,-0.000),Move=Vector3.new(-0.000,0,-0.000),Jump=false,CFrame=CFrame.new(-73.199,9.192,-5.522,0.183695,-0.361286,0.914182,0.000000,0.930008,0.367540,-0.982983,-0.067515,0.170837),FOV=70.00,Time=0.4669},{Pos=Vector3.new(-61.771,3.197,-3.387),Vel=Vector3.new(0.000,-0.000,-0.000),Move=Vector3.new(-0.000,0,-0.000),Jump=false,CFrame=CFrame.new(-73.199,9.192,-5.522,0.183695,-0.361286,0.914182,0.000000,0.930008,0.367540,-0.982983,-0.067515,0.170837),FOV=70.00,Time=0.4839},{Pos=Vector3.new(-61.771,3.197,-3.387),Vel=Vector3.new(-0.000,-0.000,0.000),Move=Vector3.new(-0.000,0,-0.000),Jump=false,CFrame=CFrame.new(-73.199,9.192,-5.522,0.183695,-0.361286,0.914182,0.000000,0.930008,0.367540,-0.982983,-0.067515,0.170837),FOV=70.00,Time=0.5002},{Pos=Vector3.new(-61.771,3.197,-3.387),Vel=Vector3.new(-0.000,-0.000,0.000),Move=Vector3.new(-0.000,0,-0.000),Jump=false,CFrame=CFrame.new(-73.199,9.192,-5.522,0.183695,-0.361286,0.914182,0.000000,0.930008,0.367540,-0.982983,-0.067515,0.170837),FOV=70.00,Time=0.5170},{Pos=Vector3.new(-61.771,3.197,-3.387),Vel=Vector3.new(-0.000,-0.000,0.000),Move=Vector3.new(-0.000,0,-0.000),Jump=false,CFrame=CFrame.new(-73.199,9.192,-5.522,0.183695,-0.361286,0.914182,0.000000,0.930008,0.367540,-0.982983,-0.067515,0.170837),FOV=70.00,Time=0.5336},{Pos=Vector3.new(-61.771,3.197,-3.387),Vel=Vector3.new(-0.000,-0.000,0.000),Move=Vector3.new(-0.000,0,-0.000),Jump=false,CFrame=CFrame.new(-73.199,9.192,-5.522,0.183695,-0.361286,0.914182,0.000000,0.930008,0.367540,-0.982983,-0.067515,0.170837),FOV=70.00,Time=0.5501},{Pos=Vector3.new(-61.771,3.197,-3.387),Vel=Vector3.new(0.000,-0.000,-0.000),Move=Vector3.new(-0.000,0,-0.000),Jump=false,CFrame=CFrame.new(-73.199,9.192,-5.522,0.183695,-0.361286,0.914182,0.000000,0.930008,0.367540,-0.982983,-0.067515,0.170837),FOV=70.00,Time=0.5668},{Pos=Vector3.new(-61.771,3.197,-3.387),Vel=Vector3.new(0.000,-0.000,-0.000),Move=Vector3.new(-0.000,0,-0.000),Jump=false,CFrame=CFrame.new(-73.199,9.192,-5.522,0.183695,-0.361286,0.914182,0.000000,0.930008,0.367540,-0.982983,-0.067515,0.170837),FOV=70.00,Time=0.5834},{Pos=Vector3.new(-61.771,3.197,-3.387),Vel=Vector3.new(0.000,-0.000,-0.000),Move=Vector3.new(-0.000,0,-0.000),Jump=false,CFrame=CFrame.new(-73.199,9.192,-5.522,0.183695,-0.361286,0.914182,0.000000,0.930008,0.367540,-0.982983,-0.067515,0.170837),FOV=70.00,Time=0.6002},{Pos=Vector3.new(-61.771,3.197,-3.387),Vel=Vector3.new(0.000,-0.000,-0.000),Move=Vector3.new(-0.000,0,-0.000),Jump=false,CFrame=CFrame.new(-73.199,9.192,-5.522,0.183695,-0.361286,0.914182,0.000000,0.930008,0.367540,-0.982983,-0.067515,0.170837),FOV=70.00,Time=0.6168},{Pos=Vector3.new(-61.771,3.197,-3.387),Vel=Vector3.new(0.000,-0.000,-0.000),Move=Vector3.new(-0.000,0,-0.000),Jump=false,CFrame=CFrame.new(-73.199,9.192,-5.522,0.183695,-0.361286,0.914182,0.000000,0.930008,0.367540,-0.982983,-0.067515,0.170837),FOV=70.00,Time=0.6334},{Pos=Vector3.new(-61.771,3.197,-3.387),Vel=Vector3.new(0.000,-0.000,-0.000),Move=Vector3.new(-0.000,0,-0.000),Jump=false,CFrame=CFrame.new(-73.199,9.192,-5.522,0.183695,-0.361286,0.914182,0.000000,0.930008,0.367540,-0.982983,-0.067515,0.170837),FOV=70.00,Time=0.6501},{Pos=Vector3.new(-61.707,3.197,-3.375),Vel=Vector3.new(-5.120,-0.000,-0.959),Move=Vector3.new(-0.983,0,-0.184),Jump=false,CFrame=CFrame.new(-73.199,9.192,-5.522,0.183695,-0.361286,0.914182,0.000000,0.930008,0.367540,-0.982983,-0.067515,0.170837),FOV=70.00,Time=0.6668},{Pos=Vector3.new(-61.557,3.197,-3.354),Vel=Vector3.new(-10.315,-0.000,-1.330),Move=Vector3.new(-0.994,0,-0.107),Jump=false,CFrame=CFrame.new(-73.135,9.192,-5.510,0.183695,-0.361286,0.914182,0.000000,0.930008,0.367540,-0.982983,-0.067515,0.170837),FOV=70.00,Time=0.6851},{Pos=Vector3.new(-61.322,3.197,-3.336),Vel=Vector3.new(-15.308,-0.000,-1.084),Move=Vector3.new(-0.998,0,-0.065),Jump=false,CFrame=CFrame.new(-72.984,9.192,-5.490,0.183695,-0.361286,0.914182,0.000000,0.930008,0.367540,-0.982983,-0.067515,0.170837),FOV=70.00,Time=0.7005},{Pos=Vector3.new(-61.056,3.197,-3.322),Vel=Vector3.new(-15.965,-0.000,-0.779),Move=Vector3.new(-0.999,0,-0.048),Jump=false,CFrame=CFrame.new(-72.749,9.192,-5.471,0.183695,-0.361286,0.914182,0.000000,0.930008,0.367540,-0.982983,-0.067515,0.170837),FOV=70.00,Time=0.7172},{Pos=Vector3.new(-60.790,3.197,-3.311),Vel=Vector3.new(-15.982,-0.000,-0.706),Move=Vector3.new(-0.999,0,-0.043),Jump=false,CFrame=CFrame.new(-72.484,9.192,-5.458,0.183695,-0.361286,0.914182,0.000000,0.930008,0.367540,-0.982983,-0.067515,0.170837),FOV=70.00,Time=0.7339},{Pos=Vector3.new(-60.523,3.197,-3.300),Vel=Vector3.new(-15.985,-0.000,-0.640),Move=Vector3.new(-0.999,0,-0.039),Jump=false,CFrame=CFrame.new(-72.217,9.192,-5.446,0.183695,-0.361286,0.914182,0.000000,0.930008,0.367540,-0.982983,-0.067515,0.170837),FOV=70.00,Time=0.7503},{Pos=Vector3.new(-60.257,3.197,-3.289),Vel=Vector3.new(-15.985,-0.000,-0.652),Move=Vector3.new(-0.999,0,-0.040),Jump=false,CFrame=CFrame.new(-71.951,9.192,-5.436,0.183695,-0.361286,0.914182,0.000000,0.930008,0.367540,-0.982983,-0.067515,0.170837),FOV=70.00,Time=0.7677},{Pos=Vector3.new(-59.991,3.197,-3.278),Vel=Vector3.new(-15.983,-0.000,-0.725),Move=Vector3.new(-0.999,0,-0.045),Jump=false,CFrame=CFrame.new(-71.684,9.192,-5.425,0.183695,-0.361286,0.914182,0.000000,0.930008,0.367540,-0.982983,-0.067515,0.170837),FOV=70.00,Time=0.7841},{Pos=Vector3.new(-59.724,3.197,-3.265),Vel=Vector3.new(-15.980,-0.000,-0.780),Move=Vector3.new(-0.999,0,-0.048),Jump=false,CFrame=CFrame.new(-71.418,9.192,-5.413,0.183695,-0.361286,0.914182,0.000000,0.930008,0.367540,-0.982983,-0.067515,0.170837),FOV=70.00,Time=0.7999},{Pos=Vector3.new(-59.458,3.197,-3.251),Vel=Vector3.new(-15.978,-0.000,-0.821),Move=Vector3.new(-0.999,0,-0.051),Jump=false,CFrame=CFrame.new(-71.151,9.192,-5.400,0.183695,-0.361286,0.914182,0.000000,0.930008,0.367540,-0.982983,-0.067515,0.170837),FOV=70.00,Time=0.8170},{Pos=Vector3.new(-59.192,3.197,-3.236),Vel=Vector3.new(-15.975,-0.000,-0.888),Move=Vector3.new(-0.998,0,-0.055),Jump=false,CFrame=CFrame.new(-70.885,9.192,-5.387,0.183695,-0.361286,0.914182,0.000000,0.930008,0.367540,-0.982983,-0.067515,0.170837),FOV=70.00,Time=0.8340},{Pos=Vector3.new(-58.925,3.120,-3.221),Vel=Vector3.new(-15.974,5.489,-0.913),Move=Vector3.new(-0.998,0,-0.057),Jump=false,CFrame=CFrame.new(-70.619,9.192,-5.372,0.183695,-0.361286,0.914182,0.000000,0.930008,0.367540,-0.982983,-0.067515,0.170837),FOV=70.00,Time=0.8503},{Pos=Vector3.new(-58.659,2.987,-3.205),Vel=Vector3.new(-15.969,8.759,-0.987),Move=Vector3.new(-0.998,0,-0.062),Jump=false,CFrame=CFrame.new(-70.353,9.114,-5.357,0.183695,-0.361286,0.914182,0.000000,0.930008,0.367540,-0.982983,-0.067515,0.170837),FOV=70.00,Time=0.8670},{Pos=Vector3.new(-58.393,2.800,-3.184),Vel=Vector3.new(-15.950,12.029,-1.264),Move=Vector3.new(-0.997,0,-0.079),Jump=false,CFrame=CFrame.new(-70.087,8.982,-5.340,0.183695,-0.361286,0.914182,0.000000,0.930008,0.367540,-0.982983,-0.067515,0.170837),FOV=70.00,Time=0.8839},{Pos=Vector3.new(-58.128,2.559,-3.161),Vel=Vector3.new(-15.936,15.299,-1.426),Move=Vector3.new(-0.996,0,-0.089),Jump=false,CFrame=CFrame.new(-69.821,8.795,-5.320,0.183695,-0.361286,0.914182,0.000000,0.930008,0.367540,-0.982983,-0.067515,0.170837),FOV=70.00,Time=0.9005},{Pos=Vector3.new(-57.862,2.530,-3.135),Vel=Vector3.new(-15.928,-0.243,-1.514),Move=Vector3.new(-0.996,0,-0.095),Jump=false,CFrame=CFrame.new(-69.555,8.553,-5.296,0.183695,-0.361286,0.914182,0.000000,0.930008,0.367540,-0.982983,-0.067515,0.170837),FOV=70.00,Time=0.9169},{Pos=Vector3.new(-57.597,2.475,-3.108),Vel=Vector3.new(-15.917,4.114,-1.625),Move=Vector3.new(-0.995,0,-0.102),Jump=false,CFrame=CFrame.new(-69.290,8.524,-5.271,0.183695,-0.361286,0.914182,0.000000,0.930008,0.367540,-0.982983,-0.067515,0.170837),FOV=70.00,Time=0.9336},{Pos=Vector3.new(-57.332,2.365,-3.080),Vel=Vector3.new(-15.907,7.428,-1.726),Move=Vector3.new(-0.994,0,-0.108),Jump=false,CFrame=CFrame.new(-68.985,8.681,-4.970,0.161333,-0.379464,0.911032,0.000000,0.923125,0.384501,-0.986900,-0.062032,0.148930),FOV=70.00,Time=0.9503},{Pos=Vector3.new(-57.066,2.200,-3.054),Vel=Vector3.new(-15.927,10.698,-1.530),Move=Vector3.new(-0.995,0,-0.095),Jump=false,CFrame=CFrame.new(-68.649,8.899,-4.425,0.118046,-0.407850,0.905386,0.000000,0.911761,0.410722,-0.993008,-0.048484,0.107630),FOV=70.00,Time=0.9686},{Pos=Vector3.new(-56.801,2.083,-3.034),Vel=Vector3.new(-15.955,1.687,-1.198),Move=Vector3.new(-0.997,0,-0.074),Jump=false,CFrame=CFrame.new(-68.292,9.030,-3.921,0.077008,-0.433099,0.898051,-0.000000,0.900726,0.434388,-0.997030,-0.033452,0.069363),FOV=70.00,Time=0.9838},{Pos=Vector3.new(-56.534,2.118,-3.018),Vel=Vector3.new(-15.972,-2.429,-0.936),Move=Vector3.new(-0.998,0,-0.058),Jump=false,CFrame=CFrame.new(-67.981,9.038,-3.654,0.055384,-0.443696,0.894464,-0.000000,0.895840,0.444378,-0.998465,-0.024612,0.049615),FOV=70.00,Time=0.9999},{Pos=Vector3.new(-56.268,2.152,-3.001),Vel=Vector3.new(-15.968,-1.837,-1.008),Move=Vector3.new(-0.998,0,-0.063),Jump=false,CFrame=CFrame.new(-67.691,9.135,-3.486,0.041876,-0.449018,0.892541,-0.000000,0.893325,0.449412,-0.999123,-0.018819,0.037409),FOV=70.00,Time=1.0166},{Pos=Vector3.new(-56.002,2.173,-2.982),Vel=Vector3.new(-15.958,-1.070,-1.155),Move=Vector3.new(-0.997,0,-0.072),Jump=false,CFrame=CFrame.new(-67.404,9.223,-3.270,0.024151,-0.453582,0.890887,-0.000000,0.891147,0.453714,-0.999708,-0.010958,0.021522),FOV=70.00,Time=1.0335},{Pos=Vector3.new(-55.736,2.184,-2.962),Vel=Vector3.new(-15.954,-0.587,-1.210),Move=Vector3.new(-0.997,0,-0.076),Jump=false,CFrame=CFrame.new(-67.133,9.259,-3.152,0.015298,-0.454864,0.890429,-0.000000,0.890534,0.454917,-0.999883,-0.006960,0.013624),FOV=70.00,Time=1.0502},{Pos=Vector3.new(-55.471,2.190,-2.940),Vel=Vector3.new(-15.942,-0.317,-1.364),Move=Vector3.new(-0.996,0,-0.085),Jump=false,CFrame=CFrame.new(-66.868,9.270,-3.060,0.008771,-0.454897,0.890501,-0.000000,0.890535,0.454915,-0.999961,-0.003990,0.007811),FOV=70.00,Time=1.0669},{Pos=Vector3.new(-55.205,2.194,-2.915),Vel=Vector3.new(-15.930,-0.170,-1.493),Move=Vector3.new(-0.996,0,-0.093),Jump=false,CFrame=CFrame.new(-66.602,9.277,-3.029,0.008030,-0.454902,0.890505,-0.000000,0.890534,0.454917,-0.999968,-0.003653,0.007151),FOV=70.00,Time=1.0836},{Pos=Vector3.new(-54.940,2.195,-2.886),Vel=Vector3.new(-15.906,-0.091,-1.728),Move=Vector3.new(-0.994,0,-0.108),Jump=false,CFrame=CFrame.new(-66.336,9.280,-3.004,0.008030,-0.454902,0.890505,-0.000000,0.890534,0.454917,-0.999968,-0.003653,0.007151),FOV=70.00,Time=1.1003},{Pos=Vector3.new(-54.676,2.196,-2.852),Vel=Vector3.new(-15.863,-0.049,-2.086),Move=Vector3.new(-0.991,0,-0.131),Jump=false,CFrame=CFrame.new(-66.071,9.282,-2.976,0.008030,-0.454902,0.890505,-0.000000,0.890534,0.454917,-0.999968,-0.003653,0.007151),FOV=70.00,Time=1.1169},{Pos=Vector3.new(-54.412,2.197,-2.813),Vel=Vector3.new(-15.832,-0.026,-2.313),Move=Vector3.new(-0.989,0,-0.145),Jump=false,CFrame=CFrame.new(-65.807,9.283,-2.941,0.008030,-0.454902,0.890505,-0.000000,0.890534,0.454917,-0.999968,-0.003653,0.007151),FOV=70.00,Time=1.1336},{Pos=Vector3.new(-54.148,2.197,-2.773),Vel=Vector3.new(-15.814,-0.014,-2.430),Move=Vector3.new(-0.988,0,-0.152),Jump=false,CFrame=CFrame.new(-65.543,9.283,-2.903,0.008030,-0.454902,0.890505,-0.000000,0.890534,0.454917,-0.999968,-0.003653,0.007151),FOV=70.00,Time=1.1502},{Pos=Vector3.new(-53.885,2.197,-2.732),Vel=Vector3.new(-15.807,-0.008,-2.478),Move=Vector3.new(-0.988,0,-0.155),Jump=false,CFrame=CFrame.new(-65.280,9.284,-2.838,0.005848,-0.454909,0.890519,-0.000000,0.890534,0.454916,-0.999983,-0.002660,0.005208),FOV=70.00,Time=1.1669},{Pos=Vector3.new(-53.621,2.197,-2.691),Vel=Vector3.new(-15.811,-0.004,-2.453),Move=Vector3.new(-0.988,0,-0.153),Jump=false,CFrame=CFrame.new(-65.016,9.284,-2.797,0.005848,-0.454909,0.890519,-0.000000,0.890534,0.454916,-0.999983,-0.002660,0.005208),FOV=70.00,Time=1.1837},{Pos=Vector3.new(-53.358,2.197,-2.650),Vel=Vector3.new(-15.811,-0.002,-2.452),Move=Vector3.new(-0.988,0,-0.153),Jump=false,CFrame=CFrame.new(-64.753,9.284,-2.756,0.005848,-0.454909,0.890519,-0.000000,0.890534,0.454916,-0.999983,-0.002660,0.005208),FOV=70.00,Time=1.2004},{Pos=Vector3.new(-53.094,2.197,-2.608),Vel=Vector3.new(-15.805,-0.001,-2.490),Move=Vector3.new(-0.988,0,-0.156),Jump=false,CFrame=CFrame.new(-64.489,9.284,-2.715,0.005848,-0.454909,0.890519,-0.000000,0.890534,0.454916,-0.999983,-0.002660,0.005208),FOV=70.00,Time=1.2170},{Pos=Vector3.new(-52.831,2.197,-2.566),Vel=Vector3.new(-15.793,-0.001,-2.565),Move=Vector3.new(-0.987,0,-0.161),Jump=false,CFrame=CFrame.new(-64.226,9.284,-2.673,0.005848,-0.454909,0.890519,-0.000000,0.890534,0.454916,-0.999983,-0.002660,0.005208),FOV=70.00,Time=1.2335},{Pos=Vector3.new(-52.568,2.197,-2.522),Vel=Vector3.new(-15.789,-0.000,-2.591),Move=Vector3.new(-0.987,0,-0.162),Jump=false,CFrame=CFrame.new(-63.962,9.284,-2.631,0.005848,-0.454907,0.890520,-0.000000,0.890535,0.454915,-0.999983,-0.002660,0.005208),FOV=70.00,Time=1.2502},{Pos=Vector3.new(-52.305,2.197,-2.477),Vel=Vector3.new(-15.760,-0.000,-2.759),Move=Vector3.new(-0.985,0,-0.173),Jump=false,CFrame=CFrame.new(-63.699,9.284,-2.588,0.005848,-0.454907,0.890520,-0.000000,0.890535,0.454915,-0.999983,-0.002660,0.005208),FOV=70.00,Time=1.2669},{Pos=Vector3.new(-52.043,2.197,-2.430),Vel=Vector3.new(-15.750,-0.000,-2.819),Move=Vector3.new(-0.984,0,-0.176),Jump=false,CFrame=CFrame.new(-63.417,9.321,-2.574,0.008779,-0.457877,0.888972,0.000000,0.889006,0.457895,-0.999961,-0.004020,0.007805),FOV=70.00,Time=1.2837},{Pos=Vector3.new(-51.780,2.197,-2.382),Vel=Vector3.new(-15.737,-0.000,-2.888),Move=Vector3.new(-0.984,0,-0.181),Jump=false,CFrame=CFrame.new(-63.151,9.328,-2.543,0.010211,-0.458455,0.888659,-0.000000,0.888705,0.458479,-0.999948,-0.004682,0.009075),FOV=70.00,Time=1.3003},{Pos=Vector3.new(-51.518,2.197,-2.333),Vel=Vector3.new(-15.732,-0.000,-2.915),Move=Vector3.new(-0.983,0,-0.182),Jump=false,CFrame=CFrame.new(-62.882,9.340,-2.526,0.013023,-0.459327,0.888172,-0.000000,0.888247,0.459366,-0.999915,-0.005982,0.011568),FOV=70.00,Time=1.3169},{Pos=Vector3.new(-51.256,2.197,-2.284),Vel=Vector3.new(-15.724,-0.000,-2.959),Move=Vector3.new(-0.983,0,-0.185),Jump=false,CFrame=CFrame.new(-62.619,9.340,-2.550,0.019584,-0.459278,0.888077,-0.000000,0.888247,0.459366,-0.999808,-0.008996,0.017396),FOV=70.00,Time=1.3335},{Pos=Vector3.new(-50.994,2.197,-2.233),Vel=Vector3.new(-15.713,-0.000,-3.018),Move=Vector3.new(-0.982,0,-0.189),Jump=false,CFrame=CFrame.new(-62.357,9.340,-2.518,0.021118,-0.459263,0.888049,-0.000000,0.888247,0.459365,-0.999777,-0.009701,0.018758),FOV=70.00,Time=1.3503},{Pos=Vector3.new(-50.732,2.197,-2.184),Vel=Vector3.new(-15.719,-0.000,-2.983),Move=Vector3.new(-0.982,0,-0.186),Jump=false,CFrame=CFrame.new(-62.095,9.340,-2.468,0.021118,-0.459263,0.888049,-0.000000,0.888247,0.459365,-0.999777,-0.009701,0.018758),FOV=70.00,Time=1.3669},{Pos=Vector3.new(-50.470,2.197,-2.136),Vel=Vector3.new(-15.745,-0.000,-2.844),Move=Vector3.new(-0.984,0,-0.178),Jump=false,CFrame=CFrame.new(-61.852,9.302,-2.435,0.022558,-0.456274,0.889553,0.000000,0.889780,0.456391,-0.999745,-0.010295,0.020072),FOV=70.00,Time=1.3837},{Pos=Vector3.new(-50.207,2.197,-2.092),Vel=Vector3.new(-15.778,-0.000,-2.657),Move=Vector3.new(-0.986,0,-0.166),Jump=false,CFrame=CFrame.new(-61.603,9.276,-2.396,0.023299,-0.454119,0.890637,-0.000000,0.890879,0.454242,-0.999729,-0.010584,0.020757),FOV=70.00,Time=1.4005},{Pos=Vector3.new(-49.943,2.197,-2.051),Vel=Vector3.new(-15.810,-0.000,-2.456),Move=Vector3.new(-0.988,0,-0.153),Jump=false,CFrame=CFrame.new(-61.382,9.192,-2.368,0.024705,-0.447389,0.893998,-0.000000,0.894271,0.447526,-0.999695,-0.011056,0.022093),FOV=70.00,Time=1.4170},{Pos=Vector3.new(-49.680,2.197,-2.012),Vel=Vector3.new(-15.830,-0.000,-2.329),Move=Vector3.new(-0.989,0,-0.145),Jump=false,CFrame=CFrame.new(-61.159,9.110,-2.336,0.025480,-0.440821,0.897233,-0.000000,0.897525,0.440964,-0.999675,-0.011236,0.022869),FOV=70.00,Time=1.4338},{Pos=Vector3.new(-49.415,2.197,-1.975),Vel=Vector3.new(-15.846,-0.000,-2.211),Move=Vector3.new(-0.990,0,-0.138),Jump=false,CFrame=CFrame.new(-60.908,9.082,-2.298,0.025480,-0.438640,0.898302,-0.000000,0.898593,0.438782,-0.999675,-0.011180,0.022896),FOV=70.00,Time=1.4505},{Pos=Vector3.new(-49.151,2.197,-1.941),Vel=Vector3.new(-15.875,-0.000,-1.993),Move=Vector3.new(-0.992,0,-0.124),Jump=false,CFrame=CFrame.new(-60.644,9.082,-2.261,0.025480,-0.438640,0.898302,-0.000000,0.898593,0.438782,-0.999675,-0.011180,0.022896),FOV=70.00,Time=1.4672},{Pos=Vector3.new(-48.886,2.197,-1.913),Vel=Vector3.new(-15.911,-0.000,-1.685),Move=Vector3.new(-0.994,0,-0.105),Jump=false,CFrame=CFrame.new(-60.380,9.082,-2.227,0.025480,-0.438640,0.898302,-0.000000,0.898593,0.438782,-0.999675,-0.011180,0.022896),FOV=70.00,Time=1.4838},{Pos=Vector3.new(-48.620,2.197,-1.892),Vel=Vector3.new(-15.952,-0.000,-1.240),Move=Vector3.new(-0.997,0,-0.077),Jump=false,CFrame=CFrame.new(-60.115,9.082,-2.199,0.025480,-0.438640,0.898302,-0.000000,0.898593,0.438782,-0.999675,-0.011180,0.022896),FOV=70.00,Time=1.5010},{Pos=Vector3.new(-48.354,2.197,-1.879),Vel=Vector3.new(-15.982,-0.000,-0.755),Move=Vector3.new(-0.999,0,-0.046),Jump=false,CFrame=CFrame.new(-59.849,9.082,-2.178,0.025480,-0.438640,0.898302,-0.000000,0.898593,0.438782,-0.999675,-0.011180,0.022896),FOV=70.00,Time=1.5178},{Pos=Vector3.new(-48.087,2.197,-1.874),Vel=Vector3.new(-15.997,-0.000,-0.293),Move=Vector3.new(-1.000,0,-0.017),Jump=false,CFrame=CFrame.new(-59.582,9.082,-2.165,0.025480,-0.438640,0.898302,-0.000000,0.898593,0.438782,-0.999675,-0.011180,0.022896),FOV=70.00,Time=1.5342},{Pos=Vector3.new(-47.820,2.197,-1.879),Vel=Vector3.new(-15.994,-0.000,0.392),Move=Vector3.new(-1.000,0,0.026),Jump=false,CFrame=CFrame.new(-59.322,9.066,-2.233,0.032022,-0.437264,0.898763,0.000000,0.899224,0.437488,-0.999487,-0.014009,0.028795),FOV=70.00,Time=1.5513},{Pos=Vector3.new(-47.554,2.197,-1.889),Vel=Vector3.new(-15.990,-0.000,0.555),Move=Vector3.new(-0.999,0,0.035),Jump=false,CFrame=CFrame.new(-59.055,9.066,-2.239,0.032022,-0.437264,0.898763,0.000000,0.899224,0.437488,-0.999487,-0.014009,0.028795),FOV=70.00,Time=1.5676},{Pos=Vector3.new(-47.288,2.197,-1.901),Vel=Vector3.new(-15.983,-0.000,0.724),Move=Vector3.new(-0.999,0,0.046),Jump=false,CFrame=CFrame.new(-58.788,9.066,-2.249,0.032022,-0.437264,0.898763,0.000000,0.899224,0.437488,-0.999487,-0.014009,0.028795),FOV=70.00,Time=1.5844},{Pos=Vector3.new(-47.021,2.197,-1.914),Vel=Vector3.new(-15.979,-0.000,0.811),Move=Vector3.new(-0.999,0,0.051),Jump=false,CFrame=CFrame.new(-58.522,9.066,-2.261,0.032022,-0.437264,0.898763,0.000000,0.899224,0.437488,-0.999487,-0.014009,0.028795),FOV=70.00,Time=1.6008},{Pos=Vector3.new(-46.755,2.197,-1.927),Vel=Vector3.new(-15.980,-0.000,0.783),Move=Vector3.new(-0.999,0,0.049),Jump=false,CFrame=CFrame.new(-58.256,9.066,-2.274,0.032022,-0.437264,0.898763,0.000000,0.899224,0.437488,-0.999487,-0.014009,0.028795),FOV=70.00,Time=1.6172},{Pos=Vector3.new(-46.488,2.197,-1.939),Vel=Vector3.new(-15.984,-0.000,0.711),Move=Vector3.new(-0.999,0,0.045),Jump=false,CFrame=CFrame.new(-57.989,9.066,-2.287,0.032022,-0.437264,0.898763,0.000000,0.899224,0.437488,-0.999487,-0.014009,0.028795),FOV=70.00,Time=1.6340},{Pos=Vector3.new(-46.222,2.197,-1.949),Vel=Vector3.new(-15.990,-0.000,0.549),Move=Vector3.new(-0.999,0,0.034),Jump=false,CFrame=CFrame.new(-57.723,9.066,-2.299,0.032022,-0.437264,0.898763,0.000000,0.899224,0.437488,-0.999487,-0.014009,0.028795),FOV=70.00,Time=1.6505},{Pos=Vector3.new(-45.955,2.197,-1.953),Vel=Vector3.new(-15.998,-0.000,0.240),Move=Vector3.new(-1.000,0,0.015),Jump=false,CFrame=CFrame.new(-57.457,9.066,-2.309,0.032022,-0.437264,0.898763,0.000000,0.899224,0.437488,-0.999487,-0.014009,0.028795),FOV=70.00,Time=1.6669},{Pos=Vector3.new(-45.689,2.197,-1.950),Vel=Vector3.new(-15.999,-0.000,-0.201),Move=Vector3.new(-1.000,0,-0.013),Jump=false,CFrame=CFrame.new(-57.190,9.066,-2.313,0.032022,-0.437264,0.898763,0.000000,0.899224,0.437488,-0.999487,-0.014009,0.028795),FOV=70.00,Time=1.6837},{Pos=Vector3.new(-45.422,2.197,-1.937),Vel=Vector3.new(-15.978,-0.000,-0.828),Move=Vector3.new(-0.999,0,-0.053),Jump=false,CFrame=CFrame.new(-56.923,9.066,-2.310,0.032022,-0.437264,0.898763,0.000000,0.899224,0.437488,-0.999487,-0.014009,0.028795),FOV=70.00,Time=1.7005},{Pos=Vector3.new(-45.157,2.197,-1.913),Vel=Vector3.new(-15.931,-0.000,-1.483),Move=Vector3.new(-0.996,0,-0.094),Jump=false,CFrame=CFrame.new(-56.657,9.066,-2.297,0.032022,-0.437264,0.898763,0.000000,0.899224,0.437488,-0.999487,-0.014009,0.028795),FOV=70.00,Time=1.7170},{Pos=Vector3.new(-44.893,2.197,-1.875),Vel=Vector3.new(-15.830,-0.000,-2.320),Move=Vector3.new(-0.989,0,-0.146),Jump=false,CFrame=CFrame.new(-56.391,9.066,-2.273,0.032022,-0.437264,0.898763,0.000000,0.899224,0.437488,-0.999487,-0.014009,0.028795),FOV=70.00,Time=1.7336},{Pos=Vector3.new(-44.631,2.197,-1.825),Vel=Vector3.new(-15.706,-0.000,-3.047),Move=Vector3.new(-0.981,0,-0.192),Jump=false,CFrame=CFrame.new(-56.127,9.066,-2.235,0.032022,-0.437264,0.898763,0.000000,0.899224,0.437488,-0.999487,-0.014009,0.028795),FOV=70.00,Time=1.7503},{Pos=Vector3.new(-44.371,2.197,-1.765),Vel=Vector3.new(-15.585,-0.000,-3.614),Move=Vector3.new(-0.974,0,-0.227),Jump=false,CFrame=CFrame.new(-55.866,9.066,-2.185,0.032022,-0.437264,0.898763,0.000000,0.899224,0.437488,-0.999487,-0.014009,0.028795),FOV=70.00,Time=1.7665},{Pos=Vector3.new(-44.113,2.197,-1.697),Vel=Vector3.new(-15.473,-0.000,-4.069),Move=Vector3.new(-0.967,0,-0.255),Jump=false,CFrame=CFrame.new(-55.630,9.018,-2.085,0.028394,-0.433440,0.900735,-0.000000,0.901099,0.433614,-0.999597,-0.012312,0.025585),FOV=70.00,Time=1.7840},{Pos=Vector3.new(-43.856,2.197,-1.625),Vel=Vector3.new(-15.398,-0.000,-4.342),Move=Vector3.new(-0.962,0,-0.272),Jump=false,CFrame=CFrame.new(-55.430,8.900,-1.954,0.022652,-0.424064,0.905349,0.000000,0.905581,0.424173,-0.999743,-0.009608,0.020513),FOV=70.00,Time=1.8005},{Pos=Vector3.new(-43.600,2.197,-1.551),Vel=Vector3.new(-15.363,-0.000,-4.467),Move=Vector3.new(-0.960,0,-0.280),Jump=false,CFrame=CFrame.new(-55.187,8.871,-1.865,0.021118,-0.421791,0.906447,0.000000,0.906649,0.421885,-0.999777,-0.008909,0.019147),FOV=70.00,Time=1.8168},{Pos=Vector3.new(-43.344,2.197,-1.476),Vel=Vector3.new(-15.366,-0.000,-4.459),Move=Vector3.new(-0.960,0,-0.279),Jump=false,CFrame=CFrame.new(-54.957,8.817,-1.749,0.017480,-0.417467,0.908524,-0.000000,0.908663,0.417531,-0.999847,-0.007298,0.015883),FOV=70.00,Time=1.8336},{Pos=Vector3.new(-43.088,2.197,-1.403),Vel=Vector3.new(-15.381,-0.000,-4.405),Move=Vector3.new(-0.961,0,-0.276),Jump=false,CFrame=CFrame.new(-54.724,8.768,-1.602,0.011003,-0.413652,0.910368,0.000000,0.910424,0.413677,-0.999940,-0.004552,0.010018),FOV=70.00,Time=1.8503},{Pos=Vector3.new(-42.831,2.197,-1.331),Vel=Vector3.new(-15.409,-0.000,-4.307),Move=Vector3.new(-0.963,0,-0.269),Jump=false,CFrame=CFrame.new(-54.486,8.729,-1.453,0.004374,-0.410523,0.911840,0.000000,0.911849,0.410527,-0.999990,-0.001795,0.003988),FOV=70.00,Time=1.8670},{Pos=Vector3.new(-42.574,2.197,-1.262),Vel=Vector3.new(-15.466,-0.000,-4.100),Move=Vector3.new(-0.967,0,-0.256),Jump=false,CFrame=CFrame.new(-54.232,8.724,-1.373,0.003666,-0.410098,0.912034,-0.000000,0.912040,0.410101,-0.999993,-0.001504,0.003344),FOV=70.00,Time=1.8840},{Pos=Vector3.new(-42.315,2.266,-1.199),Vel=Vector3.new(-15.543,-4.366,-3.795),Move=Vector3.new(-0.972,0,-0.237),Jump=false,CFrame=CFrame.new(-53.974,8.724,-1.304,0.003666,-0.410098,0.912034,-0.000000,0.912040,0.410101,-0.999993,-0.001504,0.003344),FOV=70.00,Time=1.9013},{Pos=Vector3.new(-42.054,2.392,-1.141),Vel=Vector3.new(-15.622,-7.407,-3.457),Move=Vector3.new(-0.976,0,-0.216),Jump=false,CFrame=CFrame.new(-53.715,8.792,-1.241,0.003666,-0.410098,0.912034,-0.000000,0.912040,0.410101,-0.999993,-0.001504,0.003344),FOV=70.00,Time=1.9162},{Pos=Vector3.new(-41.793,2.483,-1.088),Vel=Vector3.new(-15.691,-4.410,-3.131),Move=Vector3.new(-0.981,0,-0.195),Jump=false,CFrame=CFrame.new(-53.455,8.918,-1.158,0.001485,-0.410100,0.912039,0.000000,0.912040,0.410100,-0.999999,-0.000609,0.001354),FOV=70.00,Time=1.9331},{Pos=Vector3.new(-41.530,2.596,-1.042),Vel=Vector3.new(-15.766,-6.689,-2.723),Move=Vector3.new(-0.986,0,-0.170),Jump=false,CFrame=CFrame.new(-53.193,9.009,-1.080,-0.000697,-0.410101,0.912040,-0.000000,0.912040,0.410101,-1.000000,0.000286,-0.000636),FOV=70.00,Time=1.9500},{Pos=Vector3.new(-41.321,2.744,-1.006),Vel=Vector3.new(-10.634,-8.549,-1.837),Move=Vector3.new(-0.000,0,-0.000),Jump=false,CFrame=CFrame.new(-52.931,9.122,-0.996,-0.003970,-0.410098,0.912033,-0.000000,0.912040,0.410101,-0.999992,0.001628,-0.003620),FOV=70.00,Time=1.9667},{Pos=Vector3.new(-41.197,2.854,-0.984),Vel=Vector3.new(-5.501,-5.431,-0.950),Move=Vector3.new(-0.000,0,-0.000),Jump=false,CFrame=CFrame.new(-52.721,9.270,-0.960,-0.003970,-0.410098,0.912033,-0.000000,0.912040,0.410101,-0.999992,0.001628,-0.003620),FOV=70.00,Time=1.9839},{Pos=Vector3.new(-41.158,2.979,-0.977),Vel=Vector3.new(-0.619,-7.308,-0.107),Move=Vector3.new(-0.000,0,-0.000),Jump=false,CFrame=CFrame.new(-52.598,9.380,-0.926,-0.005060,-0.410095,0.912029,-0.000000,0.912040,0.410101,-0.999987,0.002075,-0.004615),FOV=70.00,Time=2.0005},{Pos=Vector3.new(-41.156,3.074,-0.977),Vel=Vector3.new(-0.012,-4.668,-0.002),Move=Vector3.new(-0.000,0,-0.000),Jump=false,CFrame=CFrame.new(-52.558,9.506,-0.920,-0.005060,-0.410095,0.912029,-0.000000,0.912040,0.410101,-0.999987,0.002075,-0.004615),FOV=70.00,Time=2.0171},{Pos=Vector3.new(-41.156,3.129,-0.977),Vel=Vector3.new(-0.000,-2.650,-0.000),Move=Vector3.new(-0.000,0,-0.000),Jump=false,CFrame=CFrame.new(-52.557,9.600,-0.919,-0.005060,-0.410095,0.912029,-0.000000,0.912040,0.410101,-0.999987,0.002075,-0.004615),FOV=70.00,Time=2.0346},{Pos=Vector3.new(-41.156,3.160,-0.977),Vel=Vector3.new(-0.000,-1.460,-0.000),Move=Vector3.new(-0.000,0,-0.000),Jump=false,CFrame=CFrame.new(-52.557,9.656,-0.919,-0.005060,-0.410095,0.912029,-0.000000,0.912040,0.410101,-0.999987,0.002075,-0.004615),FOV=70.00,Time=2.0503},{Pos=Vector3.new(-41.156,3.177,-0.977),Vel=Vector3.new(-0.000,-0.798,-0.000),Move=Vector3.new(-0.000,0,-0.000),Jump=false,CFrame=CFrame.new(-52.557,9.687,-0.919,-0.005060,-0.410095,0.912029,-0.000000,0.912040,0.410101,-0.999987,0.002075,-0.004615),FOV=70.00,Time=2.0671},{Pos=Vector3.new(-41.156,3.186,-0.977),Vel=Vector3.new(0.000,-0.435,0.000),Move=Vector3.new(-0.000,0,-0.000),Jump=false,CFrame=CFrame.new(-52.557,9.703,-0.919,-0.005060,-0.410095,0.912029,-0.000000,0.912040,0.410101,-0.999987,0.002075,-0.004615),FOV=70.00,Time=2.0837},{Pos=Vector3.new(-41.156,3.191,-0.977),Vel=Vector3.new(0.000,-0.237,0.000),Move=Vector3.new(-0.000,0,-0.000),Jump=false,CFrame=CFrame.new(-52.557,9.713,-0.919,-0.005060,-0.410095,0.912029,-0.000000,0.912040,0.410101,-0.999987,0.002075,-0.004615),FOV=70.00,Time=2.1003},{Pos=Vector3.new(-41.156,3.194,-0.977),Vel=Vector3.new(0.000,-0.129,0.000),Move=Vector3.new(-0.000,0,-0.000),Jump=false,CFrame=CFrame.new(-52.557,9.718,-0.919,-0.005060,-0.410095,0.912029,-0.000000,0.912040,0.410101,-0.999987,0.002075,-0.004615),FOV=70.00,Time=2.1169},{Pos=Vector3.new(-41.156,3.196,-0.977),Vel=Vector3.new(0.000,-0.070,0.000),Move=Vector3.new(-0.000,0,-0.000),Jump=false,CFrame=CFrame.new(-52.557,9.720,-0.919,-0.005060,-0.410095,0.912029,-0.000000,0.912040,0.410101,-0.999987,0.002075,-0.004615),FOV=70.00,Time=2.1335},{Pos=Vector3.new(-41.156,3.197,-0.977),Vel=Vector3.new(0.000,-0.038,0.000),Move=Vector3.new(-0.000,0,-0.000),Jump=false,CFrame=CFrame.new(-52.557,9.722,-0.919,-0.005060,-0.410095,0.912029,-0.000000,0.912040,0.410101,-0.999987,0.002075,-0.004615),FOV=70.00,Time=2.1501},{Pos=Vector3.new(-41.156,3.197,-0.977),Vel=Vector3.new(-0.000,-0.021,0.000),Move=Vector3.new(-0.000,0,-0.000),Jump=false,CFrame=CFrame.new(-52.557,9.723,-0.919,-0.005060,-0.410095,0.912029,-0.000000,0.912040,0.410101,-0.999987,0.002075,-0.004615),FOV=70.00,Time=2.1674},{Pos=Vector3.new(-41.156,3.197,-0.977),Vel=Vector3.new(-0.000,-0.012,0.000),Move=Vector3.new(-0.000,0,-0.000),Jump=false,CFrame=CFrame.new(-52.557,9.723,-0.919,-0.005060,-0.410095,0.912029,-0.000000,0.912040,0.410101,-0.999987,0.002075,-0.004615),FOV=70.00,Time=2.1839},{Pos=Vector3.new(-41.156,3.197,-0.977),Vel=Vector3.new(-0.000,-0.007,0.000),Move=Vector3.new(-0.000,0,-0.000),Jump=false,CFrame=CFrame.new(-52.557,9.723,-0.919,-0.005060,-0.410095,0.912029,-0.000000,0.912040,0.410101,-0.999987,0.002075,-0.004615),FOV=70.00,Time=2.2007},{Pos=Vector3.new(-41.156,3.197,-0.977),Vel=Vector3.new(-0.000,-0.004,0.000),Move=Vector3.new(-0.000,0,-0.000),Jump=false,CFrame=CFrame.new(-52.557,9.724,-0.919,-0.005060,-0.410095,0.912029,-0.000000,0.912040,0.410101,-0.999987,0.002075,-0.004615),FOV=70.00,Time=2.2172},{Pos=Vector3.new(-41.156,3.197,-0.977),Vel=Vector3.new(-0.000,-0.002,0.000),Move=Vector3.new(-0.000,0,-0.000),Jump=false,CFrame=CFrame.new(-52.557,9.724,-0.919,-0.005060,-0.410095,0.912029,-0.000000,0.912040,0.410101,-0.999987,0.002075,-0.004615),FOV=70.00,Time=2.2338},{Pos=Vector3.new(-41.094,3.197,-0.994),Vel=Vector3.new(-5.027,-0.001,1.363),Move=Vector3.new(-0.965,0,0.263),Jump=false,CFrame=CFrame.new(-52.557,9.724,-0.919,-0.005060,-0.410095,0.912029,-0.000000,0.912040,0.410101,-0.999987,0.002075,-0.004615),FOV=70.00,Time=2.2502},{Pos=Vector3.new(-40.947,3.197,-1.033),Vel=Vector3.new(-10.076,-0.001,2.643),Move=Vector3.new(-0.968,0,0.252),Jump=false,CFrame=CFrame.new(-52.494,9.724,-0.937,-0.005060,-0.410095,0.912029,-0.000000,0.912040,0.410101,-0.999987,0.002075,-0.004615),FOV=70.00,Time=2.2687},{Pos=Vector3.new(-40.717,3.197,-1.091),Vel=Vector3.new(-14.913,-0.000,3.708),Move=Vector3.new(-0.970,0,0.241),Jump=false,CFrame=CFrame.new(-52.347,9.724,-0.976,-0.005060,-0.410095,0.912029,-0.000000,0.912040,0.410101,-0.999987,0.002075,-0.004615),FOV=70.00,Time=2.2841},{Pos=Vector3.new(-40.458,3.197,-1.151),Vel=Vector3.new(-15.577,-0.000,3.584),Move=Vector3.new(-0.974,0,0.225),Jump=false,CFrame=CFrame.new(-52.117,9.724,-1.034,-0.005060,-0.410095,0.912029,0.000000,0.912040,0.410101,-0.999987,0.002075,-0.004615),FOV=70.00,Time=2.3008},{Pos=Vector3.new(-40.197,3.197,-1.207),Vel=Vector3.new(-15.651,-0.000,3.312),Move=Vector3.new(-0.978,0,0.207),Jump=false,CFrame=CFrame.new(-51.859,9.724,-1.094,-0.005060,-0.410095,0.912029,0.000000,0.912040,0.410101,-0.999987,0.002075,-0.004615),FOV=70.00,Time=2.3174},{Pos=Vector3.new(-39.936,3.197,-1.259),Vel=Vector3.new(-15.690,-0.000,3.127),Move=Vector3.new(-0.981,0,0.196),Jump=false,CFrame=CFrame.new(-51.598,9.724,-1.149,-0.005060,-0.410095,0.912029,0.000000,0.912040,0.410101,-0.999987,0.002075,-0.004615),FOV=70.00,Time=2.3340},{Pos=Vector3.new(-39.674,3.197,-1.310),Vel=Vector3.new(-15.709,-0.000,3.031),Move=Vector3.new(-0.982,0,0.190),Jump=false,CFrame=CFrame.new(-51.336,9.724,-1.202,-0.005060,-0.410095,0.912029,0.000000,0.912040,0.410101,-0.999987,0.002075,-0.004615),FOV=70.00,Time=2.3506},{Pos=Vector3.new(-39.412,3.197,-1.361),Vel=Vector3.new(-15.711,-0.000,3.021),Move=Vector3.new(-0.982,0,0.189),Jump=false,CFrame=CFrame.new(-51.075,9.724,-1.252,-0.005060,-0.410095,0.912029,0.000000,0.912040,0.410101,-0.999987,0.002075,-0.004615),FOV=70.00,Time=2.3674},{Pos=Vector3.new(-39.150,3.197,-1.411),Vel=Vector3.new(-15.709,-0.000,3.037),Move=Vector3.new(-0.982,0,0.190),Jump=false,CFrame=CFrame.new(-50.813,9.724,-1.303,-0.005060,-0.410095,0.912029,0.000000,0.912040,0.410101,-0.999987,0.002075,-0.004615),FOV=70.00,Time=2.3841},{Pos=Vector3.new(-38.889,3.197,-1.462),Vel=Vector3.new(-15.707,-0.000,3.045),Move=Vector3.new(-0.982,0,0.191),Jump=false,CFrame=CFrame.new(-50.551,9.724,-1.354,-0.005060,-0.410095,0.912029,0.000000,0.912040,0.410101,-0.999987,0.002075,-0.004615),FOV=70.00,Time=2.4007},{Pos=Vector3.new(-38.627,3.197,-1.513),Vel=Vector3.new(-15.709,-0.000,3.037),Move=Vector3.new(-0.982,0,0.190),Jump=false,CFrame=CFrame.new(-50.289,9.724,-1.404,-0.005060,-0.410095,0.912029,0.000000,0.912040,0.410101,-0.999987,0.002075,-0.004615),FOV=70.00,Time=2.4174},{Pos=Vector3.new(-38.365,3.197,-1.564),Vel=Vector3.new(-15.700,-0.000,3.083),Move=Vector3.new(-0.981,0,0.193),Jump=false,CFrame=CFrame.new(-50.027,9.724,-1.455,-0.005060,-0.410095,0.912029,0.000000,0.912040,0.410101,-0.999987,0.002075,-0.004615),FOV=70.00,Time=2.4340},{Pos=Vector3.n