-- V23 Smooth Playback - Generated 2026-01-27 00:00
local RunService = game:GetService("RunService")
local Players = game:GetService("Players")
local lp = Players.LocalPlayer
local cam = workspace.CurrentCamera
local char = lp.Character or lp.CharacterAdded:Wait()
local hrp = char:WaitForChild("HumanoidRootPart")
local hum = char:WaitForChild("Humanoid")

hum.AutoRotate = false
cam.CameraType = Enum.CameraType.Scriptable

local frames = {

    {Pos=Vector3.new(5.857,3.698,-15.988), Vel=Vector3.new(0.000,0.000,-0.000), Move=Vector3.new(0.000,0,0.000), Jump=false, CFrame=CFrame.new(-4.552,11.403,-13.136,0.264302,0.486540,-0.832721,0.000000,0.863424,0.504479,0.964440,-0.133335,0.228205), FOV=70.00, Time=0.0000},
    {Pos=Vector3.new(5.857,3.698,-15.988), Vel=Vector3.new(0.000,0.000,-0.000), Move=Vector3.new(0.000,0,0.000), Jump=false, CFrame=CFrame.new(-4.552,11.403,-13.136,0.264302,0.486540,-0.832721,0.000000,0.863424,0.504479,0.964440,-0.133335,0.228205), FOV=70.00, Time=0.0169},
    {Pos=Vector3.new(5.857,3.698,-15.988), Vel=Vector3.new(0.000,0.000,-0.000), Move=Vector3.new(0.000,0,0.000), Jump=false, CFrame=CFrame.new(-4.552,11.403,-13.136,0.264302,0.486540,-0.832721,0.000000,0.863424,0.504479,0.964440,-0.133335,0.228205), FOV=70.00, Time=0.0343},
    {Pos=Vector3.new(5.857,3.698,-15.988), Vel=Vector3.new(0.000,0.000,-0.000), Move=Vector3.new(0.000,0,0.000), Jump=false, CFrame=CFrame.new(-4.552,11.403,-13.136,0.264302,0.486540,-0.832721,0.000000,0.863424,0.504479,0.964440,-0.133335,0.228205), FOV=70.00, Time=0.0497},
    {Pos=Vector3.new(5.857,3.698,-15.988), Vel=Vector3.new(-0.000,0.000,0.000), Move=Vector3.new(0.000,0,0.000), Jump=false, CFrame=CFrame.new(-4.552,11.403,-13.136,0.264302,0.486540,-0.832721,0.000000,0.863424,0.504479,0.964440,-0.133335,0.228205), FOV=70.00, Time=0.0663},
    {Pos=Vector3.new(5.857,3.698,-15.988), Vel=Vector3.new(-0.000,0.000,0.000), Move=Vector3.new(0.000,0,0.000), Jump=false, CFrame=CFrame.new(-4.552,11.403,-13.136,0.264302,0.486540,-0.832721,0.000000,0.863424,0.504479,0.964440,-0.133335,0.228205), FOV=70.00, Time=0.0832},
    {Pos=Vector3.new(5.857,3.698,-15.988), Vel=Vector3.new(-0.000,0.000,0.000), Move=Vector3.new(0.000,0,0.000), Jump=false, CFrame=CFrame.new(-4.552,11.403,-13.136,0.264302,0.486540,-0.832721,0.000000,0.863424,0.504479,0.964440,-0.133335,0.228205), FOV=70.00, Time=0.1013},
    {Pos=Vector3.new(5.857,3.698,-15.988), Vel=Vector3.new(-0.000,0.000,0.000), Move=Vector3.new(0.000,0,0.000), Jump=false, CFrame=CFrame.new(-4.552,11.403,-13.136,0.264302,0.486540,-0.832721,0.000000,0.863424,0.504479,0.964440,-0.133335,0.228205), FOV=70.00, Time=0.1179},
    {Pos=Vector3.new(5.892,3.698,-15.999), Vel=Vector3.new(2.269,0.000,-0.701), Move=Vector3.new(0.957,0,-0.290), Jump=false, CFrame=CFrame.new(-4.552,11.403,-13.136,0.264302,0.486540,-0.832721,0.000000,0.863424,0.504479,0.964440,-0.133335,0.228205), FOV=70.00, Time=0.1340},
    {Pos=Vector3.new(5.992,3.698,-16.029), Vel=Vector3.new(7.249,0.000,-2.224), Move=Vector3.new(0.957,0,-0.292), Jump=false, CFrame=CFrame.new(-4.517,11.403,-13.146,0.264302,0.486540,-0.832721,0.000000,0.863424,0.504479,0.964440,-0.133335,0.228205), FOV=70.00, Time=0.1568},
    {Pos=Vector3.new(6.424,3.698,-16.160), Vel=Vector3.new(15.231,0.000,-4.552), Move=Vector3.new(0.958,0,-0.285), Jump=false, CFrame=CFrame.new(-4.234,11.403,-13.233,0.264302,0.486540,-0.832721,0.000000,0.863424,0.504479,0.964440,-0.133335,0.228205), FOV=70.00, Time=0.1875},
    {Pos=Vector3.new(6.936,3.698,-16.309), Vel=Vector3.new(15.373,0.000,-4.427), Move=Vector3.new(0.961,0,-0.276), Jump=false, CFrame=CFrame.new(-3.729,11.403,-13.383,0.264302,0.486540,-0.832721,0.000000,0.863424,0.504479,0.964440,-0.133335,0.228205), FOV=70.00, Time=0.2169},
    {Pos=Vector3.new(7.193,3.698,-16.380), Vel=Vector3.new(15.419,0.000,-4.267), Move=Vector3.new(0.964,0,-0.266), Jump=false, CFrame=CFrame.new(-3.473,11.403,-13.456,0.264302,0.486540,-0.832721,0.000000,0.863424,0.504479,0.964440,-0.133335,0.228205), FOV=70.00, Time=0.2346},
    {Pos=Vector3.new(7.451,3.698,-16.449), Vel=Vector3.new(15.455,0.000,-4.137), Move=Vector3.new(0.966,0,-0.258), Jump=false, CFrame=CFrame.new(-3.216,11.403,-13.527,0.264302,0.486540,-0.832721,0.000000,0.863424,0.504479,0.964440,-0.133335,0.228205), FOV=70.00, Time=0.2553},
    {Pos=Vector3.new(7.968,3.698,-16.580), Vel=Vector3.new(15.531,0.000,-3.842), Move=Vector3.new(0.971,0,-0.239), Jump=false, CFrame=CFrame.new(-2.700,11.403,-13.664,0.264302,0.486540,-0.832721,0.000000,0.863424,0.504479,0.964440,-0.133335,0.228205), FOV=70.00, Time=0.2845},
    {Pos=Vector3.new(8.228,3.698,-16.639), Vel=Vector3.new(15.603,0.000,-3.536), Move=Vector3.new(0.975,0,-0.220), Jump=false, CFrame=CFrame.new(-2.441,11.403,-13.728,0.264302,0.486540,-0.832721,0.000000,0.863424,0.504479,0.964440,-0.133335,0.228205), FOV=70.00, Time=0.3013},
    {Pos=Vector3.new(8.489,3.698,-16.692), Vel=Vector3.new(15.684,0.000,-3.161), Move=Vector3.new(0.980,0,-0.197), Jump=false, CFrame=CFrame.new(-2.181,11.403,-13.787,0.264302,0.486540,-0.832721,0.000000,0.863424,0.504479,0.964440,-0.133335,0.228205), FOV=70.00, Time=0.3202},
    {Pos=Vector3.new(8.751,3.698,-16.742), Vel=Vector3.new(15.723,0.000,-2.959), Move=Vector3.new(0.983,0,-0.184), Jump=false, CFrame=CFrame.new(-1.920,11.403,-13.840,0.264302,0.486540,-0.832721,0.000000,0.863424,0.504479,0.964440,-0.133335,0.228205), FOV=70.00, Time=0.3335},
    {Pos=Vector3.new(9.013,3.698,-16.791), Vel=Vector3.new(15.724,0.000,-2.954), Move=Vector3.new(0.983,0,-0.184), Jump=false, CFrame=CFrame.new(-1.658,11.403,-13.889,0.264302,0.486540,-0.832721,0.000000,0.863424,0.504479,0.964440,-0.133335,0.228205), FOV=70.00, Time=0.3513},
    {Pos=Vector3.new(9.275,3.698,-16.839), Vel=Vector3.new(15.735,0.000,-2.896), Move=Vector3.new(0.984,0,-0.181), Jump=false, CFrame=CFrame.new(-1.396,11.403,-13.938,0.264302,0.486540,-0.832721,0.000000,0.863424,0.504479,0.964440,-0.133335,0.228205), FOV=70.00, Time=0.3697},
    {Pos=Vector3.new(9.538,3.698,-16.887), Vel=Vector3.new(15.736,0.000,-2.894), Move=Vector3.new(0.984,0,-0.181), Jump=false, CFrame=CFrame.new(-1.134,11.403,-13.987,0.264302,0.486540,-0.832721,0.000000,0.863424,0.504479,0.964440,-0.133335,0.228205), FOV=70.00, Time=0.3833},
    {Pos=Vector3.new(9.800,3.698,-16.936), Vel=Vector3.new(15.735,0.000,-2.901), Move=Vector3.new(0.983,0,-0.181), Jump=false, CFrame=CFrame.new(-0.871,11.403,-14.035,0.264302,0.486540,-0.832721,0.000000,0.863424,0.504479,0.964440,-0.133335,0.228205), FOV=70.00, Time=0.4002},
    {Pos=Vector3.new(10.128,3.646,-16.996), Vel=Vector3.new(15.735,-4.087,-2.901), Move=Vector3.new(0.983,0,-0.181), Jump=false, CFrame=CFrame.new(-0.609,11.403,-14.083,0.264302,0.486540,-0.832721,0.000000,0.863424,0.504479,0.964440,-0.133335,0.228205), FOV=70.00, Time=0.4202},
    {Pos=Vector3.new(10.390,3.544,-17.044), Vel=Vector3.new(15.735,-7.357,-2.901), Move=Vector3.new(0.983,0,-0.181), Jump=false, CFrame=CFrame.new(-0.281,11.352,-14.143,0.264302,0.486540,-0.832721,0.000000,0.863424,0.504479,0.964440,-0.133335,0.228205), FOV=70.00, Time=0.4359},
    {Pos=Vector3.new(10.587,3.432,-17.080), Vel=Vector3.new(15.735,-9.810,-2.901), Move=Vector3.new(0.983,0,-0.181), Jump=false, CFrame=CFrame.new(-0.019,11.250,-14.192,0.264302,0.486540,-0.832721,0.000000,0.863424,0.504479,0.964440,-0.133335,0.228205), FOV=70.00, Time=0.4504},
    {Pos=Vector3.new(10.849,3.234,-17.129), Vel=Vector3.new(15.735,-13.080,-2.901), Move=Vector3.new(0.983,0,-0.181), Jump=false, CFrame=CFrame.new(0.178,11.138,-14.228,0.264302,0.486540,-0.832721,0.000000,0.863424,0.504479,0.964440,-0.133335,0.228205), FOV=70.00, Time=0.4667},
    {Pos=Vector3.new(11.111,2.982,-17.177), Vel=Vector3.new(15.735,-16.350,-2.901), Move=Vector3.new(0.983,0,-0.181), Jump=false, CFrame=CFrame.new(0.440,10.940,-14.276,0.264302,0.486540,-0.832721,0.000000,0.863424,0.504479,0.964440,-0.133335,0.228205), FOV=70.00, Time=0.4834},
    {Pos=Vector3.new(11.374,2.676,-17.225), Vel=Vector3.new(15.735,-19.620,-2.900), Move=Vector3.new(0.983,0,-0.181), Jump=false, CFrame=CFrame.new(0.702,10.688,-14.325,0.264302,0.486540,-0.832721,0.000000,0.863424,0.504479,0.964440,-0.133335,0.228205), FOV=70.00, Time=0.5010},
    {Pos=Vector3.new(11.636,2.315,-17.274), Vel=Vector3.new(15.735,-22.890,-2.899), Move=Vector3.new(0.983,0,-0.181), Jump=false, CFrame=CFrame.new(0.964,10.382,-14.373,0.264302,0.486540,-0.832721,0.000000,0.863424,0.504479,0.964440,-0.133335,0.228205), FOV=70.00, Time=0.5176},
    {Pos=Vector3.new(11.898,2.127,-17.322), Vel=Vector3.new(15.735,-2.667,-2.899), Move=Vector3.new(0.983,0,-0.181), Jump=false, CFrame=CFrame.new(1.227,10.021,-14.421,0.264302,0.486540,-0.832721,0.000000,0.863424,0.504479,0.964440,-0.133335,0.228205), FOV=70.00, Time=0.5350},
    {Pos=Vector3.new(12.291,2.151,-17.394), Vel=Vector3.new(15.735,1.496,-2.899), Move=Vector3.new(0.983,0,-0.181), Jump=false, CFrame=CFrame.new(1.489,9.833,-14.469,0.264302,0.486540,-0.832721,0.000000,0.863424,0.504479,0.964440,-0.133335,0.228205), FOV=70.00, Time=0.5569},
    {Pos=Vector3.new(12.751,2.180,-17.477), Vel=Vector3.new(15.748,0.662,-2.829), Move=Vector3.new(0.984,0,-0.177), Jump=false, CFrame=CFrame.new(2.079,9.873,-14.577,0.264302,0.486540,-0.832721,0.000000,0.863424,0.504479,0.964440,-0.133335,0.228205), FOV=70.00, Time=0.5862},
    {Pos=Vector3.new(13.014,2.188,-17.517), Vel=Vector3.new(15.831,0.368,-2.318), Move=Vector3.new(0.990,0,-0.144), Jump=false, CFrame=CFrame.new(2.342,9.886,-14.625,0.264302,0.486540,-0.832721,0.000000,0.863424,0.504479,0.964440,-0.133335,0.228205), FOV=70.00, Time=0.6036},
    {Pos=Vector3.new(13.280,2.192,-17.540), Vel=Vector3.new(15.950,0.201,-1.248), Move=Vector3.new(0.997,0,-0.076), Jump=false, CFrame=CFrame.new(2.605,9.894,-14.664,0.264302,0.486540,-0.832721,0.000000,0.863424,0.504479,0.964440,-0.133335,0.228205), FOV=70.00, Time=0.6204},
    {Pos=Vector3.new(13.813,2.196,-17.563), Vel=Vector3.new(15.986,0.060,-0.646), Move=Vector3.new(0.999,0,-0.040), Jump=false, CFrame=CFrame.new(3.071,9.900,-14.697,0.264302,0.486540,-0.832721,0.000000,0.863424,0.504479,0.964440,-0.133335,0.228205), FOV=70.00, Time=0.6531},
    {Pos=Vector3.new(14.079,2.197,-17.557), Vel=Vector3.new(15.993,0.036,0.409), Move=Vector3.new(1.000,0,0.027), Jump=false, CFrame=CFrame.new(3.404,9.902,-14.710,0.264302,0.486540,-0.832721,0.000000,0.863424,0.504479,0.964440,-0.133335,0.228205), FOV=70.00, Time=0.6688},
    {Pos=Vector3.new(14.346,2.197,-17.544), Vel=Vector3.new(15.978,0.020,0.812), Move=Vector3.new(0.999,0,0.052), Jump=false, CFrame=CFrame.new(3.670,9.903,-14.704,0.264302,0.486540,-0.832721,0.000000,0.863424,0.504479,0.964440,-0.133335,0.228205), FOV=70.00, Time=0.6852},
    {Pos=Vector3.new(14.612,2.197,-17.530), Vel=Vector3.new(15.978,0.011,0.821), Move=Vector3.new(0.999,0,0.052), Jump=false, CFrame=CFrame.new(3.937,9.903,-14.691,0.264302,0.486540,-0.832721,0.000000,0.863424,0.504479,0.964440,-0.133335,0.228205), FOV=70.00, Time=0.7017},
    {Pos=Vector3.new(14.878,2.197,-17.514), Vel=Vector3.new(15.970,0.006,0.974), Move=Vector3.new(0.998,0,0.061), Jump=false, CFrame=CFrame.new(4.203,9.903,-14.677,0.264302,0.486540,-0.832721,0.000000,0.863424,0.504479,0.964440,-0.133335,0.228205), FOV=70.00, Time=0.7183},
    {Pos=Vector3.new(15.144,2.197,-17.497), Vel=Vector3.new(15.966,0.003,1.028), Move=Vector3.new(0.998,0,0.065), Jump=false, CFrame=CFrame.new(4.469,9.903,-14.661,0.264302,0.486540,-0.832721,0.000000,0.863424,0.504479,0.964440,-0.133335,0.228205), FOV=70.00, Time=0.7340},
    {Pos=Vector3.new(15.410,2.197,-17.479), Vel=Vector3.new(15.966,0.002,1.030), Move=Vector3.new(0.998,0,0.065), Jump=false, CFrame=CFrame.new(4.735,9.903,-14.644,0.264302,0.486540,-0.832721,0.000000,0.863424,0.504479,0.964440,-0.133335,0.228205), FOV=70.00, Time=0.7507},
    {Pos=Vector3.new(15.676,2.197,-17.457), Vel=Vector3.new(15.944,0.001,1.333), Move=Vector3.new(0.996,0,0.084), Jump=false, CFrame=CFrame.new(5.001,9.903,-14.627,0.264302,0.486540,-0.832721,0.000000,0.863424,0.504479,0.964440,-0.133335,0.228205), FOV=70.00, Time=0.7738},
    {Pos=Vector3.new(16.074,2.197,-17.421), Vel=Vector3.new(15.935,0.000,1.439), Move=Vector3.new(0.996,0,0.090), Jump=false, CFrame=CFrame.new(5.267,9.903,-14.605,0.264302,0.486540,-0.832721,0.000000,0.863424,0.504479,0.964440,-0.133335,0.228205), FOV=70.00, Time=0.7959},
    {Pos=Vector3.new(16.472,2.197,-17.381), Vel=Vector3.new(15.916,0.000,1.633), Move=Vector3.new(0.995,0,0.102), Jump=false, CFrame=CFrame.new(5.931,9.903,-14.542,0.264302,0.486540,-0.832721,0.000000,0.863424,0.504479,0.964440,-0.133335,0.228205), FOV=70.00, Time=0.8165},
    {Pos=Vector3.new(16.738,2.197,-17.354), Vel=Vector3.new(15.916,0.000,1.635), Move=Vector3.new(0.995,0,0.102), Jump=false, CFrame=CFrame.new(6.018,10.069,-15.127,0.210775,0.506052,-0.836353,0.000000,0.855573,0.517682,0.977535,-0.109114,0.180334), FOV=70.00, Time=0.8379},
    {Pos=Vector3.new(17.001,2.197,-17.313), Vel=Vector3.new(15.802,0.000,2.501), Move=Vector3.new(0.987,0,0.158), Jump=false, CFrame=CFrame.new(6.297,10.377,-16.217,0.108228,0.539136,-0.835236,0.000000,0.840171,0.542322,0.994126,-0.058694,0.090930), FOV=70.00, Time=0.8561},
    {Pos=Vector3.new(17.511,2.197,-17.157), Vel=Vector3.new(15.048,0.000,5.424), Move=Vector3.new(0.940,0,0.341), Jump=false, CFrame=CFrame.new(7.023,10.758,-17.692,-0.043563,0.572317,-0.818875,0.000000,0.819653,0.572861,0.999051,0.024956,-0.035707), FOV=70.00, Time=0.8882},
    {Pos=Vector3.new(17.878,2.197,-16.999), Vel=Vector3.new(14.687,0.000,6.339), Move=Vector3.new(0.918,0,0.397), Jump=false, CFrame=CFrame.new(7.356,10.840,-17.983,-0.081121,0.577456,-0.812382,0.000000,0.815068,0.579365,0.996704,0.046999,-0.066119), FOV=70.00, Time=0.9121},
    {Pos=Vector3.new(18.361,2.197,-16.773), Vel=Vector3.new(14.462,0.000,6.840), Move=Vector3.new(0.904,0,0.428), Jump=false, CFrame=CFrame.new(8.041,10.892,-18.088,-0.118336,0.579488,-0.806344,0.000000,0.812050,0.583588,0.992974,0.069060,-0.096095), FOV=70.00, Time=0.9479},
    {Pos=Vector3.new(18.723,2.197,-16.602), Vel=Vector3.new(14.470,0.000,6.824), Move=Vector3.new(0.904,0,0.427), Jump=false, CFrame=CFrame.new(8.298,10.895,-18.090,-0.129854,0.578891,-0.804999,0.000000,0.811873,0.583834,0.991533,0.075813,-0.105425), FOV=70.00, Time=0.9661},
    {Pos=Vector3.new(19.090,2.197,-16.443), Vel=Vector3.new(14.703,0.000,6.308), Move=Vector3.new(0.919,0,0.394), Jump=false, CFrame=CFrame.new(8.689,10.905,-18.081,-0.145798,0.578318,-0.802678,0.000000,0.811348,0.584564,0.989314,0.085228,-0.118293), FOV=70.00, Time=0.9938},
    {Pos=Vector3.new(19.461,2.197,-16.294), Vel=Vector3.new(14.896,0.000,5.839), Move=Vector3.new(0.931,0,0.365), Jump=false, CFrame=CFrame.new(9.211,10.905,-18.072,-0.165648,0.576488,-0.800139,0.000000,0.811348,0.584564,0.986185,0.096832,-0.134398), FOV=70.00, Time=1.0201},
    {Pos=Vector3.new(19.711,2.197,-16.202), Vel=Vector3.new(15.027,0.000,5.495), Move=Vector3.new(0.939,0,0.343), Jump=false, CFrame=CFrame.new(9.467,10.905,-18.021,-0.170201,0.576035,-0.799510,0.000000,0.811348,0.584564,0.985409,0.099493,-0.138092), FOV=70.00, Time=1.0372},
    {Pos=Vector3.new(19.964,2.197,-16.118), Vel=Vector3.new(15.189,0.000,5.028), Move=Vector3.new(0.950,0,0.314), Jump=false, CFrame=CFrame.new(9.739,10.914,-18.015,-0.178785,0.575863,-0.797758,0.000000,0.810822,0.585293,0.983888,0.104642,-0.144963), FOV=70.00, Time=1.0536},
    {Pos=Vector3.new(20.220,2.197,-16.043), Vel=Vector3.new(15.351,0.000,4.510), Move=Vector3.new(0.960,0,0.281), Jump=false, CFrame=CFrame.new(10.012,10.923,-18.001,-0.185908,0.575806,-0.796170,0.000000,0.810295,0.586022,0.982567,0.108946,-0.150640), FOV=70.00, Time=1.0716},
    {Pos=Vector3.new(20.608,2.197,-15.946), Vel=Vector3.new(15.533,0.000,3.838), Move=Vector3.new(0.971,0,0.240), Jump=false, CFrame=CFrame.new(10.288,10.932,-17.996,-0.193020,0.575715,-0.794541,0.000000,0.809769,0.586749,0.981195,0.113255,-0.156302), FOV=70.00, Time=1.0935},
    {Pos=Vector3.new(20.869,2.197,-15.892), Vel=Vector3.new(15.671,0.000,3.222), Move=Vector3.new(0.980,0,0.200), Jump=false, CFrame=CFrame.new(10.682,10.932,-17.929,-0.195938,0.575376,-0.794072,0.000000,0.809769,0.586749,0.980616,0.114966,-0.158664), FOV=70.00, Time=1.1121},
    {Pos=Vector3.new(21.397,2.197,-15.814), Vel=Vector3.new(15.872,0.000,2.009), Move=Vector3.new(0.992,0,0.124), Jump=false, CFrame=CFrame.new(11.213,10.941,-17.830,-0.195938,0.576088,-0.793556,0.000000,0.809242,0.587476,0.980616,0.115109,-0.158561), FOV=70.00, Time=1.1433},
    {Pos=Vector3.new(21.795,2.197,-15.774), Vel=Vector3.new(15.925,0.000,1.537), Move=Vector3.new(0.995,0,0.095), Jump=false, CFrame=CFrame.new(11.654,11.003,-17.773,-0.195938,0.580963,-0.789994,0.000000,0.805609,0.592447,0.980616,0.116083,-0.157849), FOV=70.00, Time=1.1662},
    {Pos=Vector3.new(22.060,2.197,-15.749), Vel=Vector3.new(15.929,0.000,1.497), Move=Vector3.new(0.996,0,0.093), Jump=false, CFrame=CFrame.new(11.959,11.057,-17.739,-0.195938,0.585202,-0.786859,0.000000,0.802413,0.596769,0.980616,0.116930,-0.157223), FOV=70.00, Time=1.1863},
    {Pos=Vector3.new(22.326,2.197,-15.724), Vel=Vector3.new(15.929,0.000,1.496), Move=Vector3.new(0.996,0,0.093), Jump=false, CFrame=CFrame.new(12.256,11.097,-17.723,-0.197350,0.588130,-0.784319,0.000000,0.800053,0.599929,0.980333,0.118396,-0.157890), FOV=70.00, Time=1.2023},
    {Pos=Vector3.new(22.591,2.197,-15.699), Vel=Vector3.new(15.927,0.000,1.518), Move=Vector3.new(0.996,0,0.095), Jump=false, CFrame=CFrame.new(12.541,11.111,-17.739,-0.201634,0.588771,-0.782747,0.000000,0.799161,0.601117,0.979461,0.121206,-0.161138), FOV=70.00, Time=1.2199},
    {Pos=Vector3.new(22.857,2.197,-15.673), Vel=Vector3.new(15.921,0.000,1.586), Move=Vector3.new(0.995,0,0.099), Jump=false, CFrame=CFrame.new(12.830,11.126,-17.768,-0.207315,0.589207,-0.780932,0.000000,0.798276,0.602292,0.978274,0.124864,-0.165494), FOV=70.00, Time=1.2353},
    {Pos=Vector3.new(23.122,2.197,-15.644), Vel=Vector3.new(15.901,0.000,1.775), Move=Vector3.new(0.994,0,0.111), Jump=false, CFrame=CFrame.new(13.118,11.138,-17.804,-0.213755,0.589296,-0.779127,0.000000,0.797561,0.603239,0.976887,0.128945,-0.170482), FOV=70.00, Time=1.2503},
    {Pos=Vector3.new(23.386,2.197,-15.609), Vel=Vector3.new(15.864,0.000,2.083), Move=Vector3.new(0.991,0,0.130), Jump=false, CFrame=CFrame.new(13.410,11.138,-17.894,-0.225785,0.587661,-0.776966,0.000000,0.797561,0.603239,0.974177,0.136202,-0.180077), FOV=70.00, Time=1.2680},
    {Pos=Vector3.new(23.649,2.197,-15.568), Vel=Vector3.new(15.800,0.000,2.523), Move=Vector3.new(0.987,0,0.158), Jump=false, CFrame=CFrame.new(13.713,11.138,-18.023,-0.242107,0.585292,-0.773833,0.000000,0.797561,0.603239,0.970250,0.146048,-0.193095), FOV=70.00, Time=1.2856},
    {Pos=Vector3.new(23.911,2.197,-15.517), Vel=Vector3.new(15.702,0.000,3.073), Move=Vector3.new(0.981,0,0.193), Jump=false, CFrame=CFrame.new(14.016,11.138,-18.135,-0.257563,0.582886,-0.770652,0.000000,0.797561,0.603239,0.966262,0.155372,-0.205422), FOV=70.00, Time=1.3082},
    {Pos=Vector3.new(24.302,2.197,-15.430), Vel=Vector3.new(15.615,0.000,3.487), Move=Vector3.new(0.976,0,0.218), Jump=false, CFrame=CFrame.new(14.340,11.138,-18.306,-0.279718,0.579159,-0.765724,0.000000,0.797561,0.603239,0.960082,0.168737,-0.223092), FOV=70.00, Time=1.3215},
    {Pos=Vector3.new(24.687,2.197,-15.323), Vel=Vector3.new(15.352,0.000,4.505), Move=Vector3.new(0.959,0,0.283), Jump=false, CFrame=CFrame.new(15.105,11.167,-18.859,-0.347990,0.567717,-0.746057,0.000000,0.795795,0.605566,0.937498,0.210731,-0.276929), FOV=70.00, Time=1.3499},
    {Pos=Vector3.new(24.940,2.197,-15.238), Vel=Vector3.new(15.152,0.000,5.137), Move=Vector3.new(0.947,0,0.322), Jump=false, CFrame=CFrame.new(15.511,11.202,-19.093,-0.379976,0.562748,-0.734120,0.000000,0.793647,0.608379,0.924996,0.231170,-0.301567), FOV=70.00, Time=1.3670},
    {Pos=Vector3.new(25.189,2.197,-15.143), Vel=Vector3.new(14.948,0.000,5.702), Move=Vector3.new(0.934,0,0.357), Jump=false, CFrame=CFrame.new(15.898,11.231,-19.266,-0.406958,0.557861,-0.723310,0.000000,0.791847,0.610720,0.913447,0.248537,-0.322248), FOV=70.00, Time=1.3848},
    {Pos=Vector3.new(25.435,2.197,-15.041), Vel=Vector3.new(14.771,0.000,6.147), Move=Vector3.new(0.923,0,0.385), Jump=false, CFrame=CFrame.new(16.240,11.240,-19.358,-0.426040,0.553148,-0.715903,0.000000,0.791312,0.611413,0.904704,0.260486,-0.337130), FOV=70.00, Time=1.4023},
    {Pos=Vector3.new(25.679,2.197,-14.934), Vel=Vector3.new(14.637,0.000,6.459), Move=Vector3.new(0.915,0,0.404), Jump=false, CFrame=CFrame.new(16.589,11.243,-19.462,-0.446979,0.547142,-0.707704,0.000000,0.791134,0.611643,0.894545,0.273391,-0.353620), FOV=70.00, Time=1.4167},
    {Pos=Vector3.new(25.921,2.197,-14.821), Vel=Vector3.new(14.483,0.000,6.797), Move=Vector3.new(0.905,0,0.426), Jump=false, CFrame=CFrame.new(16.902,11.243,-19.489,-0.460572,0.542908,-0.702228,0.000000,0.791134,0.611643,0.887622,0.281706,-0.364374), FOV=70.00, Time=1.4349},
    {Pos=Vector3.new(26.161,2.197,-14.704), Vel=Vector3.new(14.377,0.000,7.020), Move=Vector3.new(0.898,0,0.439), Jump=false, CFrame=CFrame.new(17.200,11.243,-19.483,-0.471415,0.539415,-0.697710,0.000000,0.791134,0.611643,0.881912,0.288338,-0.372952), FOV=70.00, Time=1.4504},
    {Pos=Vector3.new(26.399,2.197,-14.584), Vel=Vector3.new(14.289,0.000,7.196), Move=Vector3.new(0.893,0,0.450), Jump=false, CFrame=CFrame.new(17.487,11.243,-19.455,-0.480409,0.536439,-0.693860,0.000000,0.791134,0.611643,0.877045,0.293839,-0.380068), FOV=70.00, Time=1.4680},
    {Pos=Vector3.new(26.636,2.197,-14.462), Vel=Vector3.new(14.215,0.000,7.343), Move=Vector3.new(0.888,0,0.459), Jump=false, CFrame=CFrame.new(17.799,11.243,-19.466,-0.493687,0.531909,-0.688001,0.000000,0.791134,0.611643,0.869640,0.301960,-0.390572), FOV=70.00, Time=1.4834},
    {Pos=Vector3.new(26.871,2.197,-14.336), Vel=Vector3.new(14.102,0.000,7.557), Move=Vector3.new(0.881,0,0.473), Jump=false, CFrame=CFrame.new(18.134,11.243,-19.514,-0.510842,0.525814,-0.680118,0.000000,0.791134,0.611643,0.859675,0.312453,-0.404144), FOV=70.00, Time=1.4997},
    {Pos=Vector3.new(27.108,2.197,-14.214), Vel=Vector3.new(14.239,0.000,7.297), Move=Vector3.new(0.890,0,0.456), Jump=false, CFrame=CFrame.new(18.425,11.243,-19.480,-0.520152,0.522388,-0.675686,0.000000,0.791134,0.611643,0.854073,0.318148,-0.411510), FOV=70.00, Time=1.5237},
    {Pos=Vector3.new(27.354,2.197,-14.111), Vel=Vector3.new(14.789,0.000,6.104), Move=Vector3.new(0.925,0,0.380), Jump=false, CFrame=CFrame.new(18.715,11.243,-19.444,-0.528823,0.519121,-0.671461,0.000000,0.791134,0.611643,0.848732,0.323451,-0.418370), FOV=70.00, Time=1.5377},
    {Pos=Vector3.new(27.539,2.852,-14.035), Vel=Vector3.new(14.789,51.519,6.104), Move=Vector3.new(0.959,0,0.283), Jump=false, CFrame=CFrame.new(19.010,11.243,-19.419,-0.536770,0.516061,-0.667502,0.000000,0.791134,0.611643,0.843728,0.328312,-0.424657), FOV=70.00, Time=1.5519},
    {Pos=Vector3.new(27.793,3.676,-13.957), Vel=Vector3.new(15.491,48.249,3.826), Move=Vector3.new(0.979,0,0.204), Jump=false, CFrame=CFrame.new(19.242,11.876,-19.446,-0.546278,0.510883,-0.663762,0.000000,0.792453,0.609933,0.837604,0.333193,-0.432899), FOV=70.00, Time=1.5691},
    {Pos=Vector3.new(28.121,4.630,-13.901), Vel=Vector3.new(15.808,44.161,2.465), Move=Vector3.new(0.988,0,0.153), Jump=false, CFrame=CFrame.new(19.580,12.660,-19.550,-0.562892,0.501457,-0.657034,0.000000,0.794930,0.606701,0.826530,0.341507,-0.447460), FOV=70.00, Time=1.5892},
    {Pos=Vector3.new(28.518,5.663,-13.848), Vel=Vector3.new(15.865,39.256,2.076), Move=Vector3.new(0.992,0,0.130), Jump=false, CFrame=CFrame.new(19.948,13.566,-19.616,-0.573076,0.494061,-0.653825,0.000000,0.797832,0.602880,0.819502,0.345496,-0.457219), FOV=70.00, Time=1.6129},
    {Pos=Vector3.new(28.915,6.573,-13.805), Vel=Vector3.new(15.911,34.351,1.687), Move=Vector3.new(0.994,0,0.105), Jump=false, CFrame=CFrame.new(20.478,14.503,-19.870,-0.599508,0.476388,-0.643152,0.000000,0.803570,0.595210,0.800369,0.356833,-0.481747), FOV=70.00, Time=1.6369},
    {Pos=Vector3.new(29.377,7.479,-13.741), Vel=Vector3.new(15.816,28.629,2.418), Move=Vector3.new(0.988,0,0.152), Jump=false, CFrame=CFrame.new(21.564,15.706,-20.534,-0.666742,0.436682,-0.603957,0.000000,0.810366,0.585924,0.745289,0.390660,-0.540305), FOV=70.00, Time=1.6696},
    {Pos=Vector3.new(29.706,8.025,-13.684), Vel=Vector3.new(15.762,24.541,2.747), Move=Vector3.new(0.985,0,0.172), Jump=false, CFrame=CFrame.new(22.173,16.169,-20.896,-0.704713,0.413772,-0.576344,0.000000,0.812332,0.583195,0.709493,0.410985,-0.572461), FOV=70.00, Time=1.6890},
    {Pos=Vector3.new(30.034,8.485,-13.624), Vel=Vector3.new(15.731,20.454,2.923), Move=Vector3.new(0.983,0,0.183), Jump=false, CFrame=CFrame.new(22.854,16.685,-21.207,-0.739326,0.391095,-0.548126,0.000000,0.814031,0.580821,0.673348,0.429416,-0.601834), FOV=70.00, Time=1.7062},
    {Pos=Vector3.new(30.298,8.792,-13.591), Vel=Vector3.new(15.900,17.184,1.776), Move=Vector3.new(0.994,0,0.109), Jump=false, CFrame=CFrame.new(23.789,17.028,-21.761,-0.793319,0.347903,-0.499608,0.000000,0.820636,0.571452,0.608806,0.453344,-0.651026), FOV=70.00, Time=1.7220},
    {Pos=Vector3.new(30.431,8.925,-13.575), Vel=Vector3.new(15.887,15.549,1.894), Move=Vector3.new(0.993,0,0.120), Jump=false, CFrame=CFrame.new(24.345,17.315,-21.962,-0.814963,0.330224,-0.476222,0.000000,0.821762,0.569831,0.579513,0.464391,-0.669706), FOV=70.00, Time=1.7373},
    {Pos=Vector3.new(30.760,9.197,-13.525), Vel=Vector3.new(15.806,11.461,2.486), Move=Vector3.new(0.988,0,0.156), Jump=false, CFrame=CFrame.new(24.478,17.447,-21.947,-0.814963,0.330224,-0.476222,0.000000,0.821762,0.569831,0.579513,0.464391,-0.669706), FOV=70.00, Time=1.7534},
    {Pos=Vector3.new(31.104,9.412,-13.471), Vel=Vector3.new(12.274,6.556,1.930), Move=Vector3.new(0.000,0,0.000), Jump=false, CFrame=CFrame.new(25.230,17.720,-22.181,-0.842683,0.306803,-0.442445,0.000000,0.821762,0.569831,0.538410,0.480186,-0.692485), FOV=70.00, Time=1.7835},
    {Pos=Vector3.new(31.359,9.505,-13.431), Vel=Vector3.new(8.742,1.651,1.375), Move=Vector3.new(0.000,0,0.000), Jump=false, CFrame=CFrame.new(26.486,17.925,-22.654,-0.893413,0.255633,-0.369411,0.000000,0.822310,0.569040,0.449235,0.508388,-0.734663), FOV=70.00, Time=1.8024},
    {Pos=Vector3.new(31.480,9.498,-13.412), Vel=Vector3.new(6.388,-1.619,1.005), Move=Vector3.new(0.000,0,0.000), Jump=false, CFrame=CFrame.new(27.246,18.013,-22.854,-0.916496,0.227483,-0.329068,0.000000,0.822582,0.568647,0.400043,0.521163,-0.753893), FOV=70.00, Time=1.8208},
    {Pos=Vector3.new(31.562,9.437,-13.399), Vel=Vector3.new(4.034,-4.889,0.634), Move=Vector3.new(0.000,0,0.000), Jump=false, CFrame=CFrame.new(27.797,18.006,-23.011,-0.933627,0.203715,-0.294686,0.000000,0.822582,0.568647,0.358245,0.530904,-0.767985), FOV=70.00, Time=1.8362},
    {Pos=Vector3.new(31.605,9.322,-13.392), Vel=Vector3.new(1.679,-8.159,0.264), Move=Vector3.new(0.000,0,0.000), Jump=false, CFrame=CFrame.new(28.174,17.945,-23.107,-0.944155,0.187371,-0.271043,0.000000,0.822582,0.568647,0.329502,0.536891,-0.776645), FOV=70.00, Time=1.8543},
    {Pos=Vector3.new(31.613,9.101,-13.391), Vel=Vector3.new(0.026,-12.246,0.004), Move=Vector3.new(0.000,0,0.000), Jump=false, CFrame=CFrame.new(28.875,17.756,-23.358,-0.964467,0.148670,-0.218405,0.000000,0.826654,0.562710,0.264204,0.542715,-0.797281), FOV=70.00, Time=1.8750},
    {Pos=Vector3.new(31.613,8.862,-13.391), Vel=Vector3.new(0.001,-15.516,0.000), Move=Vector3.new(0.000,0,0.000), Jump=false, CFrame=CFrame.new(29.114,17.534,-23.417,-0.970325,0.136065,-0.199887,0.000000,0.826654,0.562710,0.241803,0.546012,-0.802124), FOV=70.00, Time=1.8908},
    {Pos=Vector3.new(31.613,8.314,-13.391), Vel=Vector3.new(0.000,-21.239,0.000), Move=Vector3.new(0.000,0,0.000), Jump=false, CFrame=CFrame.new(29.774,17.082,-23.559,-0.984047,0.100110,-0.147067,0.000000,0.826655,0.562710,0.177907,0.553733,-0.813467), FOV=70.00, Time=1.9212},
    {Pos=Vector3.new(31.613,7.926,-13.391), Vel=Vector3.new(0.000,-24.509,0.000), Move=Vector3.new(0.000,0,0.000), Jump=false, CFrame=CFrame.new(30.107,16.748,-23.614,-0.989328,0.081991,-0.120449,0.000000,0.826654,0.562710,0.145707,0.556705,-0.817832), FOV=70.00, Time=1.9348},
    {Pos=Vector3.new(31.613,7.484,-13.391), Vel=Vector3.new(0.000,-27.779,0.000), Move=Vector3.new(0.000,0,0.000), Jump=false, CFrame=CFrame.new(30.437,16.360,-23.657,-0.993500,0.064056,-0.094102,0.000000,0.826654,0.562710,0.113835,0.559052,-0.821281), FOV=70.00, Time=1.9535},
    {Pos=Vector3.new(31.613,6.987,-13.391), Vel=Vector3.new(0.000,-31.049,0.000), Move=Vector3.new(0.000,0,0.000), Jump=false, CFrame=CFrame.new(30.705,15.918,-23.684,-0.996134,0.049433,-0.072620,0.000000,0.826655,0.562710,0.087849,0.560534,-0.823458), FOV=70.00, Time=2.0566},
    {Pos=Vector3.new(31.613,3.527,-13.391), Vel=Vector3.new(-0.000,-12.321,0.000), Move=Vector3.new(0.000,0,0.000), Jump=false, CFrame=CFrame.new(31.701,12.858,-23.744,-0.999964,-0.004763,0.007040,0.000000,0.828272,0.560327,-0.008500,0.560307,-0.828242), FOV=70.00, Time=2.0842},
    {Pos=Vector3.new(31.587,3.532,-13.342), Vel=Vector3.new(-2.431,3.520,4.606), Move=Vector3.new(-0.466,0,0.885), Jump=false, CFrame=CFrame.new(31.701,11.931,-23.744,-0.999964,-0.004763,0.007040,0.000000,0.828272,0.560327,-0.008500,0.560307,-0.828242), FOV=70.00, Time=2.1002},
    {Pos=Vector3.new(31.517,3.596,-13.212), Vel=Vector3.new(-4.957,3.733,9.162), Move=Vector3.new(-0.479,0,0.878), Jump=false, CFrame=CFrame.new(31.675,11.936,-23.695,-0.999964,-0.004763,0.007040,0.000000,0.828272,0.560327,-0.008500,0.560307,-0.828242), FOV=70.00, Time=2.1246},
    {Pos=Vector3.new(31.332,3.656,-12.891), Vel=Vector3.new(-7.967,1.778,13.703), Move=Vector3.new(-0.504,0,0.864), Jump=false, CFrame=CFrame.new(31.605,12.000,-23.565,-0.999964,-0.004763,0.007040,0.000000,0.828272,0.560327,-0.008500,0.560307,-0.828242), FOV=70.00, Time=2.1405},
    {Pos=Vector3.new(31.111,3.681,-12.559), Vel=Vector3.new(-9.035,0.717,13.146), Move=Vector3.new(-0.568,0,0.823), Jump=false, CFrame=CFrame.new(31.350,12.071,-23.132,-0.999964,-0.004763,0.007040,0.000000,0.828272,0.560327,-0.008500,0.560307,-0.828242), FOV=70.00, Time=2.1664},
    {Pos=Vector3.new(30.955,3.689,-12.342), Vel=Vector3.new(-9.333,0.386,12.947), Move=Vector3.new(-0.586,0,0.810), Jump=false, CFrame=CFrame.new(31.199,12.085,-22.912,-0.999964,-0.004763,0.007040,0.000000,0.828272,0.560327,-0.008500,0.560307,-0.828242), FOV=70.00, Time=2.1852},
    {Pos=Vector3.new(30.795,3.693,-12.130), Vel=Vector3.new(-9.603,0.207,12.757), Move=Vector3.new(-0.603,0,0.798), Jump=false, CFrame=CFrame.new(31.043,12.093,-22.695,-0.999964,-0.004763,0.007040,0.000000,0.828272,0.560327,-0.008500,0.560307,-0.828242), FOV=70.00, Time=2.2045},
    {Pos=Vector3.new(30.630,3.695,-11.920), Vel=Vector3.new(-9.847,0.111,12.578), Move=Vector3.new(-0.618,0,0.786), Jump=false, CFrame=CFrame.new(30.883,12.097,-22.483,-0.999964,-0.004763,0.007040,0.000000,0.828272,0.560327,-0.008500,0.560307,-0.828242), FOV=70.00, Time=2.2176},
    {Pos=Vector3.new(30.463,3.696,-11.712), Vel=Vector3.new(-10.027,0.059,12.442), Move=Vector3.new(-0.629,0,0.777), Jump=false, CFrame=CFrame.new(30.718,12.099,-22.273,-0.999964,-0.004763,0.007040,0.000000,0.828272,0.560327,-0.008500,0.560307,-0.828242), FOV=70.00, Time=2.2363},
    {Pos=Vector3.new(30.293,3.697,-11.507), Vel=Vector3.new(-10.195,0.032,12.310), Move=Vector3.new(-0.639,0,0.769), Jump=false, CFrame=CFrame.new(30.551,12.100,-22.065,-0.999964,-0.004763,0.007040,0.000000,0.828272,0.560327,-0.008500,0.560307,-0.828242), FOV=70.00, Time=2.2535},
    {Pos=Vector3.new(30.120,3.697,-11.304), Vel=Vector3.new(-10.357,0.017,12.179), Move=Vector3.new(-0.649,0,0.761), Jump=false, CFrame=CFrame.new(30.381,12.101,-21.860,-0.999964,-0.004763,0.007040,0.000000,0.828272,0.560327,-0.008500,0.560307,-0.828242), FOV=70.00, Time=2.2711},
    {Pos=Vector3.new(29.945,3.697,-11.103), Vel=Vector3.new(-10.510,0.009,12.050), Move=Vector3.new(-0.658,0,0.753), Jump=false, CFrame=CFrame.new(30.208,12.101,-21.657,-0.999964,-0.004763,0.007040,0.000000,0.828272,0.560327,-0.008500,0.560307,-0.828242), FOV=70.00, Time=2.2853},
    {Pos=Vector3.new(29.768,3.697,-10.904), Vel=Vector3.new(-10.609,0.005,11.966), Move=Vector3.new(-0.664,0,0.747), Jump=false, CFrame=CFrame.new(30.033,12.101,-21.456,-0.999964,-0.004763,0.007040,0.000000,0.828272,0.560327,-0.008500,0.560307,-0.828242), FOV=70.00, Time=2.3005},
    {Pos=Vector3.new(29.500,3.697,-10.606), Vel=Vector3.new(-10.686,0.002,11.901), Move=Vector3.new(-0.669,0,0.743), Jump=false, CFrame=CFrame.new(29.856,12.101,-21.257,-0.999964,-0.004763,0.007040,0.000000,0.828272,0.560327,-0.008500,0.560307,-0.828242), FOV=70.00, Time=2.3215},
    {Pos=Vector3.new(29.321,3.697,-10.408), Vel=Vector3.new(-10.712,0.001,11.880), Move=Vector3.new(-0.670,0,0.742), Jump=false, CFrame=CFrame.new(29.588,12.102,-20.959,-0.999964,-0.004763,0.007040,0.000000,0.828272,0.560327,-0.008500,0.560307,-0.828242), FOV=70.00, Time=2.3371},
    {Pos=Vector3.new(29.232,3.697,-10.309), Vel=Vector3.new(-10.734,0.001,11.861), Move=Vector3.new(-0.672,0,0.741), Jump=false, CFrame=CFrame.new(29.409,12.102,-20.761,-0.999964,-0.004763,0.007040,0.000000,0.828272,0.560327,-0.008500,0.560307,-0.828242), FOV=70.00, Time=2.3502},
    {Pos=Vector3.new(29.053,3.697,-10.112), Vel=Vector3.new(-10.739,0.000,11.857), Move=Vector3.new(-0.672,0,0.741), Jump=false, CFrame=CFrame.new(29.320,12.102,-20.662,-0.999964,-0.004763,0.007040,0.000000,0.828272,0.560327,-0.008500,0.560307,-0.828242), FOV=70.00, Time=2.3663},
    {Pos=Vector3.new(28.874,3.698,-9.914), Vel=Vector3.new(-10.741,0.000,11.856), Move=Vector3.new(-0.672,0,0.741), Jump=false, CFrame=CFrame.new(29.141,12.102,-20.465,-0.999964,-0.004763,0.007040,0.000000,0.828272,0.560327,-0.008500,0.560307,-0.828242), FOV=70.00, Time=2.3845},
    {Pos=Vector3.new(28.695,3.698,-9.717), Vel=Vector3.new(-10.721,0.000,11.875), Move=Vector3.new(-0.670,0,0.742), Jump=false, CFrame=CFrame.new(28.962,12.102,-20.267,-0.999964,-0.004763,0.007040,0.000000,0.828272,0.560327,-0.008500,0.560307,-0.828242), FOV=70.00, Time=2.4026},
    {Pos=Vector3.new(28.516,3.698,-9.519), Vel=Vector3.new(-10.721,0.000,11.875), Move=Vector3.new(-0.670,0,0.742), Jump=false, CFrame=CFrame.new(28.783,12.102,-20.070,-0.999964,-0.004763,0.007040,0.000000,0.828272,0.560327,-0.008500,0.560307,-0.828242), FOV=70.00, Time=2.4177},
    {Pos=Vector3.new(28.338,3.698,-9.320), Vel=Vector3.new(-10.677,0.000,11.915), Move=Vector3.new(-0.668,0,0.745), Jump=false, CFrame=CFrame.new(28.604,12.102,-19.872,-0.999964,-0.004763,0.007040,0.000000,0.828272,0.560327,-0.008500,0.560307,-0.828242), FOV=70.00, Time=2.4357},
    {Pos=Vector3.new(28.115,3.646,-9.072), Vel=Vector3.new(-10.676,-4.087,11.916), Move=Vector3.new(-0.663,0,0.748), Jump=false, CFrame=CFrame.new(28.426,12.102,-19.673,-0.999964,-0.004763,0.007040,0.000000,0.828272,0.560327,-0.008500,0.560307,-0.828242), FOV=70.00, Time=2.4542},
    {Pos=Vector3.new(27.982,3.575,-8.923), Vel=Vector3.new(-10.676,-6.540,11.916), Move=Vector3.new(-0.657,0,0.754), Jump=false, CFrame=CFrame.new(28.203,12.050,-19.425,-0.999964,-0.004763,0.007040,0.000000,0.828272,0.560327,-0.008500,0.560307,-0.828242), FOV=70.00, Time=2.4703},
    {Pos=Vector3.new(27.804,3.432,-8.725), Vel=Vector3.new(-10.677,-9.810,11.916), Move=Vector3.new(-0.641,0,0.768), Jump=false, CFrame=CFrame.new(28.070,11.979,-19.276,-0.999964,-0.004763,0.007040,0.000000,0.828272,0.560327,-0.008500,0.560307,-0.828242), FOV=70.00, Time=2.4866},
    {Pos=Vector3.new(27.626,3.234,-8.526), Vel=Vector3.new(-10.677,-13.080,11.916), Move=Vector3.new(-0.620,0,0.785), Jump=false, CFrame=CFrame.new(27.892,11.836,-19.078,-0.999964,-0.004763,0.007040,0.000000,0.828272,0.560327,-0.008500,0.560307,-0.828242), FOV=70.00, Time=2.5016},
    {Pos=Vector3.new(27.448,2.982,-8.327), Vel=Vector3.new(-10.677,-16.350,11.917), Move=Vector3.new(-0.600,0,0.800), Jump=false, CFrame=CFrame.new(27.714,11.638,-18.879,-0.999964,-0.004763,0.007040,0.000000,0.828272,0.560327,-0.008500,0.560307,-0.828242), FOV=70.00, Time=2.5185},
    {Pos=Vector3.new(27.290,2.676,-8.113), Vel=Vector3.new(-9.324,-19.620,13.000), Move=Vector3.new(-0.581,0,0.814), Jump=false, CFrame=CFrame.new(27.536,11.386,-18.680,-0.999964,-0.004763,0.007040,0.000000,0.828272,0.560327,-0.008500,0.560307,-0.828242), FOV=70.00, Time=2.5360},
    {Pos=Vector3.new(27.137,2.315,-7.894), Vel=Vector3.new(-9.103,-22.890,13.157), Move=Vector3.new(-0.569,0,0.823), Jump=false, CFrame=CFrame.new(27.378,11.080,-18.466,-0.999964,-0.004763,0.007040,0.000000,0.828272,0.560327,-0.008500,0.560307,-0.828242), FOV=70.00, Time=2.5496},
    {Pos=Vector3.new(26.988,2.127,-7.673), Vel=Vector3.new(-8.958,-2.668,13.257), Move=Vector3.new(-0.559,0,0.829), Jump=false, CFrame=CFrame.new(27.225,10.719,-18.247,-0.999964,-0.004763,0.007040,0.000000,0.828272,0.560327,-0.008500,0.560307,-0.828242), FOV=70.00, Time=2.5664},
    {Pos=Vector3.new(26.840,2.138,-7.451), Vel=Vector3.new(-8.843,1.475,13.333), Move=Vector3.new(-0.552,0,0.834), Jump=false, CFrame=CFrame.new(27.076,10.531,-18.026,-0.999964,-0.004763,0.007040,0.000000,0.828272,0.560327,-0.008500,0.560307,-0.828242), FOV=70.00, Time=2.5834},
    {Pos=Vector3.new(26.694,2.162,-7.228), Vel=Vector3.new(-8.769,1.266,13.383), Move=Vector3.new(-0.548,0,0.837), Jump=false, CFrame=CFrame.new(26.928,10.542,-17.804,-0.999964,-0.004763,0.007040,0.000000,0.828272,0.560327,-0.008500,0.560307,-0.828242), FOV=70.00, Time=2.6003},
    {Pos=Vector3.new(26.548,2.178,-7.005), Vel=Vector3.new(-8.750,0.763,13.395), Move=Vector3.new(-0.547,0,0.837), Jump=false, CFrame=CFrame.new(26.782,10.566,-17.581,-0.999964,-0.004763,0.007040,0.000000,0.828272,0.560327,-0.008500,0.560307,-0.828242), FOV=70.00, Time=2.6175},
    {Pos=Vector3.new(26.403,2.187,-6.782), Vel=Vector3.new(-8.738,0.427,13.403), Move=Vector3.new(-0.546,0,0.838), Jump=false, CFrame=CFrame.new(26.636,10.582,-17.358,-0.999964,-0.004763,0.007040,0.000000,0.828272,0.560327,-0.008500,0.560307,-0.828242), FOV=70.00, Time=2.6362},
    {Pos=Vector3.new(26.257,2.192,-6.558), Vel=Vector3.new(-8.730,0.234,13.409), Move=Vector3.new(-0.545,0,0.838), Jump=false, CFrame=CFrame.new(26.491,10.591,-17.135,-0.999964,-0.004763,0.007040,0.000000,0.828272,0.560327,-0.008500,0.560307,-0.828242), FOV=70.00, Time=2.6522},
    {Pos=Vector3.new(26.148,2.194,-6.391), Vel=Vector3.new(-8.729,0.149,13.409), Move=Vector3.new(-0.545,0,0.838), Jump=false, CFrame=CFrame.new(26.345,10.596,-16.911,-0.999964,-0.004763,0.007040,0.000000,0.828272,0.560327,-0.008500,0.560307,-0.828242), FOV=70.00, Time=2.6658},
    {Pos=Vector3.new(25.966,2.196,-6.111), Vel=Vector3.new(-8.729,0.070,13.409), Move=Vector3.new(-0.545,0,0.838), Jump=false, CFrame=CFrame.new(26.225,10.575,-16.759,-0.999973,-0.004138,0.006146,0.000000,0.829480,0.558537,-0.007409,0.558521,-0.829457), FOV=70.00, Time=2.6839},
    {Pos=Vector3.new(25.821,2.197,-5.887), Vel=Vector3.new(-8.714,0.041,13.418), Move=Vector3.new(-0.545,0,0.839), Jump=false, CFrame=CFrame.new(26.043,10.577,-16.479,-0.999973,-0.004138,0.006146,0.000000,0.829480,0.558537,-0.007409,0.558521,-0.829457), FOV=70.00, Time=2.6997},
    {Pos=Vector3.new(25.676,2.197,-5.664), Vel=Vector3.new(-8.714,0.023,13.419), Move=Vector3.new(-0.545,0,0.839), Jump=false, CFrame=CFrame.new(25.898,10.571,-16.261,-0.999973,-0.004134,0.006149,0.000000,0.829882,0.557939,-0.007409,0.557924,-0.829859), FOV=70.00, Time=2.7173},
    {Pos=Vector3.new(25.530,2.197,-5.440), Vel=Vector3.new(-8.714,0.012,13.419), Move=Vector3.new(-0.545,0,0.839), Jump=false, CFrame=CFrame.new(25.753,10.571,-16.037,-0.999973,-0.004134,0.006149,0.000000,0.829882,0.557939,-0.007409,0.557924,-0.829859), FOV=70.00, Time=2.7337},
    {Pos=Vector3.new(25.385,2.197,-5.217), Vel=Vector3.new(-8.714,0.007,13.419), Move=Vector3.new(-0.545,0,0.839), Jump=false, CFrame=CFrame.new(25.607,10.571,-15.813,-0.999973,-0.004134,0.006149,0.000000,0.829882,0.557939,-0.007409,0.557924,-0.829859), FOV=70.00, Time=2.7501},
