-- V23 FULL PLAYBACK (FIXED)

local Players = game:GetService("Players")
local RunService = game:GetService("RunService")

local cam = workspace.CurrentCamera
local plr = Players.LocalPlayer
local char = plr.Character or plr.CharacterAdded:Wait()
local hum = char:WaitForChild("Humanoid")
local hrp = char:WaitForChild("HumanoidRootPart")

hum.AutoRotate = false
cam.CameraType = Enum.CameraType.Scriptable
task.wait(1)

cam.CFrame = CFrame.new(-143.611,9.765,-16.830,-0.096992,0.216044,-0.971554,0.000000,0.976156,0.217068,0.995285,0.021054,-0.094679)
cam.FieldOfView = 70.00
hum:Move(Vector3.new(1.000,0,-0.023),true)
hrp.AssemblyLinearVelocity = Vector3.new(3.216,0.000,-0.073)

do
	local look = cam.CFrame.LookVector
	local flat = Vector3.new(look.X,0,look.Z)
	if flat.Magnitude > 0 then
		hrp.CFrame = CFrame.new(Vector3.new(-122.674,3.697,-14.796), Vector3.new(-122.674,3.697,-14.796) + flat.Unit)
	end
end

task.wait(0.2500)

cam.CFrame = CFrame.new(-143.563,9.765,-16.831,-0.096992,0.216044,-0.971554,0.000000,0.976156,0.217068,0.995285,0.021054,-0.094679)
cam.FieldOfView = 70.00
hum:Move(Vector3.new(1.000,0,-0.023),true)
hrp.AssemblyLinearVelocity = Vector3.new(8.424,0.000,-0.191)

do
	local look = cam.CFrame.LookVector
	local flat = Vector3.new(look.X,0,look.Z)
	if flat.Magnitude > 0 then
		hrp.CFrame = CFrame.new(Vector3.new(-122.555,3.697,-14.798), Vector3.new(-122.555,3.697,-14.798) + flat.Unit)
	end
end

task.wait(0.0300)

cam.CFrame = CFrame.new(-143.239,9.765,-16.839,-0.096992,0.216044,-0.971554,0.000000,0.976156,0.217068,0.995285,0.021054,-0.094679)
cam.FieldOfView = 70.00
hum:Move(Vector3.new(1.000,0,-0.011),true)
hrp.AssemblyLinearVelocity = Vector3.new(15.942,0.000,-0.185)

do
	local look = cam.CFrame.LookVector
	local flat = Vector3.new(look.X,0,look.Z)
	if flat.Magnitude > 0 then
		hrp.CFrame = CFrame.new(Vector3.new(-122.087,3.697,-14.807), Vector3.new(-122.087,3.697,-14.807) + flat.Unit)
	end
end

task.wait(0.0321)

cam.CFrame = CFrame.new(-142.976,9.765,-16.843,-0.096992,0.216044,-0.971554,0.000000,0.976156,0.217068,0.995285,0.021054,-0.094679)
cam.FieldOfView = 70.00
hum:Move(Vector3.new(1.000,0,0.001),true)
hrp.AssemblyLinearVelocity = Vector3.new(15.999,0.000,0.017)

do
	local look = cam.CFrame.LookVector
	local flat = Vector3.new(look.X,0,look.Z)
	if flat.Magnitude > 0 then
		hrp.CFrame = CFrame.new(Vector3.new(-121.820,3.697,-14.807), Vector3.new(-121.820,3.697,-14.807) + flat.Unit)
	end
end

task.wait(0.0300)

cam.CFrame = CFrame.new(-142.709,9.765,-16.843,-0.096992,0.216044,-0.971554,0.000000,0.976156,0.217068,0.995285,0.021054,-0.094679)
cam.FieldOfView = 70.00
hum:Move(Vector3.new(1.000,0,0.009),true)
hrp.AssemblyLinearVelocity = Vector3.new(15.999,0.000,0.150)

do
	local look = cam.CFrame.LookVector
	local flat = Vector3.new(look.X,0,look.Z)
	if flat.Magnitude > 0 then
		hrp.CFrame = CFrame.new(Vector3.new(-121.553,3.697,-14.805), Vector3.new(-121.553,3.697,-14.805) + flat.Unit)
	end
end

task.wait(0.0300)

cam.CFrame = CFrame.new(-142.443,9.765,-16.840,-0.096992,0.216044,-0.971554,0.000000,0.976156,0.217068,0.995285,0.021054,-0.094679)
cam.FieldOfView = 70.00
hum:Move(Vector3.new(1.000,0,0.018),true)
hrp.AssemblyLinearVelocity = Vector3.new(15.997,0.000,0.292)

do
	local look = cam.CFrame.LookVector
	local flat = Vector3.new(look.X,0,look.Z)
	if flat.Magnitude > 0 then
		hrp.CFrame = CFrame.new(Vector3.new(-121.287,3.697,-14.800), Vector3.new(-121.287,3.697,-14.800) + flat.Unit)
	end
end

task.wait(0.0300)

cam.CFrame = CFrame.new(-142.176,9.765,-16.836,-0.096992,0.216044,-0.971554,0.000000,0.976156,0.217068,0.995285,0.021054,-0.094679)
cam.FieldOfView = 70.00
hum:Move(Vector3.new(1.000,0,0.026),true)
hrp.AssemblyLinearVelocity = Vector3.new(15.995,0.000,0.413)

do
	local look = cam.CFrame.LookVector
	local flat = Vector3.new(look.X,0,look.Z)
	if flat.Magnitude > 0 then
		hrp.CFrame = CFrame.new(Vector3.new(-121.020,3.697,-14.793), Vector3.new(-121.020,3.697,-14.793) + flat.Unit)
	end
end

task.wait(0.0300)

cam.CFrame = CFrame.new(-141.909,9.765,-16.829,-0.096992,0.216044,-0.971554,0.000000,0.976156,0.217068,0.995285,0.021054,-0.094679)
cam.FieldOfView = 70.00
hum:Move(Vector3.new(0.999,0,0.034),true)
hrp.AssemblyLinearVelocity = Vector3.new(15.991,0.000,0.541)

do
	local look = cam.CFrame.LookVector
	local flat = Vector3.new(look.X,0,look.Z)
	if flat.Magnitude > 0 then
		hrp.CFrame = CFrame.new(Vector3.new(-120.754,3.697,-14.784), Vector3.new(-120.754,3.697,-14.784) + flat.Unit)
	end
end

task.wait(0.0300)

cam.CFrame = CFrame.new(-141.643,9.765,-16.820,-0.096992,0.216044,-0.971554,0.000000,0.976156,0.217068,0.995285,0.021054,-0.094679)
cam.FieldOfView = 70.00
hum:Move(Vector3.new(0.999,0,0.040),true)
hrp.AssemblyLinearVelocity = Vector3.new(15.987,0.000,0.638)

do
	local look = cam.CFrame.LookVector
	local flat = Vector3.new(look.X,0,look.Z)
	if flat.Magnitude > 0 then
		hrp.CFrame = CFrame.new(Vector3.new(-120.487,3.697,-14.774), Vector3.new(-120.487,3.697,-14.774) + flat.Unit)
	end
end

task.wait(0.0300)

cam.CFrame = CFrame.new(-141.376,9.765,-16.809,-0.096992,0.216044,-0.971554,0.000000,0.976156,0.217068,0.995285,0.021054,-0.094679)
cam.FieldOfView = 70.00
hum:Move(Vector3.new(0.999,0,0.046),true)
hrp.AssemblyLinearVelocity = Vector3.new(15.983,0.000,0.735)

do
	local look = cam.CFrame.LookVector
	local flat = Vector3.new(look.X,0,look.Z)
	if flat.Magnitude > 0 then
		hrp.CFrame = CFrame.new(Vector3.new(-120.221,3.697,-14.761), Vector3.new(-120.221,3.697,-14.761) + flat.Unit)
	end
end

task.wait(0.0300)

cam.CFrame = CFrame.new(-141.110,9.765,-16.797,-0.096992,0.216044,-0.971554,0.000000,0.976156,0.217068,0.995285,0.021054,-0.094679)
cam.FieldOfView = 70.00
hum:Move(Vector3.new(0.999,0,0.053),true)
hrp.AssemblyLinearVelocity = Vector3.new(15.978,0.000,0.837)

do
	local look = cam.CFrame.LookVector
	local flat = Vector3.new(look.X,0,look.Z)
	if flat.Magnitude > 0 then
		hrp.CFrame = CFrame.new(Vector3.new(-119.955,3.697,-14.748), Vector3.new(-119.955,3.697,-14.748) + flat.Unit)
	end
end

task.wait(0.0300)

cam.CFrame = CFrame.new(-140.578,9.765,-16.767,-0.096992,0.216044,-0.971554,0.000000,0.976156,0.217068,0.995285,0.021054,-0.094679)
cam.FieldOfView = 70.00
hum:Move(Vector3.new(0.998,0,0.071),true)
hrp.AssemblyLinearVelocity = Vector3.new(15.960,0.000,1.126)

do
	local look = cam.CFrame.LookVector
	local flat = Vector3.new(look.X,0,look.Z)
	if flat.Magnitude > 0 then
		hrp.CFrame = CFrame.new(Vector3.new(-119.422,3.697,-14.713), Vector3.new(-119.422,3.697,-14.713) + flat.Unit)
	end
end

task.wait(0.0331)

cam.CFrame = CFrame.new(-140.312,9.765,-16.749,-0.096992,0.216044,-0.971554,0.000000,0.976156,0.217068,0.995285,0.021054,-0.094679)
cam.FieldOfView = 70.00
hum:Move(Vector3.new(0.997,0,0.079),true)
hrp.AssemblyLinearVelocity = Vector3.new(15.950,0.000,1.260)

do
	local look = cam.CFrame.LookVector
	local flat = Vector3.new(look.X,0,look.Z)
	if flat.Magnitude > 0 then
		hrp.CFrame = CFrame.new(Vector3.new(-119.157,3.697,-14.692), Vector3.new(-119.157,3.697,-14.692) + flat.Unit)
	end
end

task.wait(0.0300)

cam.CFrame = CFrame.new(-140.046,9.765,-16.728,-0.096992,0.216044,-0.971554,0.000000,0.976156,0.217068,0.995285,0.021054,-0.094679)
cam.FieldOfView = 70.00
hum:Move(Vector3.new(0.996,0,0.085),true)
hrp.AssemblyLinearVelocity = Vector3.new(15.942,0.000,1.359)

do
	local look = cam.CFrame.LookVector
	local flat = Vector3.new(look.X,0,look.Z)
	if flat.Magnitude > 0 then
		hrp.CFrame = CFrame.new(Vector3.new(-118.891,3.697,-14.669), Vector3.new(-118.891,3.697,-14.669) + flat.Unit)
	end
end

task.wait(0.0300)

cam.CFrame = CFrame.new(-139.780,9.765,-16.705,-0.096992,0.216044,-0.971554,0.000000,0.976156,0.217068,0.995285,0.021054,-0.094679)
cam.FieldOfView = 70.00
hum:Move(Vector3.new(0.996,0,0.089),true)
hrp.AssemblyLinearVelocity = Vector3.new(15.936,0.000,1.426)

do
	local look = cam.CFrame.LookVector
	local flat = Vector3.new(look.X,0,look.Z)
	if flat.Magnitude > 0 then
		hrp.CFrame = CFrame.new(Vector3.new(-118.625,3.697,-14.646), Vector3.new(-118.625,3.697,-14.646) + flat.Unit)
	end
end

task.wait(0.0300)

cam.CFrame = CFrame.new(-139.514,9.765,-16.681,-0.096992,0.216044,-0.971554,0.000000,0.976156,0.217068,0.995285,0.021054,-0.094679)
cam.FieldOfView = 70.00
hum:Move(Vector3.new(0.996,0,0.093),true)
hrp.AssemblyLinearVelocity = Vector3.new(15.931,0.000,1.483)

do
	local look = cam.CFrame.LookVector
	local flat = Vector3.new(look.X,0,look.Z)
	if flat.Magnitude > 0 then
		hrp.CFrame = CFrame.new(Vector3.new(-118.360,3.697,-14.621), Vector3.new(-118.360,3.697,-14.621) + flat.Unit)
	end
end

task.wait(0.0300)

cam.CFrame = CFrame.new(-139.249,9.765,-16.657,-0.096992,0.216044,-0.971554,0.000000,0.976156,0.217068,0.995285,0.021054,-0.094679)
cam.FieldOfView = 70.00
hum:Move(Vector3.new(0.995,0,0.095),true)
hrp.AssemblyLinearVelocity = Vector3.new(15.928,0.000,1.517)

do
	local look = cam.CFrame.LookVector
	local flat = Vector3.new(look.X,0,look.Z)
	if flat.Magnitude > 0 then
		hrp.CFrame = CFrame.new(Vector3.new(-118.094,3.697,-14.596), Vector3.new(-118.094,3.697,-14.596) + flat.Unit)
	end
end

task.wait(0.0300)

cam.CFrame = CFrame.new(-138.983,9.765,-16.631,-0.096992,0.216044,-0.971554,0.000000,0.976156,0.217068,0.995285,0.021054,-0.094679)
cam.FieldOfView = 70.00
hum:Move(Vector3.new(0.995,0,0.099),true)
hrp.AssemblyLinearVelocity = Vector3.new(15.922,0.000,1.577)

do
	local look = cam.CFrame.LookVector
	local flat = Vector3.new(look.X,0,look.Z)
	if flat.Magnitude > 0 then
		hrp.CFrame = CFrame.new(Vector3.new(-117.829,3.697,-14.570), Vector3.new(-117.829,3.697,-14.570) + flat.Unit)
	end
end

task.wait(0.0300)

cam.CFrame = CFrame.new(-138.718,9.765,-16.605,-0.096992,0.216044,-0.971554,0.000000,0.976156,0.217068,0.995285,0.021054,-0.094679)
cam.FieldOfView = 70.00
hum:Move(Vector3.new(0.995,0,0.099),true)
hrp.AssemblyLinearVelocity = Vector3.new(15.922,-3.270,1.579)

do
	local look = cam.CFrame.LookVector
	local flat = Vector3.new(look.X,0,look.Z)
	if flat.Magnitude > 0 then
		hrp.CFrame = CFrame.new(Vector3.new(-117.564,3.663,-14.543), Vector3.new(-117.564,3.663,-14.543) + flat.Unit)
	end
end

task.wait(0.0300)

cam.CFrame = CFrame.new(-138.453,9.731,-16.579,-0.096992,0.216044,-0.971554,0.000000,0.976156,0.217068,0.995285,0.021054,-0.094679)
cam.FieldOfView = 70.00
hum:Move(Vector3.new(0.995,0,0.102),true)
hrp.AssemblyLinearVelocity = Vector3.new(15.922,-6.540,1.579)

do
	local look = cam.CFrame.LookVector
	local flat = Vector3.new(look.X,0,look.Z)
	if flat.Magnitude > 0 then
		hrp.CFrame = CFrame.new(Vector3.new(-117.298,3.575,-14.517), Vector3.new(-117.298,3.575,-14.517) + flat.Unit)
	end
end

task.wait(0.0300)

cam.CFrame = CFrame.new(-138.187,9.642,-16.553,-0.096992,0.216044,-0.971554,0.000000,0.976156,0.217068,0.995285,0.021054,-0.094679)
cam.FieldOfView = 70.00
hum:Move(Vector3.new(0.995,0,0.102),true)
hrp.AssemblyLinearVelocity = Vector3.new(15.922,-9.810,1.579)

do
	local look = cam.CFrame.LookVector
	local flat = Vector3.new(look.X,0,look.Z)
	if flat.Magnitude > 0 then
		hrp.CFrame = CFrame.new(Vector3.new(-117.033,3.432,-14.491), Vector3.new(-117.033,3.432,-14.491) + flat.Unit)
	end
end

task.wait(0.0300)

cam.CFrame = CFrame.new(-137.922,9.499,-16.526,-0.096992,0.216044,-0.971554,0.000000,0.976156,0.217068,0.995285,0.021054,-0.094679)
cam.FieldOfView = 70.00
hum:Move(Vector3.new(0.995,0,0.102),true)
hrp.AssemblyLinearVelocity = Vector3.new(15.922,-13.080,1.579)

do
	local look = cam.CFrame.LookVector
	local flat = Vector3.new(look.X,0,look.Z)
	if flat.Magnitude > 0 then
		hrp.CFrame = CFrame.new(Vector3.new(-116.767,3.234,-14.464), Vector3.new(-116.767,3.234,-14.464) + flat.Unit)
	end
end

task.wait(0.0300)

cam.CFrame = CFrame.new(-137.657,9.301,-16.500,-0.096992,0.216044,-0.971554,0.000000,0.976156,0.217068,0.995285,0.021054,-0.094679)
cam.FieldOfView = 70.00
hum:Move(Vector3.new(0.995,0,0.102),true)
hrp.AssemblyLinearVelocity = Vector3.new(15.922,-16.350,1.579)

do
	local look = cam.CFrame.LookVector
	local flat = Vector3.new(look.X,0,look.Z)
	if flat.Magnitude > 0 then
		hrp.CFrame = CFrame.new(Vector3.new(-116.502,2.982,-14.438), Vector3.new(-116.502,2.982,-14.438) + flat.Unit)
	end
end

task.wait(0.0300)

cam.CFrame = CFrame.new(-137.391,9.049,-16.474,-0.096992,0.216044,-0.971554,0.000000,0.976156,0.217068,0.995285,0.021054,-0.094679)
cam.FieldOfView = 70.00
hum:Move(Vector3.new(0.995,0,0.102),true)
hrp.AssemblyLinearVelocity = Vector3.new(15.916,-19.620,1.635)

do
	local look = cam.CFrame.LookVector
	local flat = Vector3.new(look.X,0,look.Z)
	if flat.Magnitude > 0 then
		hrp.CFrame = CFrame.new(Vector3.new(-116.237,2.676,-14.411), Vector3.new(-116.237,2.676,-14.411) + flat.Unit)
	end
end

task.wait(0.0300)

cam.CFrame = CFrame.new(-137.126,8.743,-16.446,-0.096992,0.216044,-0.971554,0.000000,0.976156,0.217068,0.995285,0.021054,-0.094679)
cam.FieldOfView = 70.00
hum:Move(Vector3.new(0.995,0,0.102),true)
hrp.AssemblyLinearVelocity = Vector3.new(15.916,-22.890,1.636)

do
	local look = cam.CFrame.LookVector
	local flat = Vector3.new(look.X,0,look.Z)
	if flat.Magnitude > 0 then
		hrp.CFrame = CFrame.new(Vector3.new(-115.972,2.315,-14.383), Vector3.new(-115.972,2.315,-14.383) + flat.Unit)
	end
end

task.wait(0.0300)

cam.CFrame = CFrame.new(-136.861,8.382,-16.419,-0.096992,0.216044,-0.971554,0.000000,0.976156,0.217068,0.995285,0.021054,-0.094679)
cam.FieldOfView = 70.00
hum:Move(Vector3.new(0.995,0,0.102),true)
hrp.AssemblyLinearVelocity = Vector3.new(15.916,-2.667,1.636)

do
	local look = cam.CFrame.LookVector
	local flat = Vector3.new(look.X,0,look.Z)
	if flat.Magnitude > 0 then
		hrp.CFrame = CFrame.new(Vector3.new(-115.706,2.127,-14.356), Vector3.new(-115.706,2.127,-14.356) + flat.Unit)
	end
end

task.wait(0.0300)

cam.CFrame = CFrame.new(-136.595,8.194,-16.392,-0.096992,0.216044,-0.971554,0.000000,0.976156,0.217068,0.995285,0.021054,-0.094679)
cam.FieldOfView = 70.00
hum:Move(Vector3.new(0.995,0,0.102),true)
hrp.AssemblyLinearVelocity = Vector3.new(15.916,1.475,1.636)

do
	local look = cam.CFrame.LookVector
	local flat = Vector3.new(look.X,0,look.Z)
	if flat.Magnitude > 0 then
		hrp.CFrame = CFrame.new(Vector3.new(-115.441,2.138,-14.329), Vector3.new(-115.441,2.138,-14.329) + flat.Unit)
	end
end

task.wait(0.0300)

cam.CFrame = CFrame.new(-136.330,8.205,-16.365,-0.096992,0.216044,-0.971554,0.000000,0.976156,0.217068,0.995285,0.021054,-0.094679)
cam.FieldOfView = 70.00
hum:Move(Vector3.new(0.995,0,0.102),true)
hrp.AssemblyLinearVelocity = Vector3.new(15.916,1.266,1.636)

do
	local look = cam.CFrame.LookVector
	local flat = Vector3.new(look.X,0,look.Z)
	if flat.Magnitude > 0 then
		hrp.CFrame = CFrame.new(Vector3.new(-115.176,2.162,-14.302), Vector3.new(-115.176,2.162,-14.302) + flat.Unit)
	end
end

task.wait(0.0300)

cam.CFrame = CFrame.new(-136.065,8.229,-16.337,-0.096992,0.216044,-0.971554,0.000000,0.976156,0.217068,0.995285,0.021054,-0.094679)
cam.FieldOfView = 70.00
hum:Move(Vector3.new(0.995,0,0.102),true)
hrp.AssemblyLinearVelocity = Vector3.new(15.916,0.763,1.636)

do
	local look = cam.CFrame.LookVector
	local flat = Vector3.new(look.X,0,look.Z)
	if flat.Magnitude > 0 then
		hrp.CFrame = CFrame.new(Vector3.new(-114.911,2.178,-14.274), Vector3.new(-114.911,2.178,-14.274) + flat.Unit)
	end
end

task.wait(0.0300)

cam.CFrame = CFrame.new(-135.534,8.254,-16.283,-0.096992,0.216044,-0.971554,0.000000,0.976156,0.217068,0.995285,0.021054,-0.094679)
cam.FieldOfView = 70.00
hum:Move(Vector3.new(0.994,0,0.105),true)
hrp.AssemblyLinearVelocity = Vector3.new(15.912,0.234,1.677)

do
	local look = cam.CFrame.LookVector
	local flat = Vector3.new(look.X,0,look.Z)
	if flat.Magnitude > 0 then
		hrp.CFrame = CFrame.new(Vector3.new(-114.380,2.192,-14.219), Vector3.new(-114.380,2.192,-14.219) + flat.Unit)
	end
end

task.wait(0.0322)

cam.CFrame = CFrame.new(-135.269,8.259,-16.255,-0.096992,0.216044,-0.971554,0.000000,0.976156,0.217068,0.995285,0.021054,-0.094679)
cam.FieldOfView = 70.00
hum:Move(Vector3.new(0.994,0,0.105),true)
hrp.AssemblyLinearVelocity = Vector3.new(15.912,0.128,1.678)

do
	local look = cam.CFrame.LookVector
	local flat = Vector3.new(look.X,0,look.Z)
	if flat.Magnitude > 0 then
		hrp.CFrame = CFrame.new(Vector3.new(-114.115,2.194,-14.191), Vector3.new(-114.115,2.194,-14.191) + flat.Unit)
	end
end

task.wait(0.0300)

cam.CFrame = CFrame.new(-135.004,8.261,-16.227,-0.096992,0.216044,-0.971554,0.000000,0.976156,0.217068,0.995285,0.021054,-0.094679)
cam.FieldOfView = 70.00
hum:Move(Vector3.new(0.994,0,0.105),true)
hrp.AssemblyLinearVelocity = Vector3.new(15.912,0.070,1.678)

do
	local look = cam.CFrame.LookVector
	local flat = Vector3.new(look.X,0,look.Z)
	if flat.Magnitude > 0 then
		hrp.CFrame = CFrame.new(Vector3.new(-113.850,2.196,-14.163), Vector3.new(-113.850,2.196,-14.163) + flat.Unit)
	end
end

task.wait(0.0300)

cam.CFrame = CFrame.new(-134.739,8.263,-16.199,-0.096992,0.216044,-0.971554,0.000000,0.976156,0.217068,0.995285,0.021054,-0.094679)
cam.FieldOfView = 70.00
hum:Move(Vector3.new(0.994,0,0.105),true)
hrp.AssemblyLinearVelocity = Vector3.new(15.912,0.036,1.678)

do
	local look = cam.CFrame.LookVector
	local flat = Vector3.new(look.X,0,look.Z)
	if flat.Magnitude > 0 then
		hrp.CFrame = CFrame.new(Vector3.new(-113.518,2.197,-14.128), Vector3.new(-113.518,2.197,-14.128) + flat.Unit)
	end
end

task.wait(0.0300)

cam.CFrame = CFrame.new(-134.142,8.264,-16.136,-0.096992,0.216044,-0.971554,0.000000,0.976156,0.217068,0.995285,0.021054,-0.094679)
cam.FieldOfView = 70.00
hum:Move(Vector3.new(0.994,0,0.105),true)
hrp.AssemblyLinearVelocity = Vector3.new(15.912,0.011,1.678)

do
	local look = cam.CFrame.LookVector
	local flat = Vector3.new(look.X,0,look.Z)
	if flat.Magnitude > 0 then
		hrp.CFrame = CFrame.new(Vector3.new(-112.988,2.197,-14.072), Vector3.new(-112.988,2.197,-14.072) + flat.Unit)
	end
end

task.wait(0.0323)

cam.CFrame = CFrame.new(-133.877,8.264,-16.108,-0.096992,0.216044,-0.971554,0.000000,0.976156,0.217068,0.995285,0.021054,-0.094679)
cam.FieldOfView = 70.00
hum:Move(Vector3.new(0.994,0,0.105),true)
hrp.AssemblyLinearVelocity = Vector3.new(15.912,0.006,1.678)

do
	local look = cam.CFrame.LookVector
	local flat = Vector3.new(look.X,0,look.Z)
	if flat.Magnitude > 0 then
		hrp.CFrame = CFrame.new(Vector3.new(-112.723,2.197,-14.044), Vector3.new(-112.723,2.197,-14.044) + flat.Unit)
	end
end

task.wait(0.0300)

cam.CFrame = CFrame.new(-133.612,8.264,-16.080,-0.096992,0.216044,-0.971554,0.000000,0.976156,0.217068,0.995285,0.021054,-0.094679)
cam.FieldOfView = 70.00
hum:Move(Vector3.new(0.994,0,0.105),true)
hrp.AssemblyLinearVelocity = Vector3.new(15.912,0.003,1.678)

do
	local look = cam.CFrame.LookVector
	local flat = Vector3.new(look.X,0,look.Z)
	if flat.Magnitude > 0 then
		hrp.CFrame = CFrame.new(Vector3.new(-112.457,2.197,-14.016), Vector3.new(-112.457,2.197,-14.016) + flat.Unit)
	end
end

task.wait(0.0300)

cam.CFrame = CFrame.new(-133.346,8.265,-16.052,-0.096992,0.216044,-0.971554,0.000000,0.976156,0.217068,0.995285,0.021054,-0.094679)
cam.FieldOfView = 70.00
hum:Move(Vector3.new(0.994,0,0.105),true)
hrp.AssemblyLinearVelocity = Vector3.new(15.912,0.002,1.678)

do
	local look = cam.CFrame.LookVector
	local flat = Vector3.new(look.X,0,look.Z)
	if flat.Magnitude > 0 then
		hrp.CFrame = CFrame.new(Vector3.new(-112.192,2.197,-13.988), Vector3.new(-112.192,2.197,-13.988) + flat.Unit)
	end
end

task.wait(0.0300)

cam.CFrame = CFrame.new(-132.816,8.265,-15.996,-0.096992,0.216044,-0.971554,0.000000,0.976156,0.217068,0.995285,0.021054,-0.094679)
cam.FieldOfView = 70.00
hum:Move(Vector3.new(0.994,0,0.105),true)
hrp.AssemblyLinearVelocity = Vector3.new(15.912,0.000,1.678)

do
	local look = cam.CFrame.LookVector
	local flat = Vector3.new(look.X,0,look.Z)
	if flat.Magnitude > 0 then
		hrp.CFrame = CFrame.new(Vector3.new(-111.662,2.197,-13.933), Vector3.new(-111.662,2.197,-13.933) + flat.Unit)
	end
end

task.wait(0.0341)

cam.CFrame = CFrame.new(-132.286,8.265,-15.940,-0.096992,0.216044,-0.971554,0.000000,0.976156,0.217068,0.995285,0.021054,-0.094679)
cam.FieldOfView = 70.00
hum:Move(Vector3.new(0.994,0,0.105),true)
hrp.AssemblyLinearVelocity = Vector3.new(15.912,0.000,1.678)

do
	local look = cam.CFrame.LookVector
	local flat = Vector3.new(look.X,0,look.Z)
	if flat.Magnitude > 0 then
		hrp.CFrame = CFrame.new(Vector3.new(-111.131,2.197,-13.877), Vector3.new(-111.131,2.197,-13.877) + flat.Unit)
	end
end

task.wait(0.0319)

cam.CFrame = CFrame.new(-131.874,8.752,-16.209,-0.111739,0.238218,-0.964762,0.000000,0.970842,0.239719,0.993738,0.026786,-0.108481)
cam.FieldOfView = 70.00
hum:Move(Vector3.new(0.994,0,0.105),true)
hrp.AssemblyLinearVelocity = Vector3.new(15.912,0.000,1.678)

do
	local look = cam.CFrame.LookVector
	local flat = Vector3.new(look.X,0,look.Z)
	if flat.Magnitude > 0 then
		hrp.CFrame = CFrame.new(Vector3.new(-110.866,2.197,-13.849), Vector3.new(-110.866,2.197,-13.849) + flat.Unit)
	end
end

task.wait(0.0300)

cam.CFrame = CFrame.new(-131.168,9.842,-17.186,-0.162224,0.286582,-0.944221,0.000000,0.956896,0.290429,0.986754,0.047115,-0.155231)
cam.FieldOfView = 70.00
hum:Move(Vector3.new(0.993,0,0.120),true)
hrp.AssemblyLinearVelocity = Vector3.new(15.886,0.000,1.909)

do
	local look = cam.CFrame.LookVector
	local flat = Vector3.new(look.X,0,look.Z)
	if flat.Magnitude > 0 then
		hrp.CFrame = CFrame.new(Vector3.new(-110.601,2.197,-13.817), Vector3.new(-110.601,2.197,-13.817) + flat.Unit)
	end
end

task.wait(0.0300)

cam.CFrame = CFrame.new(-130.329,10.918,-18.236,-0.218587,0.332263,-0.917508,0.000000,0.940246,0.340497,0.975818,0.074428,-0.205525)
cam.FieldOfView = 70.00
hum:Move(Vector3.new(0.985,0,0.170),true)
hrp.AssemblyLinearVelocity = Vector3.new(15.770,0.000,2.703)

do
	local look = cam.CFrame.LookVector
	local flat = Vector3.new(look.X,0,look.Z)
	if flat.Magnitude > 0 then
		hrp.CFrame = CFrame.new(Vector3.new(-110.338,2.197,-13.773), Vector3.new(-110.338,2.197,-13.773) + flat.Unit)
	end
end

task.wait(0.0300)

cam.CFrame = CFrame.new(-129.620,11.562,-18.975,-0.260491,0.357641,-0.896793,0.000000,0.928860,0.370430,0.965476,0.096494,-0.241960)
cam.FieldOfView = 70.00
hum:Move(Vector3.new(0.974,0,0.226),true)
hrp.AssemblyLinearVelocity = Vector3.new(15.589,0.000,3.599)

do
	local look = cam.CFrame.LookVector
	local flat = Vector3.new(look.X,0,look.Z)
	if flat.Magnitude > 0 then
		hrp.CFrame = CFrame.new(Vector3.new(-110.079,2.197,-13.714), Vector3.new(-110.079,2.197,-13.714) + flat.Unit)
	end
end

task.wait(0.0300)

cam.CFrame = CFrame.new(-129.099,11.883,-19.357,-0.284417,0.369433,-0.884662,0.000000,0.922771,0.385348,0.958701,0.109599,-0.262452)
cam.FieldOfView = 70.00
hum:Move(Vector3.new(0.963,0,0.268),true)
hrp.AssemblyLinearVelocity = Vector3.new(15.418,0.000,4.271)

do
	local look = cam.CFrame.LookVector
	local flat = Vector3.new(look.X,0,look.Z)
	if flat.Magnitude > 0 then
		hrp.CFrame = CFrame.new(Vector3.new(-109.821,2.197,-13.643), Vector3.new(-109.821,2.197,-13.643) + flat.Unit)
	end
end

task.wait(0.0300)

cam.CFrame = CFrame.new(-128.678,12.106,-19.500,-0.296600,0.377915,-0.877046,0.000000,0.918370,0.395722,0.955002,0.117371,-0.272388)
cam.FieldOfView = 70.00
hum:Move(Vector3.new(0.956,0,0.292),true)
hrp.AssemblyLinearVelocity = Vector3.new(15.306,0.000,4.658)

do
	local look = cam.CFrame.LookVector
	local flat = Vector3.new(look.X,0,look.Z)
	if flat.Magnitude > 0 then
		hrp.CFrame = CFrame.new(Vector3.new(-109.566,2.197,-13.566), Vector3.new(-109.566,2.197,-13.566) + flat.Unit)
	end
end

task.wait(0.0300)

cam.CFrame = CFrame.new(-128.391,12.137,-19.480,-0.299723,0.378906,-0.875555,0.000000,0.917747,0.397165,0.954026,0.119040,-0.275070)
cam.FieldOfView = 70.00
hum:Move(Vector3.new(0.953,0,0.304),true)
hrp.AssemblyLinearVelocity = Vector3.new(15.244,0.000,4.857)

do
	local look = cam.CFrame.LookVector
	local flat = Vector3.new(look.X,0,look.Z)
	if flat.Magnitude > 0 then
		hrp.CFrame = CFrame.new(Vector3.new(-109.312,2.197,-13.485), Vector3.new(-109.312,2.197,-13.485) + flat.Unit)
	end
end

task.wait(0.0300)

cam.CFrame = CFrame.new(-128.137,12.137,-19.399,-0.299723,0.378906,-0.875555,0.000000,0.917747,0.397165,0.954026,0.119040,-0.275070)
cam.FieldOfView = 70.00
hum:Move(Vector3.new(0.952,0,0.307),true)
hrp.AssemblyLinearVelocity = Vector3.new(15.227,0.000,4.910)

do
	local look = cam.CFrame.LookVector
	local flat = Vector3.new(look.X,0,look.Z)
	if flat.Magnitude > 0 then
		hrp.CFrame = CFrame.new(Vector3.new(-109.058,2.197,-13.403), Vector3.new(-109.058,2.197,-13.403) + flat.Unit)
	end
end

task.wait(0.0300)

cam.CFrame = CFrame.new(-127.883,12.137,-19.317,-0.299723,0.378906,-0.875555,0.000000,0.917747,0.397165,0.954026,0.119040,-0.275070)
cam.FieldOfView = 70.00
hum:Move(Vector3.new(0.952,0,0.307),true)
hrp.AssemblyLinearVelocity = Vector3.new(15.227,0.000,4.912)

do
	local look = cam.CFrame.LookVector
	local flat = Vector3.new(look.X,0,look.Z)
	if flat.Magnitude > 0 then
		hrp.CFrame = CFrame.new(Vector3.new(-108.805,2.197,-13.321), Vector3.new(-108.805,2.197,-13.321) + flat.Unit)
	end
end

task.wait(0.0300)

cam.CFrame = CFrame.new(-127.630,12.137,-19.235,-0.299723,0.378906,-0.875555,0.000000,0.917747,0.397165,0.954026,0.119040,-0.275070)
cam.FieldOfView = 70.00
hum:Move(Vector3.new(0.953,0,0.304),true)
hrp.AssemblyLinearVelocity = Vector3.new(15.242,0.000,4.865)

do
	local look = cam.CFrame.LookVector
	local flat = Vector3.new(look.X,0,look.Z)
	if flat.Magnitude > 0 then
		hrp.CFrame = CFrame.new(Vector3.new(-108.550,2.197,-13.240), Vector3.new(-108.550,2.197,-13.240) + flat.Unit)
	end
end

task.wait(0.0300)

cam.CFrame = CFrame.new(-127.376,12.137,-19.154,-0.299723,0.378906,-0.875555,0.000000,0.917747,0.397165,0.954026,0.119040,-0.275070)
cam.FieldOfView = 70.00
hum:Move(Vector3.new(0.957,0,0.289),true)
hrp.AssemblyLinearVelocity = Vector3.new(15.318,0.000,4.620)

do
	local look = cam.CFrame.LookVector
	local flat = Vector3.new(look.X,0,look.Z)
	if flat.Magnitude > 0 then
		hrp.CFrame = CFrame.new(Vector3.new(-108.295,2.197,-13.163), Vector3.new(-108.295,2.197,-13.163) + flat.Unit)
	end
end

task.wait(0.0300)

cam.CFrame = CFrame.new(-127.120,12.137,-19.077,-0.299723,0.378906,-0.875555,0.000000,0.917747,0.397165,0.954026,0.119040,-0.275070)
cam.FieldOfView = 70.00
hum:Move(Vector3.new(0.962,0,0.275),true)
hrp.AssemblyLinearVelocity = Vector3.new(15.384,0.000,4.397)

do
	local look = cam.CFrame.LookVector
	local flat = Vector3.new(look.X,0,look.Z)
	if flat.Magnitude > 0 then
		hrp.CFrame = CFrame.new(Vector3.new(-108.039,2.197,-13.089), Vector3.new(-108.039,2.197,-13.089) + flat.Unit)
	end
end

task.wait(0.0300)

cam.CFrame = CFrame.new(-126.864,12.137,-19.003,-0.299723,0.378906,-0.875555,0.000000,0.917747,0.397165,0.954026,0.119040,-0.275070)
cam.FieldOfView = 70.00
hum:Move(Vector3.new(0.968,0,0.251),true)
hrp.AssemblyLinearVelocity = Vector3.new(15.488,0.000,4.016)

do
	local look = cam.CFrame.LookVector
	local flat = Vector3.new(look.X,0,look.Z)
	if flat.Magnitude > 0 then
		hrp.CFrame = CFrame.new(Vector3.new(-107.781,2.197,-13.022), Vector3.new(-107.781,2.197,-13.022) + flat.Unit)
	end
end

task.wait(0.0300)

cam.CFrame = CFrame.new(-126.606,12.137,-18.936,-0.299723,0.378906,-0.875555,0.000000,0.917747,0.397165,0.954026,0.119040,-0.275070)
cam.FieldOfView = 70.00
hum:Move(Vector3.new(0.972,0,0.236),true)
hrp.AssemblyLinearVelocity = Vector3.new(15.548,0.000,3.777)

do
	local look = cam.CFrame.LookVector
	local flat = Vector3.new(look.X,0,look.Z)
	if flat.Magnitude > 0 then
		hrp.CFrame = CFrame.new(Vector3.new(-107.522,2.197,-12.959), Vector3.new(-107.522,2.197,-12.959) + flat.Unit)
	end
end

task.wait(0.0300)

cam.CFrame = CFrame.new(-126.347,12.137,-18.873,-0.299723,0.378906,-0.875555,0.000000,0.917747,0.397165,0.954026,0.119040,-0.275070)
cam.FieldOfView = 70.00
hum:Move(Vector3.new(0.975,0,0.221),true)
hrp.AssemblyLinearVelocity = Vector3.new(15.604,0.000,3.537)

do
	local look = cam.CFrame.LookVector
	local flat = Vector3.new(look.X,0,look.Z)
	if flat.Magnitude > 0 then
		hrp.CFrame = CFrame.new(Vector3.new(-107.262,2.197,-12.899), Vector3.new(-107.262,2.197,-12.899) + flat.Unit)
	end
end

task.wait(0.0300)

cam.CFrame = CFrame.new(-125.826,12.137,-18.758,-0.299723,0.378906,-0.875555,0.000000,0.917747,0.397165,0.954026,0.119040,-0.275070)
cam.FieldOfView = 70.00
hum:Move(Vector3.new(0.981,0,0.196),true)
hrp.AssemblyLinearVelocity = Vector3.new(15.689,0.000,3.140)

do
	local look = cam.CFrame.LookVector
	local flat = Vector3.new(look.X,0,look.Z)
	if flat.Magnitude > 0 then
		hrp.CFrame = CFrame.new(Vector3.new(-106.740,2.197,-12.792), Vector3.new(-106.740,2.197,-12.792) + flat.Unit)
	end
end

task.wait(0.0319)

cam.CFrame = CFrame.new(-125.565,12.137,-18.706,-0.299723,0.378906,-0.875555,0.000000,0.917747,0.397165,0.954026,0.119040,-0.275070)
cam.FieldOfView = 70.00
hum:Move(Vector3.new(0.982,0,0.189),true)
hrp.AssemblyLinearVelocity = Vector3.new(15.711,0.000,3.028)

do
	local look = cam.CFrame.LookVector
	local flat = Vector3.new(look.X,0,look.Z)
	if flat.Magnitude > 0 then
		hrp.CFrame = CFrame.new(Vector3.new(-106.478,2.197,-12.741), Vector3.new(-106.478,2.197,-12.741) + flat.Unit)
	end
end

task.wait(0.0300)

cam.CFrame = CFrame.new(-125.303,12.137,-18.655,-0.299723,0.378906,-0.875555,0.000000,0.917747,0.397165,0.954026,0.119040,-0.275070)
cam.FieldOfView = 70.00
hum:Move(Vector3.new(0.982,0,0.189),true)
hrp.AssemblyLinearVelocity = Vector3.new(15.712,0.000,3.023)

do
	local look = cam.CFrame.LookVector
	local flat = Vector3.new(look.X,0,look.Z)
	if flat.Magnitude > 0 then
		hrp.CFrame = CFrame.new(Vector3.new(-106.216,2.197,-12.691), Vector3.new(-106.216,2.197,-12.691) + flat.Unit)
	end
end

task.wait(0.0300)

cam.CFrame = CFrame.new(-124.836,12.044,-18.541,-0.299723,0.378906,-0.875555,0.000000,0.917747,0.397165,0.954026,0.119040,-0.275070)
cam.FieldOfView = 70.00
hum:Move(Vector3.new(0.982,0,0.189),true)
hrp.AssemblyLinearVelocity = Vector3.new(15.712,0.000,3.023)

do
	local look = cam.CFrame.LookVector
	local flat = Vector3.new(look.X,0,look.Z)
	if flat.Magnitude > 0 then
		hrp.CFrame = CFrame.new(Vector3.new(-105.954,2.197,-12.640), Vector3.new(-105.954,2.197,-12.640) + flat.Unit)
	end
end

task.wait(0.0300)

cam.CFrame = CFrame.new(-124.014,11.790,-18.314,-0.299723,0.378906,-0.875555,0.000000,0.917747,0.397165,0.954026,0.119040,-0.275070)
cam.FieldOfView = 70.00
hum:Move(Vector3.new(0.982,0,0.189),true)
hrp.AssemblyLinearVelocity = Vector3.new(15.712,0.000,3.023)

do
	local look = cam.CFrame.LookVector
	local flat = Vector3.new(look.X,0,look.Z)
	if flat.Magnitude > 0 then
		hrp.CFrame = CFrame.new(Vector3.new(-105.692,2.197,-12.590), Vector3.new(-105.692,2.197,-12.590) + flat.Unit)
	end
end

task.wait(0.0300)

cam.CFrame = CFrame.new(-121.512,10.892,-17.592,-0.299723,0.378906,-0.875555,0.000000,0.917747,0.397165,0.954026,0.119040,-0.275070)
cam.FieldOfView = 70.00
hum:Move(Vector3.new(0.982,0,0.189),true)
hrp.AssemblyLinearVelocity = Vector3.new(15.712,0.000,3.022)

do
	local look = cam.CFrame.LookVector
	local flat = Vector3.new(look.X,0,look.Z)
	if flat.Magnitude > 0 then
		hrp.CFrame = CFrame.new(Vector3.new(-105.168,2.197,-12.489), Vector3.new(-105.168,2.197,-12.489) + flat.Unit)
	end
end

task.wait(0.0369)

cam.CFrame = CFrame.new(-118.082,9.574,-16.578,-0.299723,0.378906,-0.875555,0.000000,0.917747,0.397165,0.954026,0.119040,-0.275070)
cam.FieldOfView = 70.00
hum:Move(Vector3.new(0.982,0,0.189),true)
hrp.AssemblyLinearVelocity = Vector3.new(15.712,0.000,3.022)

do
	local look = cam.CFrame.LookVector
	local flat = Vector3.new(look.X,0,look.Z)
	if flat.Magnitude > 0 then
		hrp.CFrame = CFrame.new(Vector3.new(-104.645,2.197,-12.389), Vector3.new(-104.645,2.197,-12.389) + flat.Unit)
	end
end

task.wait(0.0300)

cam.CFrame = CFrame.new(-116.839,9.129,-16.220,-0.299723,0.378906,-0.875555,0.000000,0.917747,0.397165,0.954026,0.119040,-0.275070)
cam.FieldOfView = 70.00
hum:Move(Vector3.new(0.982,0,0.189),true)
hrp.AssemblyLinearVelocity = Vector3.new(15.712,0.000,3.022)

do
	local look = cam.CFrame.LookVector
	local flat = Vector3.new(look.X,0,look.Z)
	if flat.Magnitude > 0 then
		hrp.CFrame = CFrame.new(Vector3.new(-104.383,2.197,-12.338), Vector3.new(-104.383,2.197,-12.338) + flat.Unit)
	end
end

task.wait(0.0300)

cam.CFrame = CFrame.new(-115.859,8.593,-15.332,-0.252385,0.375588,-0.891760,0.000000,0.921595,0.388154,0.967627,0.097964,-0.232597)
cam.FieldOfView = 70.00
hum:Move(Vector3.new(0.981,0,0.193),true)
hrp.AssemblyLinearVelocity = Vector3.new(15.698,0.000,3.095)

do
	local look = cam.CFrame.LookVector
	local flat = Vector3.new(look.X,0,look.Z)
	if flat.Magnitude > 0 then
		hrp.CFrame = CFrame.new(Vector3.new(-104.121,2.197,-12.287), Vector3.new(-104.121,2.197,-12.287) + flat.Unit)
	end
end

task.wait(0.0300)

cam.CFrame = CFrame.new(-115.100,8.111,-14.323,-0.182312,0.368464,-0.911590,0.000000,0.927128,0.374745,0.983241,0.068320,-0.169027)
cam.FieldOfView = 70.00
hum:Move(Vector3.new(0.987,0,0.161),true)
hrp.AssemblyLinearVelocity = Vector3.new(15.789,0.000,2.591)

do
	local look = cam.CFrame.LookVector
	local flat = Vector3.new(look.X,0,look.Z)
	if flat.Magnitude > 0 then
		hrp.CFrame = CFrame.new(Vector3.new(-103.858,2.197,-12.243), Vector3.new(-103.858,2.197,-12.243) + flat.Unit)
	end
end

task.wait(0.0300)

cam.CFrame = CFrame.new(-114.469,7.665,-13.475,-0.115287,0.353492,-0.928306,0.000000,0.934537,0.355865,0.993332,0.041027,-0.107740)
cam.FieldOfView = 70.00
hum:Move(Vector3.new(0.994,0,0.109),true)
hrp.AssemblyLinearVelocity = Vector3.new(15.902,0.000,1.763)

do
	local look = cam.CFrame.LookVector
	local flat = Vector3.new(look.X,0,look.Z)
	if flat.Magnitude > 0 then
		hrp.CFrame = CFrame.new(Vector3.new(-103.593,2.197,-12.213), Vector3.new(-103.593,2.197,-12.213) + flat.Unit)
	end
end

task.wait(0.0300)

cam.CFrame = CFrame.new(-113.893,7.327,-12.920,-0.068474,0.338957,-0.938307,0.000000,0.940514,0.339755,0.997653,0.023264,-0.064401)
cam.FieldOfView = 70.00
hum:Move(Vector3.new(0.998,0,0.067),true)
hrp.AssemblyLinearVelocity = Vector3.new(15.962,0.000,1.092)

do
	local look = cam.CFrame.LookVector
	local flat = Vector3.new(look.X,0,look.Z)
	if flat.Magnitude > 0 then
		hrp.CFrame = CFrame.new(Vector3.new(-103.327,2.197,-12.194), Vector3.new(-103.327,2.197,-12.194) + flat.Unit)
	end
end

task.wait(0.0300)

cam.CFrame = CFrame.new(-113.411,7.080,-12.543,-0.034620,0.326083,-0.944707,0.000000,0.945274,0.326279,0.999401,0.011296,-0.032725)
cam.FieldOfView = 70.00
hum:Move(Vector3.new(0.999,0,0.047),true)
hrp.AssemblyLinearVelocity = Vector3.new(15.981,0.000,0.763)

do
	local look = cam.CFrame.LookVector
	local flat = Vector3.new(look.X,0,look.Z)
	if flat.Magnitude > 0 then
		hrp.CFrame = CFrame.new(Vector3.new(-103.061,2.197,-12.181), Vector3.new(-103.061,2.197,-12.181) + flat.Unit)
	end
end

task.wait(0.0300)

cam.CFrame = CFrame.new(-112.976,6.914,-12.337,-0.015732,0.317175,-0.948236,0.000000,0.948354,0.317215,0.999876,0.004991,-0.014920)
cam.FieldOfView = 70.00
hum:Move(Vector3.new(0.999,0,0.032),true)
hrp.AssemblyLinearVelocity = Vector3.new(15.991,0.000,0.516)

do
	local look = cam.CFrame.LookVector
	local flat = Vector3.new(look.X,0,look.Z)
	if flat.Magnitude > 0 then
		hrp.CFrame = CFrame.new(Vector3.new(-102.794,2.197,-12.172), Vector3.new(-102.794,2.197,-12.172) + flat.Unit)
	end
end

task.wait(0.0300)

cam.CFrame = CFrame.new(-112.588,6.810,-12.216,-0.004424,0.311707,-0.950168,0.000000,0.950177,0.311710,0.999990,0.001379,-0.004204)
cam.FieldOfView = 70.00
hum:Move(Vector3.new(1.000,0,0.026),true)
hrp.AssemblyLinearVelocity = Vector3.new(15.994,0.000,0.426)

do
	local look = cam.CFrame.LookVector
	local flat = Vector3.new(look.X,0,look.Z)
	if flat.Magnitude > 0 then
		hrp.CFrame = CFrame.new(Vector3.new(-102.528,2.197,-12.165), Vector3.new(-102.528,2.197,-12.165) + flat.Unit)
	end
end

task.wait(0.0300)

cam.CFrame = CFrame.new(-112.240,6.742,-12.198,-0.003333,0.308061,-0.951361,0.000000,0.951366,0.308063,0.999994,0.001027,-0.003171)
cam.FieldOfView = 70.00
hum:Move(Vector3.new(1.000,0,0.023),true)
hrp.AssemblyLinearVelocity = Vector3.new(15.995,0.000,0.375)

do
	local look = cam.CFrame.LookVector
	local flat = Vector3.new(look.X,0,look.Z)
	if flat.Magnitude > 0 then
		hrp.CFrame = CFrame.new(Vector3.new(-102.261,2.197,-12.159), Vector3.new(-102.261,2.197,-12.159) + flat.Unit)
	end
end

task.wait(0.0300)

cam.CFrame = CFrame.new(-111.911,6.717,-12.191,-0.003333,0.307601,-0.951510,0.000000,0.951515,0.307603,0.999994,0.001025,-0.003172)
cam.FieldOfView = 70.00
hum:Move(Vector3.new(1.000,0,0.028),true)
hrp.AssemblyLinearVelocity = Vector3.new(15.993,0.000,0.448)

do
	local look = cam.CFrame.LookVector
	local flat = Vector3.new(look.X,0,look.Z)
	if flat.Magnitude > 0 then
		hrp.CFrame = CFrame.new(Vector3.new(-101.995,2.197,-12.152), Vector3.new(-101.995,2.197,-12.152) + flat.Unit)
	end
end

task.wait(0.0300)

cam.CFrame = CFrame.new(-111.608,6.683,-12.152,-0.000061,0.305547,-0.952177,0.000000,0.952177,0.305547,1.000000,0.000019,-0.000058)
cam.FieldOfView = 70.00
hum:Move(Vector3.new(0.999,0,0.033),true)
hrp.AssemblyLinearVelocity = Vector3.new(15.991,0.000,0.531)

do
	local look = cam.CFrame.LookVector
	local flat = Vector3.new(look.X,0,look.Z)
	if flat.Magnitude > 0 then
		hrp.CFrame = CFrame.new(Vector3.new(-101.728,2.197,-12.143), Vector3.new(-101.728,2.197,-12.143) + flat.Unit)
	end
end

task.wait(0.0300)

cam.CFrame = CFrame.new(-111.325,6.634,-12.154,-0.001152,0.301688,-0.953406,0.000000,0.953407,0.301688,0.999999,0.000347,-0.001098)
cam.FieldOfView = 70.00
hum:Move(Vector3.new(0.999,0,0.040),true)
hrp.AssemblyLinearVelocity = Vector3.new(15.987,0.000,0.635)

do
	local look = cam.CFrame.LookVector
	local flat = Vector3.new(look.X,0,look.Z)
	if flat.Magnitude > 0 then
		hrp.CFrame = CFrame.new(Vector3.new(-101.462,2.197,-12.133), Vector3.new(-101.462,2.197,-12.133) + flat.Unit)
	end
end

task.wait(0.0300)

cam.CFrame = CFrame.new(-111.042,6.619,-12.144,-0.001152,0.300744,-0.953704,0.000000,0.953705,0.300744,0.999999,0.000346,-0.001098)
cam.FieldOfView = 70.00
hum:Move(Vector3.new(0.998,0,0.055),true)
hrp.AssemblyLinearVelocity = Vector3.new(15.976,0.000,0.874)

do
	local look = cam.CFrame.LookVector
	local flat = Vector3.new(look.X,0,look.Z)
	if flat.Magnitude > 0 then
		hrp.CFrame = CFrame.new(Vector3.new(-101.195,2.197,-12.118), Vector3.new(-101.195,2.197,-12.118) + flat.Unit)
	end
end

task.wait(0.0300)

cam.CFrame = CFrame.new(-110.763,6.615,-12.129,-0.001152,0.300744,-0.953704,0.000000,0.953705,0.300744,0.999999,0.000346,-0.001098)
cam.FieldOfView = 70.00
hum:Move(Vector3.new(0.998,0,0.067),true)
hrp.AssemblyLinearVelocity = Vector3.new(15.964,0.000,1.068)

do
	local look = cam.CFrame.LookVector
	local flat = Vector3.new(look.X,0,look.Z)
	if flat.Magnitude > 0 then
		hrp.CFrame = CFrame.new(Vector3.new(-100.929,2.197,-12.101), Vector3.new(-100.929,2.197,-12.101) + flat.Unit)
	end
end

task.wait(0.0300)

cam.CFrame = CFrame.new(-110.489,6.612,-12.112,-0.001152,0.300744,-0.953704,0.000000,0.953705,0.300744,0.999999,0.000346,-0.001098)
cam.FieldOfView = 70.00
hum:Move(Vector3.new(0.997,0,0.074),true)
hrp.AssemblyLinearVelocity = Vector3.new(15.956,0.000,1.180)

do
	local look = cam.CFrame.LookVector
	local flat = Vector3.new(look.X,0,look.Z)
	if flat.Magnitude > 0 then
		hrp.CFrame = CFrame.new(Vector3.new(-100.663,2.197,-12.081), Vector3.new(-100.663,2.197,-12.081) + flat.Unit)
	end
end

task.wait(0.0300)

cam.CFrame = CFrame.new(-110.217,6.610,-12.092,-0.001152,0.300744,-0.953704,0.000000,0.953705,0.300744,0.999999,0.000346,-0.001098)
cam.FieldOfView = 70.00
hum:Move(Vector3.new(0.997,0,0.075),true)
hrp.AssemblyLinearVelocity = Vector3.new(15.955,0.000,1.206)

do
	local look = cam.CFrame.LookVector
	local flat = Vector3.new(look.X,0,look.Z)
	if flat.Magnitude > 0 then
		hrp.CFrame = CFrame.new(Vector3.new(-100.397,2.197,-12.061), Vector3.new(-100.397,2.197,-12.061) + flat.Unit)
	end
end

task.wait(0.0300)

cam.CFrame = CFrame.new(-109.947,6.609,-12.072,-0.001152,0.300744,-0.953704,0.000000,0.953705,0.300744,0.999999,0.000346,-0.001098)
cam.FieldOfView = 70.00
