-- V23 Reverse Mundur - KAMERA SELALU MENGHADAP KE BELAKANG
local RunService=game:GetService("RunService")
local lp=game.Players.LocalPlayer
local cam=workspace.CurrentCamera
local char=lp.Character or lp.CharacterAdded:Wait()
local hrp=char:WaitForChild("HumanoidRootPart")
local hum=char:WaitForChild("Humanoid")
hum.AutoRotate=false
cam.CameraType=Enum.CameraType.Scriptable
local frames={{Pos=Vector3.new(-61.354,3.197,-2.919),Vel=Vector3.new(-0.000,-0.000,0.000),Move=Vector3.new(-0.000,0,-0.000),Jump=false,CFrame=CFrame.new(-61.354,3.197,-2.919,-0.241771,0.969818,0.031631,0.078941,-0.012832,0.996797,0.967117,0.243493,-0.073457),FOV=70.00,Time=0.0000},{Pos=Vector3.new(-61.354,3.197,-2.919),Vel=Vector3.new(-0.000,-0.000,0.000),Move=Vector3.new(-0.000,0,-0.000),Jump=false,CFrame=CFrame.new(-61.354,3.197,-2.919,-0.241613,0.969858,0.031605,0.078872,-0.012834,0.996802,0.967162,0.243333,-0.073394),FOV=70.00,Time=0.0167},{Pos=Vector3.new(-61.354,3.197,-2.919),Vel=Vector3.new(0.000,-0.000,-0.000),Move=Vector3.new(-0.000,0,-0.000),Jump=false,CFrame=CFrame.new(-61.354,3.197,-2.919,0.226323,0.972299,-0.058414,-0.122554,0.087918,0.988560,0.966312,-0.216575,0.139057),FOV=70.00,Time=0.0333},{Pos=Vector3.new(-61.354,3.197,-2.919),Vel=Vector3.new(0.000,-0.000,-0.000),Move=Vector3.new(-0.000,0,-0.000),Jump=false,CFrame=CFrame.new(-61.354,3.197,-2.919,0.233134,0.970586,-0.060097,-0.125434,0.091298,0.987892,0.964321,-0.222773,0.143029),FOV=70.00,Time=0.0500},{Pos=Vector3.new(-61.354,3.197,-2.919),Vel=Vector3.new(0.000,-0.000,-0.000),Move=Vector3.new(-0.000,0,-0.000),Jump=false,CFrame=CFrame.new(-61.354,3.197,-2.919,0.233068,0.970603,-0.060081,-0.125406,0.091266,0.987899,0.964341,-0.222713,0.142991),FOV=70.00,Time=0.0666},{Pos=Vector3.new(-61.354,3.197,-2.919),Vel=Vector3.new(0.000,-0.000,-0.000),Move=Vector3.new(-0.000,0,-0.000),Jump=false,CFrame=CFrame.new(-61.354,3.197,-2.919,0.232867,0.970654,-0.060032,-0.125321,0.091165,0.987919,0.964400,-0.222530,0.142873),FOV=70.00,Time=0.0835},{Pos=Vector3.new(-61.354,3.197,-2.919),Vel=Vector3.new(0.000,-0.000,-0.000),Move=Vector3.new(-0.000,0,-0.000),Jump=false,CFrame=CFrame.new(-61.354,3.197,-2.919,0.232663,0.970706,-0.059982,-0.125235,0.091064,0.987939,0.964460,-0.222345,0.142754),FOV=70.00,Time=0.0999},{Pos=Vector3.new(-61.354,3.197,-2.919),Vel=Vector3.new(-0.000,-0.000,0.000),Move=Vector3.new(-0.000,0,-0.000),Jump=false,CFrame=CFrame.new(-61.354,3.197,-2.919,-0.244887,0.969054,0.031063,0.080306,-0.011655,0.996702,0.966220,0.246574,-0.074967),FOV=70.00,Time=0.1165},{Pos=Vector3.new(-61.289,3.197,-2.916),Vel=Vector3.new(-5.204,-0.000,-0.217),Move=Vector3.new(-0.999,0,-0.042),Jump=false,CFrame=CFrame.new(-61.289,3.197,-2.916,0.041698,-0.000336,0.999130,0.008022,0.999968,0.000001,-0.999098,0.008015,0.041700),FOV=70.00,Time=0.1333},{Pos=Vector3.new(-61.137,3.197,-2.911),Vel=Vector3.new(-10.411,-0.000,-0.368),Move=Vector3.new(-0.999,0,-0.034),Jump=false,CFrame=CFrame.new(-61.137,3.197,-2.911,0.035289,-0.000381,0.999377,0.010787,0.999942,0.000001,-0.999319,0.010780,0.035291),FOV=70.00,Time=0.1519},{Pos=Vector3.new(-60.900,3.197,-2.903),Vel=Vector3.new(-15.364,-0.000,-0.441),Move=Vector3.new(-1.000,0,-0.029),Jump=false,CFrame=CFrame.new(-60.900,3.197,-2.903,0.028698,-0.000392,0.999588,0.013629,0.999907,0.000000,-0.999495,0.013623,0.028701),FOV=70.00,Time=0.1672},{Pos=Vector3.new(-60.635,3.197,-2.895),Vel=Vector3.new(-15.979,-0.000,-0.500),Move=Vector3.new(-0.999,0,-0.032),Jump=false,CFrame=CFrame.new(-60.635,3.197,-2.895,0.031294,-0.000392,0.999510,0.012510,0.999922,0.000000,-0.999432,0.012504,0.031296),FOV=70.00,Time=0.1837},{Pos=Vector3.new(-60.368,3.197,-2.886),Vel=Vector3.new(-15.990,-0.000,-0.552),Move=Vector3.new(-0.999,0,-0.035),Jump=false,CFrame=CFrame.new(-60.368,3.197,-2.886,0.034524,-0.000384,0.999404,0.011117,0.999938,0.000000,-0.999342,0.011110,0.034526),FOV=70.00,Time=0.2001},{Pos=Vector3.new(-60.102,3.197,-2.876),Vel=Vector3.new(-15.989,-0.000,-0.585),Move=Vector3.new(-0.999,0,-0.037),Jump=false,CFrame=CFrame.new(-60.102,3.197,-2.876,0.036554,-0.000375,0.999332,0.010241,0.999948,0.000000,-0.999279,0.010235,0.036556),FOV=70.00,Time=0.2169},{Pos=Vector3.new(-59.835,3.197,-2.866),Vel=Vector3.new(-15.988,-0.000,-0.610),Move=Vector3.new(-0.999,0,-0.038),Jump=false,CFrame=CFrame.new(-59.835,3.197,-2.866,0.038150,-0.000365,0.999272,0.009553,0.999954,0.000000,-0.999226,0.009546,0.038151),FOV=70.00,Time=0.2332},{Pos=Vector3.new(-59.569,3.197,-2.855),Vel=Vector3.new(-15.987,-0.000,-0.636),Move=Vector3.new(-0.999,0,-0.040),Jump=false,CFrame=CFrame.new(-59.569,3.197,-2.855,0.039754,-0.000353,0.999210,0.008861,0.999961,0.000000,-0.999170,0.008854,0.039755),FOV=70.00,Time=0.2502},{Pos=Vector3.new(-59.302,3.197,-2.843),Vel=Vector3.new(-15.984,-0.000,-0.707),Move=Vector3.new(-0.999,0,-0.044),Jump=false,CFrame=CFrame.new(-59.302,3.197,-2.843,0.044196,-0.000307,0.999023,0.006944,0.999976,0.000000,-0.998999,0.006937,0.044198),FOV=70.00,Time=0.2669},{Pos=Vector3.new(-59.036,3.197,-2.830),Vel=Vector3.new(-15.981,-0.000,-0.775),Move=Vector3.new(-0.999,0,-0.049),Jump=false,CFrame=CFrame.new(-59.036,3.197,-2.830,0.048452,-0.000248,0.998826,0.005107,0.999987,0.000000,-0.998812,0.005101,0.048452),FOV=70.00,Time=0.2834},{Pos=Vector3.new(-58.770,3.120,-2.817),Vel=Vector3.new(-15.978,5.489,-0.835),Move=Vector3.new(-0.999,0,-0.052),Jump=false,CFrame=CFrame.new(-58.770,3.120,-2.817,0.053224,0.323897,0.944594,0.003047,0.945878,-0.324509,-0.998578,0.020149,0.049356),FOV=70.00,Time=0.3001},{Pos=Vector3.new(-58.504,2.987,-2.799),Vel=Vector3.new(-15.964,8.759,-1.072),Move=Vector3.new(-0.998,0,-0.068),Jump=false,CFrame=CFrame.new(-58.504,2.987,-2.799,0.065733,0.479303,0.875184,-0.002358,0.877154,-0.480204,-0.997835,0.029502,0.058788),FOV=70.00,Time=0.3169},{Pos=Vector3.new(-58.238,2.800,-2.779),Vel=Vector3.new(-15.954,12.029,-1.208),Move=Vector3.new(-0.997,0,-0.076),Jump=false,CFrame=CFrame.new(-58.238,2.800,-2.779,0.071764,0.599679,0.797016,-0.004965,0.799281,-0.600936,-0.997409,0.039168,0.060337),FOV=70.00,Time=0.3335},{Pos=Vector3.new(-57.972,2.559,-2.757),Vel=Vector3.new(-15.948,15.299,-1.286),Move=Vector3.new(-0.997,0,-0.081),Jump=false,CFrame=CFrame.new(-57.972,2.559,-2.757,0.074494,0.689528,0.720418,-0.006146,0.722729,-0.691104,-0.997203,0.047055,0.058077),FOV=70.00,Time=0.3501},{Pos=Vector3.new(-57.706,2.327,-2.735),Vel=Vector3.new(-15.944,10.918,-1.333),Move=Vector3.new(-0.997,0,-0.084),Jump=false,CFrame=CFrame.new(-57.706,2.327,-2.735,0.078079,0.562440,0.823144,-0.007697,0.825980,-0.563647,-0.996917,0.037673,0.068820),FOV=70.00,Time=0.3668},{Pos=Vector3.new(-57.441,2.326,-2.713),Vel=Vector3.new(-15.943,-1.182,-1.346),Move=Vector3.new(-0.996,0,-0.084),Jump=false,CFrame=CFrame.new(-57.441,2.326,-2.713,0.084898,-0.072512,0.993748,-0.010647,0.997225,0.073676,-0.996333,-0.016836,0.083890),FOV=70.00,Time=0.3833},{Pos=Vector3.new(-57.175,2.277,-2.690),Vel=Vector3.new(-15.942,3.758,-1.357),Move=Vector3.new(-0.996,0,-0.085),Jump=false,CFrame=CFrame.new(-57.175,2.277,-2.690,0.082581,0.228671,0.969995,-0.009645,0.973457,-0.228666,-0.996538,0.009528,0.082595),FOV=70.00,Time=0.4000},{Pos=Vector3.new(-56.909,2.173,-2.667),Vel=Vector3.new(-15.938,7.028,-1.408),Move=Vector3.new(-0.996,0,-0.088),Jump=false,CFrame=CFrame.new(-56.909,2.173,-2.667,0.083597,0.401559,0.912010,-0.010084,0.915508,-0.402175,-0.996449,0.024423,0.080583),FOV=70.00,Time=0.4172},{Pos=Vector3.new(-56.644,2.162,-2.642),Vel=Vector3.new(-15.930,-0.258,-1.491),Move=Vector3.new(-0.996,0,-0.093),Jump=false,CFrame=CFrame.new(-56.644,2.162,-2.642,0.093430,-0.014695,0.995517,-0.014342,0.999767,0.016104,-0.995523,-0.015782,0.093197),FOV=70.00,Time=0.4333},{Pos=Vector3.new(-56.378,2.175,-2.616),Vel=Vector3.new(-15.922,-0.785,-1.574),Move=Vector3.new(-0.995,0,-0.099),Jump=false,CFrame=CFrame.new(-56.378,2.175,-2.616,0.099208,-0.047069,0.993953,-0.016845,0.998658,0.048973,-0.994924,-0.021601,0.098282),FOV=70.00,Time=0.4503},{Pos=Vector3.new(-56.113,2.185,-2.588),Vel=Vector3.new(-15.914,-0.524,-1.657),Move=Vector3.new(-0.995,0,-0.104),Jump=false,CFrame=CFrame.new(-56.113,2.185,-2.588,0.104186,-0.030593,0.994087,-0.019002,0.999283,0.032744,-0.994376,-0.022301,0.103530),FOV=70.00,Time=0.4666},{Pos=Vector3.new(-55.848,2.191,-2.560),Vel=Vector3.new(-15.908,-0.298,-1.710),Move=Vector3.new(-0.994,0,-0.107),Jump=false,CFrame=CFrame.new(-55.848,2.191,-2.560,0.107201,-0.016313,0.994104,-0.020309,0.999621,0.018593,-0.994030,-0.022182,0.106829),FOV=70.00,Time=0.4834},{Pos=Vector3.new(-55.583,2.194,-2.530),Vel=Vector3.new(-15.904,-0.162,-1.754),Move=Vector3.new(-0.994,0,-0.110),Jump=false,CFrame=CFrame.new(-55.583,2.194,-2.530,0.109796,-0.007718,0.993924,-0.021434,0.999719,0.010131,-0.993723,-0.022416,0.109600),FOV=70.00,Time=0.5000},{Pos=Vector3.new(-55.318,2.196,-2.501),Vel=Vector3.new(-15.899,-0.087,-1.797),Move=Vector3.new(-0.994,0,-0.112),Jump=false,CFrame=CFrame.new(-55.318,2.196,-2.501,0.112387,-0.002886,0.993660,-0.022558,0.999731,0.005455,-0.993409,-0.023028,0.112291),FOV=70.00,Time=0.5167},{Pos=Vector3.new(-55.053,2.196,-2.470),Vel=Vector3.new(-15.894,-0.047,-1.841),Move=Vector3.new(-0.993,0,-0.115),Jump=false,CFrame=CFrame.new(-55.053,2.196,-2.470,0.115070,-0.000178,0.993357,-0.023722,0.999714,0.002927,-0.993074,-0.023901,0.115033),FOV=70.00,Time=0.5333},{Pos=Vector3.new(-54.788,2.197,-2.439),Vel=Vector3.new(-15.891,-0.025,-1.863),Move=Vector3.new(-0.993,0,-0.117),Jump=false,CFrame=CFrame.new(-54.788,2.197,-2.439,0.116443,0.001273,0.993197,-0.024317,0.999703,0.001569,-0.992900,-0.024334,0.116439),FOV=70.00,Time=0.5500},{Pos=Vector3.new(-54.523,2.197,-2.408),Vel=Vector3.new(-15.890,-0.013,-1.871),Move=Vector3.new(-0.993,0,-0.117),Jump=false,CFrame=CFrame.new(-54.523,2.197,-2.408,0.116910,0.002032,0.993140,-0.024520,0.999699,0.000841,-0.992840,-0.024450,0.116924),FOV=70.00,Time=0.5666},{Pos=Vector3.new(-54.259,2.197,-2.376),Vel=Vector3.new(-15.890,-0.007,-1.871),Move=Vector3.new(-0.993,0,-0.117),Jump=false,CFrame=CFrame.new(-54.259,2.197,-2.376,0.116919,0.002420,0.993139,-0.024524,0.999699,0.000451,-0.992839,-0.024408,0.116944),FOV=70.00,Time=0.5832},{Pos=Vector3.new(-53.994,2.197,-2.345),Vel=Vector3.new(-15.890,-0.004,-1.871),Move=Vector3.new(-0.993,0,-0.117),Jump=false,CFrame=CFrame.new(-53.994,2.197,-2.345,0.116923,0.002628,0.993138,-0.024525,0.999699,0.000242,-0.992838,-0.024385,0.116952),FOV=70.00,Time=0.6001},{Pos=Vector3.new(-53.729,2.197,-2.314),Vel=Vector3.new(-15.890,-0.002,-1.871),Move=Vector3.new(-0.993,0,-0.117),Jump=false,CFrame=CFrame.new(-53.729,2.197,-2.314,0.116927,0.002740,0.993137,-0.024527,0.999699,0.000130,-0.992838,-0.024374,0.116959),FOV=70.00,Time=0.6169},{Pos=Vector3.new(-53.464,2.197,-2.283),Vel=Vector3.new(-15.890,-0.001,-1.871),Move=Vector3.new(-0.993,0,-0.117),Jump=false,CFrame=CFrame.new(-53.464,2.197,-2.283,0.116932,0.002800,0.993136,-0.024529,0.999699,0.000070,-0.992837,-0.024369,0.116966),FOV=70.00,Time=0.6334},{Pos=Vector3.new(-53.199,2.197,-2.252),Vel=Vector3.new(-15.890,-0.001,-1.870),Move=Vector3.new(-0.993,0,-0.117),Jump=false,CFrame=CFrame.new(-53.199,2.197,-2.252,0.116860,0.002826,0.993144,-0.024498,0.999700,0.000038,-0.992846,-0.024335,0.116895),FOV=70.00,Time=0.6502},{Pos=Vector3.new(-52.934,2.197,-2.221),Vel=Vector3.new(-15.891,-0.000,-1.863),Move=Vector3.new(-0.993,0,-0.116),Jump=false,CFrame=CFrame.new(-52.934,2.197,-2.221,0.116408,0.002809,0.993198,-0.024302,0.999705,0.000021,-0.992904,-0.024139,0.116442),FOV=70.00,Time=0.6667},{Pos=Vector3.new(-52.669,2.197,-2.190),Vel=Vector3.new(-15.892,-0.000,-1.860),Move=Vector3.new(-0.993,0,-0.116),Jump=false,CFrame=CFrame.new(-52.669,2.197,-2.190,0.116205,0.002803,0.993221,-0.024214,0.999707,0.000011,-0.992930,-0.024051,0.116238),FOV=70.00,Time=0.6832},{Pos=Vector3.new(-52.405,2.197,-2.159),Vel=Vector3.new(-15.892,-0.000,-1.855),Move=Vector3.new(-0.993,0,-0.116),Jump=false,CFrame=CFrame.new(-52.405,2.197,-2.159,0.115886,0.002785,0.993259,-0.024075,0.999710,0.000006,-0.992971,-0.023914,0.115919),FOV=70.00,Time=0.7000},{Pos=Vector3.new(-52.140,2.197,-2.128),Vel=Vector3.new(-15.893,-0.000,-1.850),Move=Vector3.new(-0.993,0,-0.116),Jump=false,CFrame=CFrame.new(-52.140,2.197,-2.128,0.115584,0.002765,0.993294,-0.023944,0.999713,0.000004,-0.993009,-0.023784,0.115617),FOV=70.00,Time=0.7167},{Pos=Vector3.new(-51.875,2.197,-2.097),Vel=Vector3.new(-15.896,-0.000,-1.820),Move=Vector3.new(-0.994,0,-0.114),Jump=false,CFrame=CFrame.new(-51.875,2.197,-2.097,0.113707,0.002629,0.993511,-0.023130,0.999732,0.000002,-0.993245,-0.022980,0.113737),FOV=70.00,Time=0.7331},{Pos=Vector3.new(-51.610,2.197,-2.068),Vel=Vector3.new(-15.899,-0.000,-1.793),Move=Vector3.new(-0.994,0,-0.112),Jump=false,CFrame=CFrame.new(-51.610,2.197,-2.068,0.112010,0.002508,0.993704,-0.022394,0.999749,0.000001,-0.993455,-0.022254,0.112038),FOV=70.00,Time=0.7500},{Pos=Vector3.new(-51.345,2.197,-2.038),Vel=Vector3.new(-15.900,-0.000,-1.790),Move=Vector3.new(-0.994,0,-0.112),Jump=false,CFrame=CFrame.new(-51.345,2.197,-2.038,0.111878,0.002499,0.993719,-0.022337,0.999751,0.000001,-0.993471,-0.022197,0.111906),FOV=70.00,Time=0.7673},{Pos=Vector3.new(-51.080,2.197,-2.008),Vel=Vector3.new(-15.902,-0.000,-1.768),Move=Vector3.new(-0.994,0,-0.110),Jump=false,CFrame=CFrame.new(-51.080,2.197,-2.008,0.110469,0.002400,0.993877,-0.021726,0.999764,0.000001,-0.993642,-0.021593,0.110495),FOV=70.00,Time=0.7834},{Pos=Vector3.new(-50.815,2.197,-1.979),Vel=Vector3.new(-15.905,-0.000,-1.745),Move=Vector3.new(-0.994,0,-0.109),Jump=false,CFrame=CFrame.new(-50.815,2.197,-1.979,0.109031,0.002301,0.994036,-0.021102,0.999777,0.000001,-0.993814,-0.020977,0.109055),FOV=70.00,Time=0.8000},{Pos=Vector3.new(-50.549,2.197,-1.951),Vel=Vector3.new(-15.912,-0.000,-1.680),Move=Vector3.new(-0.994,0,-0.105),Jump=false,CFrame=CFrame.new(-50.549,2.197,-1.951,0.104962,0.002029,0.994474,-0.019338,0.999813,0.000001,-0.994288,-0.019232,0.104982),FOV=70.00,Time=0.8167},{Pos=Vector3.new(-50.284,2.197,-1.925),Vel=Vector3.new(-15.926,-0.000,-1.542),Move=Vector3.new(-0.995,0,-0.096),Jump=false,CFrame=CFrame.new(-50.284,2.197,-1.925,0.096338,0.001502,0.995348,-0.015601,0.999878,0.000001,-0.995226,-0.015529,0.096350),FOV=70.00,Time=0.8335},{Pos=Vector3.new(-50.018,2.197,-1.902),Vel=Vector3.new(-15.940,-0.000,-1.384),Move=Vector3.new(-0.996,0,-0.086),Jump=false,CFrame=CFrame.new(-50.018,2.197,-1.902,0.086487,0.000980,0.996253,-0.011336,0.999936,0.000001,-0.996189,-0.011293,0.086493),FOV=70.00,Time=0.8499},{Pos=Vector3.new(-49.753,2.197,-1.881),Vel=Vector3.new(-15.951,-0.000,-1.248),Move=Vector3.new(-0.997,0,-0.078),Jump=false,CFrame=CFrame.new(-49.753,2.197,-1.881,0.078015,0.000598,0.996952,-0.007669,0.999970,0.000001,-0.996923,-0.007646,0.078017),FOV=70.00,Time=0.8665},{Pos=Vector3.new(-49.487,2.197,-1.862),Vel=Vector3.new(-15.957,-0.000,-1.171),Move=Vector3.new(-0.997,0,-0.073),Jump=false,CFrame=CFrame.new(-49.487,2.197,-1.862,0.073214,0.000409,0.997316,-0.005592,0.999984,0.000001,-0.997301,-0.005577,0.073215),FOV=70.00,Time=0.8832},{Pos=Vector3.new(-49.221,2.197,-1.843),Vel=Vector3.new(-15.962,-0.000,-1.103),Move=Vector3.new(-0.998,0,-0.069),Jump=false,CFrame=CFrame.new(-49.221,2.197,-1.843,0.068920,0.000257,0.997622,-0.003736,0.999993,0.000001,-0.997615,-0.003727,0.068921),FOV=70.00,Time=0.8999},{Pos=Vector3.new(-48.955,2.197,-1.825),Vel=Vector3.new(-15.964,-0.000,-1.068),Move=Vector3.new(-0.998,0,-0.067),Jump=false,CFrame=CFrame.new(-48.955,2.197,-1.825,0.066745,0.000186,0.997770,-0.002795,0.999996,0.000001,-0.997766,-0.002789,0.066745),FOV=70.00,Time=0.9166},{Pos=Vector3.new(-48.688,2.197,-1.808),Vel=Vector3.new(-15.964,-0.000,-1.067),Move=Vector3.new(-0.998,0,-0.067),Jump=false,CFrame=CFrame.new(-48.688,2.197,-1.808,0.066693,0.000184,0.997774,-0.002773,0.999996,0.000001,-0.997770,-0.002767,0.066694),FOV=70.00,Time=0.9333},{Pos=Vector3.new(-48.422,2.197,-1.790),Vel=Vector3.new(-15.964,-0.000,-1.067),Move=Vector3.new(-0.998,0,-0.067),Jump=false,CFrame=CFrame.new(-48.422,2.197,-1.790,0.066683,0.000184,0.997774,-0.002769,0.999996,0.000001,-0.997770,-0.002763,0.066684),FOV=70.00,Time=0.9519},{Pos=Vector3.new(-48.156,2.197,-1.772),Vel=Vector3.new(-15.964,-0.000,-1.067),Move=Vector3.new(-0.998,0,-0.067),Jump=false,CFrame=CFrame.new(-48.156,2.197,-1.772,0.066675,0.000184,0.997775,-0.002765,0.999996,0.000001,-0.997771,-0.002759,0.066676),FOV=70.00,Time=0.9666},{Pos=Vector3.new(-47.890,2.197,-1.754),Vel=Vector3.new(-15.963,-0.000,-1.086),Move=Vector3.new(-0.998,0,-0.068),Jump=false,CFrame=CFrame.new(-47.890,2.197,-1.754,0.067901,0.000223,0.997692,-0.003295,0.999995,0.000001,-0.997687,-0.003287,0.067901),FOV=70.00,Time=0.9842},{Pos=Vector3.new(-47.624,2.197,-1.736),Vel=Vector3.new(-15.963,-0.000,-1.087),Move=Vector3.new(-0.998,0,-0.068),Jump=false,CFrame=CFrame.new(-47.624,2.197,-1.736,0.067919,0.000224,0.997691,-0.003303,0.999995,0.000001,-0.997685,-0.003295,0.067919),FOV=70.00,Time=0.9999},{Pos=Vector3.new(-47.358,2.197,-1.718),Vel=Vector3.new(-15.963,-0.000,-1.087),Move=Vector3.new(-0.998,0,-0.068),Jump=false,CFrame=CFrame.new(-47.358,2.197,-1.718,0.067914,0.000223,0.997691,-0.003301,0.999995,0.000001,-0.997686,-0.003293,0.067915),FOV=70.00,Time=1.0171},{Pos=Vector3.new(-47.092,2.197,-1.700),Vel=Vector3.new(-15.963,-0.000,-1.087),Move=Vector3.new(-0.998,0,-0.068),Jump=false,CFrame=CFrame.new(-47.092,2.197,-1.700,0.067910,0.000223,0.997691,-0.003299,0.999995,0.000001,-0.997686,-0.003292,0.067911),FOV=70.00,Time=1.0333},{Pos=Vector3.new(-46.826,2.197,-1.681),Vel=Vector3.new(-15.963,-0.000,-1.087),Move=Vector3.new(-0.998,0,-0.068),Jump=false,CFrame=CFrame.new(-46.826,2.197,-1.681,0.067907,0.000223,0.997692,-0.003298,0.999995,0.000001,-0.997686,-0.003290,0.067907),FOV=70.00,Time=1.0499},{Pos=Vector3.new(-46.560,2.197,-1.663),Vel=Vector3.new(-15.963,-0.000,-1.086),Move=Vector3.new(-0.998,0,-0.068),Jump=false,CFrame=CFrame.new(-46.560,2.197,-1.663,0.067904,0.000223,0.997692,-0.003296,0.999995,0.000001,-0.997686,-0.003289,0.067904),FOV=70.00,Time=1.0666},{Pos=Vector3.new(-46.294,2.197,-1.645),Vel=Vector3.new(-15.963,-0.000,-1.086),Move=Vector3.new(-0.998,0,-0.068),Jump=false,CFrame=CFrame.new(-46.294,2.197,-1.645,0.067901,0.000223,0.997692,-0.003295,0.999995,0.000001,-0.997687,-0.003288,0.067902),FOV=70.00,Time=1.0832},{Pos=Vector3.new(-46.028,2.197,-1.627),Vel=Vector3.new(-15.963,-0.000,-1.086),Move=Vector3.new(-0.998,0,-0.068),Jump=false,CFrame=CFrame.new(-46.028,2.197,-1.627,0.067899,0.000223,0.997692,-0.003294,0.999995,0.000001,-0.997687,-0.003287,0.067899),FOV=70.00,Time=1.0999},{Pos=Vector3.new(-45.762,2.197,-1.609),Vel=Vector3.new(-15.963,-0.000,-1.086),Move=Vector3.new(-0.998,0,-0.068),Jump=false,CFrame=CFrame.new(-45.762,2.197,-1.609,0.067897,0.000223,0.997692,-0.003293,0.999995,0.000001,-0.997687,-0.003286,0.067897),FOV=70.00,Time=1.1166},{Pos=Vector3.new(-45.496,2.197,-1.591),Vel=Vector3.new(-15.963,-0.000,-1.086),Move=Vector3.new(-0.998,0,-0.068),Jump=false,CFrame=CFrame.new(-45.496,2.197,-1.591,0.067895,0.000223,0.997692,-0.003293,0.999995,0.000001,-0.997687,-0.003285,0.067896),FOV=70.00,Time=1.1331},{Pos=Vector3.new(-45.230,2.197,-1.573),Vel=Vector3.new(-15.963,-0.000,-1.086),Move=Vector3.new(-0.998,0,-0.068),Jump=false,CFrame=CFrame.new(-45.230,2.197,-1.573,0.067894,0.000223,0.997693,-0.003292,0.999995,0.000001,-0.997687,-0.003284,0.067894),FOV=70.00,Time=1.1499},{Pos=Vector3.new(-44.964,2.197,-1.555),Vel=Vector3.new(-15.963,-0.000,-1.086),Move=Vector3.new(-0.998,0,-0.068),Jump=false,CFrame=CFrame.new(-44.964,2.197,-1.555,0.067893,0.000223,0.997693,-0.003291,0.999995,0.000001,-0.997687,-0.003284,0.067893),FOV=70.00,Time=1.1667},{Pos=Vector3.new(-44.698,2.197,-1.537),Vel=Vector3.new(-15.963,-0.000,-1.086),Move=Vector3.new(-0.998,0,-0.068),Jump=false,CFrame=CFrame.new(-44.698,2.197,-1.537,0.067892,0.000223,0.997693,-0.003291,0.999995,0.000001,-0.997687,-0.003283,0.067892),FOV=70.00,Time=1.1844},{Pos=Vector3.new(-44.432,2.197,-1.518),Vel=Vector3.new(-15.959,-0.000,-1.145),Move=Vector3.new(-0.997,0,-0.072),Jump=false,CFrame=CFrame.new(-44.432,2.197,-1.518,0.071561,0.000348,0.997436,-0.004878,0.999988,0.000001,-0.997424,-0.004865,0.071562),FOV=70.00,Time=1.1999},{Pos=Vector3.new(-44.166,2.197,-1.495),Vel=Vector3.new(-15.942,-0.000,-1.358),Move=Vector3.new(-0.996,0,-0.085),Jump=false,CFrame=CFrame.new(-44.166,2.197,-1.495,0.084882,0.000903,0.996391,-0.010641,0.999943,0.000001,-0.996334,-0.010602,0.084887),FOV=70.00,Time=1.2167},{Pos=Vector3.new(-43.901,2.197,-1.469),Vel=Vector3.new(-15.923,-0.000,-1.572),Move=Vector3.new(-0.995,0,-0.099),Jump=false,CFrame=CFrame.new(-43.901,2.197,-1.469,0.098257,0.001614,0.995160,-0.016433,0.999865,0.000001,-0.995025,-0.016353,0.098270),FOV=70.00,Time=1.2335},{Pos=Vector3.new(-43.635,2.197,-1.440),Vel=Vector3.new(-15.905,-0.000,-1.738),Move=Vector3.new(-0.994,0,-0.109),Jump=false,CFrame=CFrame.new(-43.635,2.197,-1.440,0.108615,0.002272,0.994081,-0.020922,0.999781,0.000001,-0.993864,-0.020798,0.108639),FOV=70.00,Time=1.2504},{Pos=Vector3.new(-43.371,2.197,-1.410),Vel=Vector3.new(-15.893,-0.000,-1.848),Move=Vector3.new(-0.993,0,-0.116),Jump=false,CFrame=CFrame.new(-43.371,2.197,-1.410,0.115485,0.002760,0.993305,-0.023901,0.999714,0.000001,-0.993022,-0.023741,0.115518),FOV=70.00,Time=1.2667},{Pos=Vector3.new(-43.106,2.197,-1.378),Vel=Vector3.new(-15.887,-0.000,-1.899),Move=Vector3.new(-0.993,0,-0.119),Jump=false,CFrame=CFrame.new(-43.106,2.197,-1.378,0.118630,0.002998,0.992934,-0.025266,0.999681,0.000001,-0.992617,-0.025087,0.118668),FOV=70.00,Time=1.2833},{Pos=Vector3.new(-42.841,2.197,-1.346),Vel=Vector3.new(-15.887,-0.000,-1.900),Move=Vector3.new(-0.993,0,-0.119),Jump=false,CFrame=CFrame.new(-42.841,2.197,-1.346,0.118702,0.003003,0.992925,-0.025297,0.999680,0.000001,-0.992608,-0.025118,0.118740),FOV=70.00,Time=1.3002},{Pos=Vector3.new(-42.576,2.197,-1.315),Vel=Vector3.new(-15.887,-0.000,-1.900),Move=Vector3.new(-0.993,0,-0.119),Jump=false,CFrame=CFrame.new(-42.576,2.197,-1.315,0.118714,0.003004,0.992924,-0.025303,0.999680,0.000001,-0.992606,-0.025124,0.118753),FOV=70.00,Time=1.3169},{Pos=Vector3.new(-42.311,2.266,-1.283),Vel=Vector3.new(-15.887,-4.366,-1.900),Move=Vector3.new(-0.993,0,-0.119),Jump=false,CFrame=CFrame.new(-42.311,2.266,-1.283,0.126479,-0.257746,0.957899,-0.028673,0.964300,0.263255,-0.991555,-0.060761,0.114573),FOV=70.00,Time=1.3336},{Pos=Vector3.new(-42.047,2.392,-1.251),Vel=Vector3.new(-15.887,-7.407,-1.900),Move=Vector3.new(-0.993,0,-0.119),Jump=false,CFrame=CFrame.new(-42.047,2.392,-1.251,0.133225,-0.412735,0.901056,-0.031602,0.906929,0.420098,-0.990582,-0.084443,0.107782),FOV=70.00,Time=1.3501},{Pos=Vector3.new(-41.782,2.483,-1.220),Vel=Vector3.new(-15.887,-4.410,-1.900),Move=Vector3.new(-0.993,0,-0.119),Jump=false,CFrame=CFrame.new(-41.782,2.483,-1.220,0.126584,-0.260174,0.957228,-0.028718,0.963625,0.265710,-0.991540,-0.061125,0.114508),FOV=70.00,Time=1.3669},{Pos=Vector3.new(-41.571,2.596,-1.194),Vel=Vector3.new(-10.715,-6.689,-1.282),Move=Vector3.new(-0.000,0,-0.000),Jump=false,CFrame=CFrame.new(-41.571,2.596,-1.194,0.139908,-0.517891,0.843928,-0.034506,0.849243,0.526873,-0.989563,-0.102834,0.100946),FOV=70.00,Time=1.3837},{Pos=Vector3.new(-41.446,2.744,-1.179),Vel=Vector3.new(-5.543,-8.549,-0.663),Move=Vector3.new(-0.000,0,-0.000),Jump=false,CFrame=CFrame.new(-41.446,2.744,-1.179,0.229642,-0.807795,0.542893,-0.073632,0.541782,0.837288,-0.970486,-0.232251,0.064936),FOV=70.00,Time=1.4002},{Pos=Vector3.new(-41.407,2.854,-1.175),Vel=Vector3.new(-0.624,-5.431,-0.075),Move=Vector3.new(-0.000,0,-0.000),Jump=false,CFrame=CFrame.new(-41.407,2.854,-1.175,-0.038789,0.992705,0.114162,-0.009277,-0.114601,0.993368,0.999204,0.037473,0.013655),FOV=70.00,Time=1.4170},{Pos=Vector3.new(-41.405,2.918,-1.175),Vel=Vector3.new(-0.012,-3.080,-0.001),Move=Vector3.new(-0.000,0,-0.000),Jump=false,CFrame=CFrame.new(-41.405,2.918,-1.175,-0.059724,0.998207,0.004009,-0.000239,-0.004031,0.999992,0.998215,0.059722,0.000479),FOV=70.00,Time=1.4345},{Pos=Vector3.new(-41.405,2.954,-1.175),Vel=Vector3.new(-0.000,-1.696,-0.000),Move=Vector3.new(-0.000,0,-0.000),Jump=false,CFrame=CFrame.new(-41.405,2.954,-1.175,-0.060257,0.998183,0.000145,-0.000008,-0.000146,1.000000,0.998183,0.060257,0.000017),FOV=70.00,Time=1.4515},{Pos=Vector3.new(-41.405,2.974,-1.175),Vel=Vector3.new(-0.000,-0.927,-0.000),Move=Vector3.new(-0.000,0,-0.000),Jump=false,CFrame=CFrame.new(-41.405,2.974,-1.175,-0.060276,0.998182,0.000008,-0.000000,-0.000008,1.000000,0.998182,0.060276,0.000001),FOV=70.00,Time=1.4668},{Pos=Vector3.new(-41.405,2.985,-1.175),Vel=Vector3.new(-0.000,-0.505,-0.000),Move=Vector3.new(-0.000,0,-0.000),Jump=false,CFrame=CFrame.new(-41.405,2.985,-1.175,-0.060277,0.998182,-0.000000,0.000000,0.000000,1.000000,0.998182,0.060277,-0.000000),FOV=70.00,Time=1.4839},{Pos=Vector3.new(-41.405,2.991,-1.175),Vel=Vector3.new(-0.000,-0.275,-0.000),Move=Vector3.new(-0.000,0,-0.000),Jump=false,CFrame=CFrame.new(-41.405,2.991,-1.175,-0.060277,0.998182,0.000004,0.000000,-0.000004,1.000000,0.998182,0.060277,0.000000),FOV=70.00,Time=1.5004},{Pos=Vector3.new(-41.405,2.994,-1.175),Vel=Vector3.new(-0.000,-0.150,-0.000),Move=Vector3.new(-0.000,0,-0.000),Jump=false,CFrame=CFrame.new(-41.405,2.994,-1.175,-0.060277,0.998182,0.000004,0.000000,-0.000004,1.000000,0.998182,0.060277,0.000000),FOV=70.00,Time=1.5165},{Pos=Vector3.new(-41.405,2.995,-1.175),Vel=Vector3.new(0.000,-0.095,0.000),Move=Vector3.new(-0.000,0,-0.000),Jump=false,CFrame=CFrame.new(-41.405,2.995,-1.175,-0.060277,0.998182,-0.000008,-0.000000,0.000008,1.000000,0.998182,0.060277,-0.000000),FOV=70.00,Time=1.5326},{Pos=Vector3.new(-41.405,2.996,-1.175),Vel=Vector3.new(0.000,-0.044,0.000),Move=Vector3.new(-0.000,0,-0.000),Jump=false,CFrame=CFrame.new(-41.405,2.996,-1.175,0.076897,0.997039,-0.000015,0.000002,0.000015,1.000000,0.997039,-0.076897,-0.000001),FOV=70.00,Time=1.5497},{Pos=Vector3.new(-41.405,2.997,-1.175),Vel=Vector3.new(0.000,-0.028,0.000),Move=Vector3.new(-0.000,0,-0.000),Jump=false,CFrame=CFrame.new(-41.405,2.997,-1.175,0.203415,0.979093,-0.000027,0.000007,0.000026,1.000000,0.979093,-0.203415,-0.000001),FOV=70.00,Time=1.5663},{Pos=Vector3.new(-41.405,2.997,-1.175),Vel=Vector3.new(0.000,-0.015,0.000),Move=Vector3.new(-0.000,0,-0.000),Jump=false,CFrame=CFrame.new(-41.405,2.997,-1.175,0.281579,0.959538,-0.000050,0.000016,0.000047,1.000000,0.959538,-0.281579,-0.000002),FOV=70.00,Time=1.5829},{Pos=Vector3.new(-41.405,2.997,-1.175),Vel=Vector3.new(0.000,-0.008,0.000),Move=Vector3.new(-0.000,0,-0.000),Jump=false,CFrame=CFrame.new(-41.405,2.997,-1.175,0.309642,0.950853,-0.000092,0.000032,0.000086,1.000000,0.950853,-0.309642,-0.000004),FOV=70.00,Time=1.5996},{Pos=Vector3.new(-41.405,2.997,-1.175),Vel=Vector3.new(0.000,-0.004,0.000),Move=Vector3.new(-0.000,0,-0.000),Jump=false,CFrame=CFrame.new(-41.405,2.997,-1.175,0.338479,0.940974,-0.000179,0.000068,0.000166,1.000000,0.940974,-0.338479,-0.000008),FOV=70.00,Time=1.6168},{Pos=Vector3.new(-41.405,2.997,-1.175),Vel=Vector3.new(-0.000,-0.002,-0.000),Move=Vector3.new(-0.000,0,-0.000),Jump=false,CFrame=CFrame.new(-41.405,2.997,-1.175,0.374150,0.927368,0.000217,-0.000093,-0.000197,1.000000,0.927368,-0.374151,0.000013),FOV=70.00,Time=1.6332},{Pos=Vector3.new(-41.405,2.997,-1.175),Vel=Vector3.new(-0.000,-0.001,-0.000),Move=Vector3.new(-0.000,0,-0.000),Jump=false,CFrame=CFrame.new(-41.405,2.997,-1.175,0.393468,0.919338,0.000561,-0.000249,-0.000503,1.000000,0.919338,-0.393468,0.000031),FOV=70.00,Time=1.6500},{Pos=Vector3.new(-41.405,2.997,-1.175),Vel=Vector3.new(-0.000,-0.001,-0.000),Move=Vector3.new(-0.000,0,-0.000),Jump=false,CFrame=CFrame.new(-41.405,2.997,-1.175,0.400607,0.916250,0.001049,-0.000473,-0.000938,1.000000,0.916250,-0.400607,0.000058),FOV=70.00,Time=1.6665},{Pos=Vector3.new(-41.355,2.997,-1.186),Vel=Vector3.new(-3.427,-0.000,0.759),Move=Vector3.new(-0.976,0,0.219),Jump=false,CFrame=CFrame.new(-41.355,2.997,-1.186,-0.215687,-0.016182,0.976328,-0.074345,0.997233,0.000104,-0.973628,-0.072563,-0.216293),FOV=70.00,Time=1.6833},{Pos=Vector3.new(-41.234,2.997,-1.210),Vel=Vector3.new(-8.561,-0.000,1.634),Move=Vector3.new(-0.983,0,0.184),Jump=false,CFrame=CFrame.new(-41.234,2.997,-1.210,-0.186732,-0.016420,0.982274,-0.087475,0.996167,0.000023,-0.978509,-0.085920,-0.187452),FOV=70.00,Time=1.7010},{Pos=Vector3.new(-41.028,2.997,-1.251),Vel=Vector3.new(-13.649,-0.000,2.749),Move=Vector3.new(-0.980,0,0.200),Jump=false,CFrame=CFrame.new(-41.028,2.997,-1.251,-0.196747,-0.016605,0.980314,-0.084059,0.996461,0.000008,-0.976844,-0.082403,-0.197446),FOV=70.00,Time=1.7161},{Pos=Vector3.new(-40.769,3.066,-1.302),Vel=Vector3.new(-15.653,-4.366,3.102),Move=Vector3.new(-0.981,0,0.195),Jump=false,CFrame=CFrame.new(-40.769,3.066,-1.302,-0.168085,-0.276697,0.946143,-0.094605,0.959896,0.263912,-0.981222,-0.045150,-0.187521),FOV=70.00,Time=1.7326},{Pos=Vector3.new(-40.507,3.123,-1.353),Vel=Vector3.new(-15.709,-3.041,3.028),Move=Vector3.new(-0.982,0,0.190),Jump=false,CFrame=CFrame.new(-40.507,3.123,-1.353,-0.170935,-0.200548,0.964656,-0.093563,0.977945,0.186731,-0.980830,-0.058338,-0.185929),FOV=70.00,Time=1.7503},{Pos=Vector3.new(-40.246,3.157,-1.409),Vel=Vector3.new(-15.643,-1.742,3.355),Move=Vector3.new(-0.978,0,0.211),Jump=false,CFrame=CFrame.new(-40.246,3.157,-1.409,-0.200049,-0.123097,0.972022,-0.083624,0.990601,0.108239,-0.976211,-0.059631,-0.208463),FOV=70.00,Time=1.7662},{Pos=Vector3.new(-39.987,3.176,-1.471),Vel=Vector3.new(-15.550,-0.951,3.764),Move=Vector3.new(-0.972,0,0.236),Jump=false,CFrame=CFrame.new(-39.987,3.176,-1.471,-0.230468,-0.074575,0.970218,-0.072256,0.995618,0.059363,-0.970394,-0.056422,-0.234846),FOV=70.00,Time=1.7834},{Pos=Vector3.new(-39.730,3.186,-1.541),Vel=Vector3.new(-15.441,-0.513,4.186),Move=Vector3.new(-0.965,0,0.263),Jump=false,CFrame=CFrame.new(-39.730,3.186,-1.541,-0.259287,-0.046909,0.964661,-0.061324,0.997604,0.032028,-0.963852,-0.050852,-0.261542),FOV=70.00,Time=1.8002},{Pos=Vector3.new(-39.473,3.191,-1.613),Vel=Vector3.new(-15.396,-0.275,4.351),Move=Vector3.new(-0.962,0,0.273),Jump=false,CFrame=CFrame.new(-39.473,3.191,-1.613,-0.270589,-0.032023,0.962162,-0.056993,0.998227,0.017195,-0.961007,-0.050184,-0.271934),FOV=70.00,Time=1.8167},{Pos=Vector3.new(-39.217,3.194,-1.687),Vel=Vector3.new(-15.366,-0.147,4.454),Move=Vector3.new(-0.960,0,0.279),Jump=false,CFrame=CFrame.new(-39.217,3.194,-1.687,-0.277514,-0.023967,0.960423,-0.054327,0.998481,0.009219,-0.959184,-0.049619,-0.278394),FOV=70.00,Time=1.8334},{Pos=Vector3.new(-38.961,3.196,-1.762),Vel=Vector3.new(-15.355,-0.079,4.496),Move=Vector3.new(-0.960,0,0.281),Jump=false,CFrame=CFrame.new(-38.961,3.196,-1.762,-0.280360,-0.019693,0.959693,-0.053229,0.998570,0.004940,-0.958418,-0.049698,-0.281008),FOV=70.00,Time=1.8503},{Pos=Vector3.new(-38.705,3.197,-1.838),Vel=Vector3.new(-15.335,-0.042,4.562),Move=Vector3.new(-0.958,0,0.286),Jump=false,CFrame=CFrame.new(-38.705,3.197,-1.838,-0.284623,-0.017241,0.958484,-0.051580,0.998665,0.002647,-0.957251,-0.048686,-0.285133),FOV=70.00,Time=1.8668},{Pos=Vector3.new(-38.450,3.197,-1.915),Vel=Vector3.new(-15.330,-0.023,4.581),Move=Vector3.new(-0.958,0,0.287),Jump=false,CFrame=CFrame.new(-38.450,3.197,-1.915,-0.285849,-0.015988,0.958141,-0.051106,0.998692,0.001418,-0.956911,-0.048561,-0.286292),FOV=70.00,Time=1.8831},{Pos=Vector3.new(-38.195,3.197,-1.992),Vel=Vector3.new(-15.306,-0.012,4.660),Move=Vector3.new(-0.957,0,0.292),Jump=false,CFrame=CFrame.new(-38.195,3.197,-1.992,-0.290851,-0.015045,0.956650,-0.049166,0.998790,0.000760,-0.955504,-0.046814,-0.291238),FOV=70.00,Time=1.9025},{Pos=Vector3.new(-37.940,3.197,-2.072),Vel=Vector3.new(-15.279,-0.007,4.748),Move=Vector3.new(-0.955,0,0.297),Jump=false,CFrame=CFrame.new(-37.940,3.197,-2.072,-0.296387,-0.014339,0.954960,-0.047014,0.998894,0.000407,-0.953910,-0.044775,-0.296733),FOV=70.00,Time=1.9157},{Pos=Vector3.new(-37.686,3.197,-2.152),Vel=Vector3.new(-15.261,-0.003,4.806),Move=Vector3.new(-0.954,0,0.301),Jump=false,CFrame=CFrame.new(-37.686,3.197,-2.152,-0.300101,-0.013091,0.953818,-0.042890,0.999080,0.000218,-0.952943,-0.040844,-0.300387),FOV=70.00,Time=1.9325},{Pos=Vector3.new(-37.432,3.197,-2.232),Vel=Vector3.new(-15.254,-0.002,4.829),Move=Vector3.new(-0.953,0,0.302),Jump=false,CFrame=CFrame.new(-37.432,3.197,-2.232,-0.301588,-0.012139,0.953361,-0.039847,0.999206,0.000117,-0.952605,-0.037954,-0.301833),FOV=70.00,Time=1.9495},{Pos=Vector3.new(-37.177,3.197,-2.312),Vel=Vector3.new(-15.263,-0.001,4.798),Move=Vector3.new(-0.954,0,0.300),Jump=false,CFrame=CFrame.new(-37.177,3.197,-2.312,-0.299692,-0.010681,0.953976,-0.035417,0.999373,0.000063,-0.953378,-0.033768,-0.299882),FOV=70.00,Time=1.9673},{Pos=Vector3.new(-36.922,3.197,-2.391),Vel=Vector3.new(-15.295,-0.001,4.695),Move=Vector3.new(-0.956,0,0.293),Jump=false,CFrame=CFrame.new(-36.922,3.197,-2.391,-0.293295,-0.009767,0.955972,-0.033172,0.999450,0.000034,-0.955446,-0.031702,-0.293458),FOV=70.00,Time=1.9828},{Pos=Vector3.new(-36.668,3.197,-2.472),Vel=Vector3.new(-15.240,-0.000,4.874),Move=Vector3.new(-0.952,0,0.305),Jump=false,CFrame=CFrame.new(-36.668,3.197,-2.472,-0.304507,-0.007663,0.952479,-0.025101,0.999685,0.000018,-0.952179,-0.023902,-0.304603),FOV=70.00,Time=1.9998},{Pos=Vector3.new(-36.416,3.120,-2.557),Vel=Vector3.new(-15.144,5.489,5.163),Move=Vector3.new(-0.946,0,0.323),Jump=false,CFrame=CFrame.new(-36.416,3.120,-2.557,-0.327339,0.302192,0.895282,-0.014397,0.945776,-0.324500,-0.944797,-0.119111,-0.305239),FOV=70.00,Time=2.0161},{Pos=Vector3.new(-36.166,2.987,-2.650),Vel=Vector3.new(-15.007,8.759,5.548),Move=Vector3.new(-0.938,0,0.347),Jump=false,CFrame=CFrame.new(-36.166,2.987,-2.650,-0.349553,0.448227,0.822742,-0.005497,0.877142,-0.480200,-0.936900,-0.172378,-0.304144),FOV=70.00,Time=2.0325},{Pos=Vector3.new(-35.919,2.800,-2.750),Vel=Vector3.new(-14.805,12.029,6.066),Move=Vector3.new(-0.925,0,0.380),Jump=false,CFrame=CFrame.new(-35.919,2.800,-2.750,-0.374597,0.559152,0.739612,0.006537,0.799267,-0.600941,-0.927164,-0.220276,-0.303058),FOV=70.00,Time=2.0496},{Pos=Vector3.new(-35.675,2.559,-2.859),Vel=Vector3.new(-14.599,15.299,6.546),Move=Vector3.new(-0.912,0,0.410),Jump=false,CFrame=CFrame.new(-35.675,2.559,-2.859,-0.394162,0.640092,0.659484,0.017041,0.722545,-0.691113,-0.918883,-0.261172,-0.295707),FOV=70.00,Time=2.0664},{Pos=Vector3.new(-35.435,2.530,-2.975),Vel=Vector3.new(-14.391,-0.243,6.990),Move=Vector3.new(-0.899,0,0.438),Jump=false,CFrame=CFrame.new(-35.435,2.530,-2.975,-0.437122,0.002096,0.899400,0.036028,0.999236,0.015182,-0.898680,0.039040,-0.436863),FOV=70.00,Time=2.0832},{Pos=Vector3.new(-35.200,2.475,-3.100),Vel=Vector3.new(-14.118,4.114,7.526),Move=Vector3.new(-0.882,0,0.471),Jump=false,CFrame=CFrame.new(-35.200,2.475,-3.100,-0.459490,0.241763,0.854646,0.045756,0.967407,-0.249060,-0.887003,-0.075336,-0.455576),FOV=70.00,Time=2.0994},{Pos=Vector3.new(-34.969,2.365,-3.233),Vel=Vector3.new(-13.837,7.428,8.030),Move=Vector3.new(-0.864,0,0.503),Jump=false,CFrame=CFrame.new(-34.969,2.365,-3.233,-0.479259,0.393571,0.784482,0.054203,0.905387,-0.421114,-0.875998,-0.159302,-0.455248),FOV=70.00,Time=2.1168},{Pos=Vector3.new(-34.742,2.200,-3.375),Vel=Vector3.new(-13.564,10.698,8.484),Move=Vector3.new(-0.847,0,0.531),Jump=false,CFrame=CFrame.new(-34.742,2.200,-3.375,-0.494437,0.508761,0.704765,0.060749,0.829051,-0.555863,-0.867088,-0.232025,-0.440821),FOV=70.00,Time=2.1333},{Pos=Vector3.new(-34.519,2.083,-3.521),Vel=Vector3.new(-13.371,1.687,8.784),Move=Vector3.new(-0.835,0,0.550),Jump=false,CFrame=CFrame.new(-34.519,2.083,-3.521,-0.539632,0.134062,0.831159,0.084621,0.990878,-0.104884,-0.837638,0.013735,-0.546054),FOV=70.00,Time=2.1500},{Pos=Vector3.new(-34.297,2.118,-3.667),Vel=Vector3.new(-13.367,-2.429,8.791),Move=Vector3.new(-0.835,0,0.550),Jump=false,CFrame=CFrame.new(-34.297,2.118,-3.667,-0.559113,-0.070830,0.826061,0.097120,0.983889,0.150098,-0.823384,0.164149,-0.543226),FOV=70.00,Time=2.1667},{Pos=Vector3.new(-34.074,2.152,-3.814),Vel=Vector3.new(-13.361,-1.837,8.801),Move=Vector3.new(-0.835,0,0.550),Jump=false,CFrame=CFrame.new(-34.074,2.152,-3.814,-0.556944,-0.038719,0.829647,0.101205,0.988305,0.114063,-0.824361,0.147491,-0.546512),FOV=70.00,Time=2.1834},{Pos=Vector3.new(-33.851,2.173,-3.961),Vel=Vector3.new(-13.363,-1.070,8.799),Move=Vector3.new(-0.835,0,0.550),Jump=false,CFrame=CFrame.new(-33.851,2.173,-3.961,-0.552747,0.001437,0.833348,0.103206,0.992418,0.066743,-0.826934,0.122898,-0.548704),FOV=70.00,Time=2.1994},{Pos=Vector3.new(-33.629,2.184,-4.108),Vel=Vector3.new(-13.354,-0.587,8.813),Move=Vector3.new(-0.834,0,0.551),Jump=false,CFrame=CFrame.new(-33.629,2.184,-4.108,-0.550955,0.028006,0.834065,0.106037,0.993686,0.036679,-0.827771,0.108650,-0.550446),FOV=70.00,Time=2.2158},{Pos=Vector3.new(-33.406,2.190,-4.254),Vel=Vector3.new(-13.398,-0.317,8.746),Move=Vector3.new(-0.837,0,0.547),Jump=false,CFrame=CFrame.new(-33.406,2.190,-4.254,-0.545252,0.042160,0.837211,0.107263,0.994034,0.019800,-0.831381,0.100598,-0.546521),FOV=70.00,Time=2.2332},{Pos=Vector3.new(-33.069,2.195,-4.470),Vel=Vector3.new(-13.467,-0.125,8.639),Move=Vector3.new(-0.842,0,0.540),Jump=false,CFrame=CFrame.new(-33.069,2.195,-4.470,-0.537582,0.051126,0.841660,0.106748,0.994256,0.007786,-0.836427,0.094032,-0.539951),FOV=70.00,Time=2.2590},{Pos=Vector3.new(-32.729,2.196,-4.681),Vel=Vector3.new(-13.608,-0.049,8.415),Move=Vector3.new(-0.851,0,0.526),Jump=false,CFrame=CFrame.new(-32.729,2.196,-4.681,-0.523383,0.051874,0.850517,0.103544,0.994620,0.003055,-0.845783,0.089665,-0.525939),FOV=70.00,Time=2.2824},{Pos=Vector3.new(-32.503,2.197,-4.821),Vel=Vector3.new(-13.613,-0.026,8.407),Move=Vector3.new(-0.851,0,0.526),Jump=false,CFrame=CFrame.new(-32.503,2.197,-4.821,-0.522800,0.052884,0.850814,0.103280,0.994651,0.001637,-0.846176,0.088728,-0.525465),FOV=70.00,Time=2.2991},{Pos=Vector3.new(-32.276,2.197,-4.961),Vel=Vector3.new(-13.616,-0.014,8.403),Move=Vector3.new(-0.851,0,0.525),Jump=false,CFrame=CFrame.new(-32.276,2.197,-4.961,-0.522480,0.053424,0.850976,0.103135,0.994667,0.000877,-0.846391,0.088224,-0.525204),FOV=70.00,Time=2.3159},{Pos=Vector3.new(-32.049,2.197,-5.101),Vel=Vector3.new(-13.616,-0.008,8.403),Move=Vector3.new(-0.851,0,0.525),Jump=false,CFrame=CFrame.new(-32.049,2.197,-5.101,-0.522383,0.054383,0.850975,0.104303,0.994546,0.000470,-0.846308,0.089005,-0.525206),FOV=70.00,Time=2.3331},{Pos=Vector3.new(-31.822,2.197,-5.241),Vel=Vector3.new(-13.627,-0.004,8.384),Move=Vector3.new(-0.852,0,0.524),Jump=false,CFrame=CFrame.new(-31.822,2.197,-5.241,-0.521131,0.054877,0.851711,0.105133,0.994458,0.000252,-0.846977,0.089675,-0.524012),FOV=70.00,Time=2.3502},{Pos=Vector3.new(-31.594,2.197,-5.380),Vel=Vector3.new(-13.646,-0.002,8.355),Move=Vector3.new(-0.853,0,0.522),Jump=false,CFrame=CFrame.new(-31.594,2.197,-5.380,-0.519273,0.054849,0.852847,0.105263,0.994445,0.000135,-0.848101,0.089843,-0.522162),FOV=70.00,Time=2.3665},{Pos=Vector3.new(-31.367,2.197,-5.519),Vel=Vector3.new(-13.661,-0.001,8.330),Move=Vector3.new(-0.854,0,0.521),Jump=false,CFrame=CFrame.new(-31.367,2.197,-5.519,-0.517767,0.054381,0.853792,0.104574,0.994517,0.000073,-0.849106,0.089322,-0.520615),FOV=70.00,Time=2.3832},{Pos=Vector3.new(-31.139,2.197,-5.658),Vel=Vector3.new(-13.661,-0.001,8.329),Move=Vector3.new(-0.854,0,0.521),Jump=false,CFrame=CFrame.new(-31.139,2.197,-5.658,-0.517738,0.054400,0.853808,0.104560,0.994519,0.000039,-0.849126,0.089295,-0.520588),FOV=70.00,Time=2.3999},{Pos=Vector3.new(-30.911,2.197,-5.797),Vel=Vector3.new(-13.661,-0.000,8.329),Move=Vector3.new(-0.854,0,0.521),Jump=false,CFrame=CFrame.new(-30.911,2.197,-5.797,-0.517738,0.054415,0.853807,0.104560,0.994519,0.000021,-0.849126,0.089285,-0.520590),FOV=70.00,Time=2.4165},{Pos=Vector3.new(-30.683,2.197,-5.936),Vel=Vector3.new(-13.661,-0.000,8.329),Move=Vector3.new(-0.854,0,0.521),Jump=false,CFrame=CFrame.new(-30.683,2.197,-5.936,-0.517663,0.055140,0.853806,0.105936,0.994373,0.000011,-0.849001,0.090455,-0.520592),FOV=70.00,Time=2.4332},{Pos=Vector3.new(-30.456,2.197,-6.074),Vel=Vector3.new(-13.675,-0.000,8.306),Move=Vector3.new(-0.855,0,0.519),Jump=false,CFrame=CFrame.new(-30.456,2.197,-6.074,-0.516123,0.055493,0.854715,0.106912,0.994269,0.000006,-0.849816,0.091383,-0.519098),FOV=70.00,