-- V23 Full Path (255 acts) - 20260126_201522
local cam=workspace.CurrentCamera; local plr=game.Players.LocalPlayer; local char=plr.Character or plr.CharacterAdded:Wait(); local hum=char:WaitForChild('Humanoid',5); local hrp=char:WaitForChild('HumanoidRootPart',5); if not(hum and hrp)then return end; hum.AutoRotate=false; cam.CameraType=Enum.CameraType.Scriptable; task.wait(1.5);

cam.CFrame=CFrame.new(58.502,252.123,-212.881,-0.999883,0.002142,-0.015120,0.000000,0.990116,0.140248,0.015271,0.140231,-0.990001); cam.FieldOfView=70.00; hum:Move(Vector3.zero,true); hrp.AssemblyLinearVelocity=Vector3.new(0.000,0.001,0.000); hrp.CFrame=CFrame.new(58.691,248.870,-200.506); local lookDir=cam.CFrame.LookVector*Vector3.new(1,0,1); if lookDir.Magnitude>0.01 then hrp.CFrame=CFrame.new(hrp.Position,hrp.Position+lookDir.Unit); end; task.wait(0.0000);
cam.CFrame=CFrame.new(58.502,252.123,-212.881,-0.999883,0.002142,-0.015120,0.000000,0.990117,0.140248,0.015271,0.140232,-0.990001); cam.FieldOfView=70.00; hum:Move(Vector3.zero,true); hrp.AssemblyLinearVelocity=Vector3.new(-0.000,0.001,-0.000); hrp.CFrame=CFrame.new(58.691,248.870,-200.506); local lookDir=cam.CFrame.LookVector*Vector3.new(1,0,1); if lookDir.Magnitude>0.01 then hrp.CFrame=CFrame.new(hrp.Position,hrp.Position+lookDir.Unit); end; task.wait(0.0473);
cam.CFrame=CFrame.new(58.502,252.123,-212.881,-0.999883,0.002142,-0.015120,0.000000,0.990116,0.140248,0.015271,0.140231,-0.990001); cam.FieldOfView=70.00; hum:Move(Vector3.zero,true); hrp.AssemblyLinearVelocity=Vector3.new(0.000,0.001,0.000); hrp.CFrame=CFrame.new(58.691,248.870,-200.506); local lookDir=cam.CFrame.LookVector*Vector3.new(1,0,1); if lookDir.Magnitude>0.01 then hrp.CFrame=CFrame.new(hrp.Position,hrp.Position+lookDir.Unit); end; task.wait(0.0507);
cam.CFrame=CFrame.new(58.502,252.123,-212.881,-0.999883,0.002142,-0.015120,0.000000,0.990117,0.140248,0.015271,0.140232,-0.990001); cam.FieldOfView=70.00; hum:Move(Vector3.zero,true); hrp.AssemblyLinearVelocity=Vector3.new(0.000,0.001,0.000); hrp.CFrame=CFrame.new(58.691,248.870,-200.506); local lookDir=cam.CFrame.LookVector*Vector3.new(1,0,1); if lookDir.Magnitude>0.01 then hrp.CFrame=CFrame.new(hrp.Position,hrp.Position+lookDir.Unit); end; task.wait(0.0364);
cam.CFrame=CFrame.new(58.502,252.123,-212.881,-0.999883,0.002142,-0.015120,0.000000,0.990116,0.140248,0.015271,0.140231,-0.990001); cam.FieldOfView=70.00; hum:Move(Vector3.zero,true); hrp.AssemblyLinearVelocity=Vector3.new(0.000,0.001,0.000); hrp.CFrame=CFrame.new(58.691,248.870,-200.506); local lookDir=cam.CFrame.LookVector*Vector3.new(1,0,1); if lookDir.Magnitude>0.01 then hrp.CFrame=CFrame.new(hrp.Position,hrp.Position+lookDir.Unit); end; task.wait(0.0459);
cam.CFrame=CFrame.new(58.502,252.123,-212.881,-0.999883,0.002142,-0.015120,0.000000,0.990117,0.140248,0.015271,0.140232,-0.990001); cam.FieldOfView=70.00; hum:Move(Vector3.zero,true); hrp.AssemblyLinearVelocity=Vector3.new(-0.000,0.001,-0.000); hrp.CFrame=CFrame.new(58.691,248.870,-200.506); local lookDir=cam.CFrame.LookVector*Vector3.new(1,0,1); if lookDir.Magnitude>0.01 then hrp.CFrame=CFrame.new(hrp.Position,hrp.Position+lookDir.Unit); end; task.wait(0.0497);
cam.CFrame=CFrame.new(58.111,252.661,-212.781,-0.998886,0.008645,-0.046379,0.000000,0.983066,0.183251,0.047178,0.183047,-0.981972); cam.FieldOfView=70.00; hum:Move(Vector3.zero,true); hrp.AssemblyLinearVelocity=Vector3.new(-0.000,0.001,-0.000); hrp.CFrame=CFrame.new(58.691,248.870,-200.506); local lookDir=cam.CFrame.LookVector*Vector3.new(1,0,1); if lookDir.Magnitude>0.01 then hrp.CFrame=CFrame.new(hrp.Position,hrp.Position+lookDir.Unit); end; task.wait(0.0334);
cam.CFrame=CFrame.new(57.644,253.229,-212.630,-0.996289,0.019684,-0.083788,0.000000,0.973498,0.228697,0.086069,0.227848,-0.969885); cam.FieldOfView=70.00; hum:Move(Vector3.zero,true); hrp.AssemblyLinearVelocity=Vector3.new(-0.000,0.001,-0.000); hrp.CFrame=CFrame.new(58.691,248.870,-200.506); local lookDir=cam.CFrame.LookVector*Vector3.new(1,0,1); if lookDir.Magnitude>0.01 then hrp.CFrame=CFrame.new(hrp.Position,hrp.Position+lookDir.Unit); end; task.wait(0.0330);
cam.CFrame=CFrame.new(57.324,253.602,-212.503,-0.993572,0.029268,-0.109354,0.000000,0.966000,0.258543,0.113203,0.256881,-0.959790); cam.FieldOfView=70.00; hum:Move(Vector3.zero,true); hrp.AssemblyLinearVelocity=Vector3.new(0.000,0.001,0.000); hrp.CFrame=CFrame.new(58.691,248.870,-200.506); local lookDir=cam.CFrame.LookVector*Vector3.new(1,0,1); if lookDir.Magnitude>0.01 then hrp.CFrame=CFrame.new(hrp.Position,hrp.Position+lookDir.Unit); end; task.wait(0.0407);
cam.CFrame=CFrame.new(57.300,253.665,-212.483,-0.993323,0.030409,-0.111291,0.000000,0.964639,0.263575,0.115371,0.261815,-0.958197); cam.FieldOfView=70.00; hum:Move(Vector3.zero,true); hrp.AssemblyLinearVelocity=Vector3.new(0.000,0.001,0.000); hrp.CFrame=CFrame.new(58.691,248.870,-200.506); local lookDir=cam.CFrame.LookVector*Vector3.new(1,0,1); if lookDir.Magnitude>0.01 then hrp.CFrame=CFrame.new(hrp.Position,hrp.Position+lookDir.Unit); end; task.wait(0.0398);
cam.CFrame=CFrame.new(57.304,253.804,-212.445,-0.993322,0.031694,-0.110932,0.000000,0.961526,0.274713,0.115371,0.272879,-0.955106); cam.FieldOfView=70.00; hum:Move(Vector3.new(-0.090,0,0.996),true); hrp.AssemblyLinearVelocity=Vector3.new(-1.936,0.225,16.001); hrp.CFrame=CFrame.new(58.662,248.873,-200.149); local lookDir=cam.CFrame.LookVector*Vector3.new(1,0,1); if lookDir.Magnitude>0.01 then hrp.CFrame=CFrame.new(hrp.Position,hrp.Position+lookDir.Unit); end; task.wait(0.0330);
cam.CFrame=CFrame.new(57.281,253.964,-212.041,-0.993323,0.033149,-0.110506,0.000000,0.957832,0.287329,0.115371,0.285410,-0.951436); cam.FieldOfView=70.00; hum:Move(Vector3.new(-0.080,0,0.997),true); hrp.AssemblyLinearVelocity=Vector3.new(-2.098,0.505,22.287); hrp.CFrame=CFrame.new(58.618,248.882,-199.618); local lookDir=cam.CFrame.LookVector*Vector3.new(1,0,1); if lookDir.Magnitude>0.01 then hrp.CFrame=CFrame.new(hrp.Position,hrp.Position+lookDir.Unit); end; task.wait(0.0330);
cam.CFrame=CFrame.new(57.208,254.033,-211.039,-0.993322,0.033588,-0.110373,0.000000,0.956683,0.291130,0.115371,0.289186,-0.950295); cam.FieldOfView=70.00; hum:Move(Vector3.new(-0.055,0,0.998),true); hrp.AssemblyLinearVelocity=Vector3.new(-1.233,0.503,22.325); hrp.CFrame=CFrame.new(58.565,248.903,-198.794); local lookDir=cam.CFrame.LookVector*Vector3.new(1,0,1); if lookDir.Magnitude>0.01 then hrp.CFrame=CFrame.new(hrp.Position,hrp.Position+lookDir.Unit); end; task.wait(0.0401);
cam.CFrame=CFrame.new(57.163,254.052,-210.215,-0.993322,0.033588,-0.110373,0.000000,0.956683,0.291130,0.115371,0.289186,-0.950295); cam.FieldOfView=70.00; hum:Move(Vector3.new(-0.035,0,0.999),true); hrp.AssemblyLinearVelocity=Vector3.new(-0.668,0.431,22.206); hrp.CFrame=CFrame.new(58.524,248.922,-197.878); local lookDir=cam.CFrame.LookVector*Vector3.new(1,0,1); if lookDir.Magnitude>0.01 then hrp.CFrame=CFrame.new(hrp.Position,hrp.Position+lookDir.Unit); end; task.wait(0.0378);
cam.CFrame=CFrame.new(57.136,254.066,-209.482,-0.993322,0.033588,-0.110373,0.000000,0.956683,0.291130,0.115371,0.289186,-0.950295); cam.FieldOfView=70.00; hum:Move(Vector3.new(-0.027,0,1.000),true); hrp.AssemblyLinearVelocity=Vector3.new(-0.482,0.346,22.130); hrp.CFrame=CFrame.new(58.506,248.933,-197.236); local lookDir=cam.CFrame.LookVector*Vector3.new(1,0,1); if lookDir.Magnitude>0.01 then hrp.CFrame=CFrame.new(hrp.Position,hrp.Position+lookDir.Unit); end; task.wait(0.0330);
cam.CFrame=CFrame.new(57.117,254.077,-208.748,-0.993322,0.033588,-0.110373,0.000000,0.956683,0.291130,0.115371,0.289186,-0.950295); cam.FieldOfView=70.00; hum:Move(Vector3.new(-0.018,0,1.000),true); hrp.AssemblyLinearVelocity=Vector3.new(-0.275,0.315,22.078); hrp.CFrame=CFrame.new(58.490,248.944,-196.502); local lookDir=cam.CFrame.LookVector*Vector3.new(1,0,1); if lookDir.Magnitude>0.01 then hrp.CFrame=CFrame.new(hrp.Position,hrp.Position+lookDir.Unit); end; task.wait(0.0360);
cam.CFrame=CFrame.new(57.104,254.089,-207.923,-0.993322,0.033588,-0.110373,0.000000,0.956683,0.291130,0.115371,0.289186,-0.950295); cam.FieldOfView=70.00; hum:Move(Vector3.new(-0.008,0,1.000),true); hrp.AssemblyLinearVelocity=Vector3.new(-0.079,0.267,22.046); hrp.CFrame=CFrame.new(58.482,248.953,-195.769); local lookDir=cam.CFrame.LookVector*Vector3.new(1,0,1); if lookDir.Magnitude>0.01 then hrp.CFrame=CFrame.new(hrp.Position,hrp.Position+lookDir.Unit); end; task.wait(0.0330);
cam.CFrame=CFrame.new(57.102,254.098,-207.189,-0.993322,0.033588,-0.110373,0.000000,0.956683,0.291130,0.115371,0.289186,-0.950295); cam.FieldOfView=70.00; hum:Move(Vector3.new(0.012,0,1.000),true); hrp.AssemblyLinearVelocity=Vector3.new(0.326,0.195,22.024); hrp.CFrame=CFrame.new(58.485,248.962,-194.944); local lookDir=cam.CFrame.LookVector*Vector3.new(1,0,1); if lookDir.Magnitude>0.01 then hrp.CFrame=CFrame.new(hrp.Position,hrp.Position+lookDir.Unit); end; task.wait(0.0335);
cam.CFrame=CFrame.new(57.112,254.103,-206.548,-0.993322,0.033588,-0.110373,0.000000,0.956683,0.291130,0.115371,0.289186,-0.950295); cam.FieldOfView=70.00; hum:Move(Vector3.new(0.038,0,0.999),true); hrp.AssemblyLinearVelocity=Vector3.new(0.897,0.146,21.999); hrp.CFrame=CFrame.new(58.509,248.967,-194.211); local lookDir=cam.CFrame.LookVector*Vector3.new(1,0,1); if lookDir.Magnitude>0.01 then hrp.CFrame=CFrame.new(hrp.Position,hrp.Position+lookDir.Unit); end; task.wait(0.0346);
cam.CFrame=CFrame.new(57.129,254.106,-206.090,-0.993323,0.033588,-0.110373,0.000000,0.956684,0.291130,0.115371,0.289186,-0.950295); cam.FieldOfView=70.00; hum:Move(Vector3.new(0.056,0,0.998),true); hrp.AssemblyLinearVelocity=Vector3.new(1.288,0.135,21.975); hrp.CFrame=CFrame.new(58.539,248.971,-193.662); local lookDir=cam.CFrame.LookVector*Vector3.new(1,0,1); if lookDir.Magnitude>0.01 then hrp.CFrame=CFrame.new(hrp.Position,hrp.Position+lookDir.Unit); end; task.wait(0.0330);
cam.CFrame=CFrame.new(57.186,254.112,-205.175,-0.993323,0.033588,-0.110373,0.000000,0.956684,0.291130,0.115371,0.289186,-0.950295); cam.FieldOfView=70.00; hum:Move(Vector3.new(0.106,0,0.994),true); hrp.AssemblyLinearVelocity=Vector3.new(2.369,0.128,21.882); hrp.CFrame=CFrame.new(58.603,248.975,-192.931); local lookDir=cam.CFrame.LookVector*Vector3.new(1,0,1); if lookDir.Magnitude>0.01 then hrp.CFrame=CFrame.new(hrp.Position,hrp.Position+lookDir.Unit); end; task.wait(0.0350);
cam.CFrame=CFrame.new(57.266,254.116,-204.446,-0.993323,0.033588,-0.110373,0.000000,0.956684,0.291130,0.115371,0.289186,-0.950295); cam.FieldOfView=70.00; hum:Move(Vector3.new(0.127,0,0.992),true); hrp.AssemblyLinearVelocity=Vector3.new(2.822,0.117,21.825); hrp.CFrame=CFrame.new(58.691,248.979,-192.203); local lookDir=cam.CFrame.LookVector*Vector3.new(1,0,1); if lookDir.Magnitude>0.01 then hrp.CFrame=CFrame.new(hrp.Position,hrp.Position+lookDir.Unit); end; task.wait(0.0330);
cam.CFrame=CFrame.new(57.387,254.120,-203.493,-0.993323,0.033588,-0.110373,0.000000,0.956684,0.291130,0.115371,0.289186,-0.950295); cam.FieldOfView=70.00; hum:Move(Vector3.new(0.133,0,0.991),true); hrp.AssemblyLinearVelocity=Vector3.new(5.096,0.116,37.655); hrp.CFrame=CFrame.new(58.850,248.983,-190.987); local lookDir=cam.CFrame.LookVector*Vector3.new(1,0,1); if lookDir.Magnitude>0.01 then hrp.CFrame=CFrame.new(hrp.Position,hrp.Position+lookDir.Unit); end; task.wait(0.0364);
cam.CFrame=CFrame.new(57.562,254.124,-202.239,-0.993323,0.033588,-0.110373,0.000000,0.956684,0.291130,0.115371,0.289186,-0.950295); cam.FieldOfView=70.00; hum:Move(Vector3.new(0.148,0,0.989),true); hrp.AssemblyLinearVelocity=Vector3.new(5.665,0.108,37.578); hrp.CFrame=CFrame.new(59.035,248.987,-189.734); local lookDir=cam.CFrame.LookVector*Vector3.new(1,0,1); if lookDir.Magnitude>0.01 then hrp.CFrame=CFrame.new(hrp.Position,hrp.Position+lookDir.Unit); end; task.wait(0.0330);
cam.CFrame=CFrame.new(57.869,254.130,-200.204,-0.993322,0.033588,-0.110373,0.000000,0.956683,0.291130,0.115371,0.289186,-0.950295); cam.FieldOfView=70.00; hum:Move(Vector3.new(0.153,0,0.988),true); hrp.AssemblyLinearVelocity=Vector3.new(5.810,0.121,37.554); hrp.CFrame=CFrame.new(59.321,248.993,-187.856); local lookDir=cam.CFrame.LookVector*Vector3.new(1,0,1); if lookDir.Magnitude>0.01 then hrp.CFrame=CFrame.new(hrp.Position,hrp.Position+lookDir.Unit); end; task.wait(0.0532);
cam.CFrame=CFrame.new(58.038,254.136,-199.108,-0.993322,0.033588,-0.110373,0.000000,0.956683,0.291130,0.115371,0.289186,-0.950295); cam.FieldOfView=70.00; hum:Move(Vector3.new(0.153,0,0.988),true); hrp.AssemblyLinearVelocity=Vector3.new(5.807,0.758,37.535); hrp.CFrame=CFrame.new(59.514,249.007,-186.604); local lookDir=cam.CFrame.LookVector*Vector3.new(1,0,1); if lookDir.Magnitude>0.01 then hrp.CFrame=CFrame.new(hrp.Position,hrp.Position+lookDir.Unit); end; task.wait(0.0330);
cam.CFrame=CFrame.new(58.207,254.157,-198.014,-0.993322,0.033588,-0.110373,0.000000,0.956683,0.291130,0.115371,0.289186,-0.950295); cam.FieldOfView=70.00; hum:Move(Vector3.new(0.153,0,0.988),true); hrp.AssemblyLinearVelocity=Vector3.new(5.806,0.989,37.545); hrp.CFrame=CFrame.new(59.683,249.035,-185.509); local lookDir=cam.CFrame.LookVector*Vector3.new(1,0,1); if lookDir.Magnitude>0.01 then hrp.CFrame=CFrame.new(hrp.Position,hrp.Position+lookDir.Unit); end; task.wait(0.0330);
cam.CFrame=CFrame.new(58.376,254.187,-196.919,-0.993322,0.033588,-0.110373,0.000000,0.956683,0.291130,0.115371,0.289186,-0.950295); cam.FieldOfView=70.00; hum:Move(Vector3.new(0.153,0,0.988),true); hrp.AssemblyLinearVelocity=Vector3.new(5.788,1.617,37.446); hrp.CFrame=CFrame.new(59.852,249.071,-184.416); local lookDir=cam.CFrame.LookVector*Vector3.new(1,0,1); if lookDir.Magnitude>0.01 then hrp.CFrame=CFrame.new(hrp.Position,hrp.Position+lookDir.Unit); end; task.wait(0.0330);
cam.CFrame=CFrame.new(58.569,254.248,-195.672,-0.993322,0.033588,-0.110373,0.000000,0.956683,0.291130,0.115371,0.289186,-0.950295); cam.FieldOfView=70.00; hum:Move(Vector3.new(0.153,0,0.988),true); hrp.AssemblyLinearVelocity=Vector3.new(5.715,4.289,36.988); hrp.CFrame=CFrame.new(60.044,249.171,-183.176); local lookDir=cam.CFrame.LookVector*Vector3.new(1,0,1); if lookDir.Magnitude>0.01 then hrp.CFrame=CFrame.new(hrp.Position,hrp.Position+lookDir.Unit); end; task.wait(0.0330);
cam.CFrame=CFrame.new(58.759,254.396,-194.440,-0.993322,0.033588,-0.110373,0.000000,0.956683,0.291130,0.115371,0.289186,-0.950295); cam.FieldOfView=70.00; hum:Move(Vector3.new(0.153,0,0.988),true); hrp.AssemblyLinearVelocity=Vector3.new(5.702,6.157,36.909); hrp.CFrame=CFrame.new(60.233,249.356,-181.946); local lookDir=cam.CFrame.LookVector*Vector3.new(1,0,1); if lookDir.Magnitude>0.01 then hrp.CFrame=CFrame.new(hrp.Position,hrp.Position+lookDir.Unit); end; task.wait(0.0353);
cam.CFrame=CFrame.new(58.970,254.630,-193.055,-0.993322,0.033588,-0.110373,0.000000,0.956683,0.291130,0.115371,0.289186,-0.950295); cam.FieldOfView=70.00; hum:Move(Vector3.new(0.145,0,0.989),true); hrp.AssemblyLinearVelocity=Vector3.new(5.432,6.794,36.941); hrp.CFrame=CFrame.new(60.440,249.604,-180.561); local lookDir=cam.CFrame.LookVector*Vector3.new(1,0,1); if lookDir.Magnitude>0.01 then hrp.CFrame=CFrame.new(hrp.Position,hrp.Position+lookDir.Unit); end; task.wait(0.0355);
cam.CFrame=CFrame.new(59.149,254.856,-191.816,-0.993322,0.033588,-0.110373,0.000000,0.956683,0.291130,0.115371,0.289186,-0.950295); cam.FieldOfView=70.00; hum:Move(Vector3.new(0.130,0,0.991),true); hrp.AssemblyLinearVelocity=Vector3.new(4.929,5.335,37.427); hrp.CFrame=CFrame.new(60.611,249.811,-179.314); local lookDir=cam.CFrame.LookVector*Vector3.new(1,0,1); if lookDir.Magnitude>0.01 then hrp.CFrame=CFrame.new(hrp.Position,hrp.Position+lookDir.Unit); end; task.wait(0.0340);
cam.CFrame=CFrame.new(59.311,254.989,-190.574,-0.993322,0.033588,-0.110373,0.000000,0.956683,0.291130,0.115371,0.289186,-0.950295); cam.FieldOfView=70.00; hum:Move(Vector3.new(0.123,0,0.992),true); hrp.AssemblyLinearVelocity=Vector3.new(4.505,-3.929,36.322); hrp.CFrame=CFrame.new(60.766,249.810,-178.088); local lookDir=cam.CFrame.LookVector*Vector3.new(1,0,1); if lookDir.Magnitude>0.01 then hrp.CFrame=CFrame.new(hrp.Position,hrp.Position+lookDir.Unit); end; task.wait(0.0330);
cam.CFrame=CFrame.new(59.460,254.847,-189.358,-0.993322,0.033588,-0.110373,0.000000,0.956683,0.291130,0.115371,0.289186,-0.950295); cam.FieldOfView=70.00; hum:Move(Vector3.new(0.117,0,0.993),true); hrp.AssemblyLinearVelocity=Vector3.new(4.348,-10.622,36.774); hrp.CFrame=CFrame.new(60.913,249.552,-176.867); local lookDir=cam.CFrame.LookVector*Vector3.new(1,0,1); if lookDir.Magnitude>0.01 then hrp.CFrame=CFrame.new(hrp.Position,hrp.Position+lookDir.Unit); end; task.wait(0.0332);
cam.CFrame=CFrame.new(59.587,254.538,-188.283,-0.993322,0.033588,-0.110373,0.000000,0.956683,0.291130,0.115371,0.289186,-0.950295); cam.FieldOfView=70.00; hum:Move(Vector3.new(0.115,0,0.993),true); hrp.AssemblyLinearVelocity=Vector3.new(4.305,-16.345,37.290); hrp.CFrame=CFrame.new(61.038,249.146,-175.783); local lookDir=cam.CFrame.LookVector*Vector3.new(1,0,1); if lookDir.Magnitude>0.01 then hrp.CFrame=CFrame.new(hrp.Position,hrp.Position+lookDir.Unit); end; task.wait(0.0330);
cam.CFrame=CFrame.new(59.731,254.204,-187.037,-0.993322,0.033588,-0.110373,0.000000,0.956683,0.291130,0.115371,0.289186,-0.950295); cam.FieldOfView=70.00; hum:Move(Vector3.new(0.115,0,0.993),true); hrp.AssemblyLinearVelocity=Vector3.new(4.353,-1.143,37.697); hrp.CFrame=CFrame.new(61.183,249.049,-174.531); local lookDir=cam.CFrame.LookVector*Vector3.new(1,0,1); if lookDir.Magnitude>0.01 then hrp.CFrame=CFrame.new(hrp.Position,hrp.Position+lookDir.Unit); end; task.wait(0.0334);
cam.CFrame=CFrame.new(59.876,254.185,-185.780,-0.993322,0.033588,-0.110373,0.000000,0.956683,0.291130,0.115371,0.289186,-0.950295); cam.FieldOfView=70.00; hum:Move(Vector3.new(0.115,0,0.993),true); hrp.AssemblyLinearVelocity=Vector3.new(4.358,0.630,37.741); hrp.CFrame=CFrame.new(61.347,249.056,-173.115); local lookDir=cam.CFrame.LookVector*Vector3.new(1,0,1); if lookDir.Magnitude>0.01 then hrp.CFrame=CFrame.new(hrp.Position,hrp.Position+lookDir.Unit); end; task.wait(0.0375);
cam.CFrame=CFrame.new(60.021,254.204,-184.523,-0.993322,0.033588,-0.110373,0.000000,0.956683,0.291130,0.115371,0.289186,-0.950295); cam.FieldOfView=70.00; hum:Move(Vector3.new(0.115,0,0.993),true); hrp.AssemblyLinearVelocity=Vector3.new(4.358,1.030,37.736); hrp.CFrame=CFrame.new(61.474,249.082,-172.015); local lookDir=cam.CFrame.LookVector*Vector3.new(1,0,1); if lookDir.Magnitude>0.01 then hrp.CFrame=CFrame.new(hrp.Position,hrp.Position+lookDir.Unit); end; task.wait(0.0330);
cam.CFrame=CFrame.new(60.167,254.239,-183.265,-0.993322,0.033588,-0.110373,0.000000,0.956683,0.291130,0.115371,0.289186,-0.950295); cam.FieldOfView=70.00; hum:Move(Vector3.new(0.127,0,0.992),true); hrp.AssemblyLinearVelocity=Vector3.new(4.814,1.765,37.578); hrp.CFrame=CFrame.new(61.626,249.125,-170.760); local lookDir=cam.CFrame.LookVector*Vector3.new(1,0,1); if lookDir.Magnitude>0.01 then hrp.CFrame=CFrame.new(hrp.Position,hrp.Position+lookDir.Unit); end; task.wait(0.0330);
cam.CFrame=CFrame.new(60.343,254.322,-182.026,-0.993322,0.033588,-0.110373,0.000000,0.956683,0.291130,0.115371,0.289186,-0.950295); cam.FieldOfView=70.00; hum:Move(Vector3.new(0.199,0,0.980),true); hrp.AssemblyLinearVelocity=Vector3.new(5.960,50.701,36.583); hrp.CFrame=CFrame.new(61.821,250.049,-169.538); local lookDir=cam.CFrame.LookVector*Vector3.new(1,0,1); if lookDir.Magnitude>0.01 then hrp.CFrame=CFrame.new(hrp.Position,hrp.Position+lookDir.Unit); end; task.wait(0.0352);
cam.CFrame=CFrame.new(60.566,255.999,-180.808,-0.993322,0.033588,-0.110373,0.000000,0.956683,0.291130,0.115371,0.289186,-0.950295); cam.FieldOfView=70.00; hum:Move(Vector3.new(0.366,0,0.931),true); hrp.AssemblyLinearVelocity=Vector3.new(10.679,44.161,36.000); hrp.CFrame=CFrame.new(62.108,251.616,-168.326); local lookDir=cam.CFrame.LookVector*Vector3.new(1,0,1); if lookDir.Magnitude>0.01 then hrp.CFrame=CFrame.new(hrp.Position,hrp.Position+lookDir.Unit); end; hum.Jump=true; task.wait(0.0330);
cam.CFrame=CFrame.new(60.929,257.457,-179.611,-0.993322,0.033588,-0.110373,0.000000,0.956683,0.291130,0.115371,0.289186,-0.950295); cam.FieldOfView=70.00; hum:Move(Vector3.new(0.472,0,0.882),true); hrp.AssemblyLinearVelocity=Vector3.new(15.765,36.803,34.320); hrp.CFrame=CFrame.new(62.613,253.119,-167.009); local lookDir=cam.CFrame.LookVector*Vector3.new(1,0,1); if lookDir.Magnitude>0.01 then hrp.CFrame=CFrame.new(hrp.Position,hrp.Position+lookDir.Unit); end; task.wait(0.0351);
cam.CFrame=CFrame.new(61.518,258.837,-178.325,-0.993322,0.033588,-0.110373,0.000000,0.956683,0.291130,0.115371,0.289186,-0.950295); cam.FieldOfView=70.00; hum:Move(Vector3.new(0.525,0,0.851),true); hrp.AssemblyLinearVelocity=Vector3.new(19.540,31.081,32.549); hrp.CFrame=CFrame.new(63.135,254.097,-166.036); local lookDir=cam.CFrame.LookVector*Vector3.new(1,0,1); if lookDir.Magnitude>0.01 then hrp.CFrame=CFrame.new(hrp.Position,hrp.Position+lookDir.Unit); end; task.wait(0.0330);
cam.CFrame=CFrame.new(62.089,259.720,-177.377,-0.993322,0.033588,-0.110373,0.000000,0.956683,0.291130,0.115371,0.289186,-0.950295); cam.FieldOfView=70.00; hum:Move(Vector3.new(0.537,0,0.844),true); hrp.AssemblyLinearVelocity=Vector3.new(20.385,24.541,32.070); hrp.CFrame=CFrame.new(63.807,255.010,-164.963); local lookDir=cam.CFrame.LookVector*Vector3.new(1,0,1); if lookDir.Magnitude>0.01 then hrp.CFrame=CFrame.new(hrp.Position,hrp.Position+lookDir.Unit); end; task.wait(0.0336);
cam.CFrame=CFrame.new(62.768,260.524,-176.308,-0.993322,0.033588,-0.110373,0.000000,0.956683,0.291130,0.115371,0.289186,-0.950295); cam.FieldOfView=70.00; hum:Move(Vector3.new(0.539,0,0.842),true); hrp.AssemblyLinearVelocity=Vector3.new(20.483,18.001,32.007); hrp.CFrame=CFrame.new(64.488,255.706,-163.896); local lookDir=cam.CFrame.LookVector*Vector3.new(1,0,1); if lookDir.Magnitude>0.01 then hrp.CFrame=CFrame.new(hrp.Position,hrp.Position+lookDir.Unit); end; task.wait(0.0330);
cam.CFrame=CFrame.new(63.450,261.111,-175.241,-0.993322,0.033588,-0.110373,0.000000,0.956683,0.291130,0.115371,0.289186,-0.950295); cam.FieldOfView=70.00; hum:Move(Vector3.new(0.539,0,0.842),true); hrp.AssemblyLinearVelocity=Vector3.new(20.483,11.461,32.007); hrp.CFrame=CFrame.new(65.170,256.183,-162.828); local lookDir=cam.CFrame.LookVector*Vector3.new(1,0,1); if lookDir.Magnitude>0.01 then hrp.CFrame=CFrame.new(hrp.Position,hrp.Position+lookDir.Unit); end; task.wait(0.0340);
cam.CFrame=CFrame.new(64.445,261.581,-173.623,-0.993323,0.033588,-0.110373,0.000000,0.956684,0.291130,0.115371,0.289186,-0.950295); cam.FieldOfView=70.00; hum:Move(Vector3.new(0.455,0,0.890),true); hrp.AssemblyLinearVelocity=Vector3.new(17.354,1.651,33.804); hrp.CFrame=CFrame.new(66.119,256.490,-161.184); local lookDir=cam.CFrame.LookVector*Vector3.new(1,0,1); if lookDir.Magnitude>0.01 then hrp.CFrame=CFrame.new(hrp.Position,hrp.Position+lookDir.Unit); end; task.wait(0.0498);
cam.CFrame=CFrame.new(65.010,261.623,-172.490,-0.993323,0.033588,-0.110373,0.000000,0.956684,0.291130,0.115371,0.289186,-0.950295); cam.FieldOfView=70.00; hum:Move(Vector3.new(0.385,0,0.923),true); hrp.AssemblyLinearVelocity=Vector3.new(14.668,-4.889,35.054); hrp.CFrame=CFrame.new(66.639,256.423,-160.029); local lookDir=cam.CFrame.LookVector*Vector3.new(1,0,1); if lookDir.Magnitude>0.01 then hrp.CFrame=CFrame.new(hrp.Position,hrp.Position+lookDir.Unit); end; task.wait(0.0331);
cam.CFrame=CFrame.new(65.018,262.104,-171.031,-0.987450,0.054286,-0.148310,0.000000,0.939069,0.343728,0.157933,0.339414,-0.927284); cam.FieldOfView=70.00; hum:Move(Vector3.new(0.363,0,0.932),true); hrp.AssemblyLinearVelocity=Vector3.new(13.782,-11.429,35.413); hrp.CFrame=CFrame.new(67.102,256.137,-158.850); local lookDir=cam.CFrame.LookVector*Vector3.new(1,0,1); if lookDir.Magnitude>0.01 then hrp.CFrame=CFrame.new(hrp.Position,hrp.Position+lookDir.Unit); end; task.wait(0.0337);
cam.CFrame=CFrame.new(65.068,262.200,-169.586,-0.980346,0.075559,-0.182245,0.000000,0.923752,0.382991,0.197288,0.375463,-0.905596); cam.FieldOfView=70.00; hum:Move(Vector3.new(0.412,0,0.911),true); hrp.AssemblyLinearVelocity=Vector3.new(15.652,-18.787,34.627); hrp.CFrame=CFrame.new(67.670,255.555,-157.543); local lookDir=cam.CFrame.LookVector*Vector3.new(1,0,1); if lookDir.Magnitude>0.01 then hrp.CFrame=CFrame.new(hrp.Position,hrp.Position+lookDir.Unit); end; task.wait(0.0350);
cam.CFrame=CFrame.new(65.465,261.712,-168.353,-0.977845,0.082267,-0.192485,0.000000,0.919536,0.393006,0.209329,0.384299,-0.899164); cam.FieldOfView=70.00; hum:Move(Vector3.new(0.431,0,0.902),true); hrp.AssemblyLinearVelocity=Vector3.new(16.371,-24.509,34.293); hrp.CFrame=CFrame.new(68.143,254.912,-156.541); local lookDir=cam.CFrame.LookVector*Vector3.new(1,0,1); if lookDir.Magnitude>0.01 then hrp.CFrame=CFrame.new(hrp.Position,hrp.Position+lookDir.Unit); end; task.wait(0.0330);
cam.CFrame=CFrame.new(65.966,260.910,-167.188,-0.976923,0.084424,-0.196201,0.000000,0.918571,0.395255,0.213593,0.386134,-0.897373); cam.FieldOfView=70.00; hum:Move(Vector3.new(0.437,0,0.900),true); hrp.AssemblyLinearVelocity=Vector3.new(16.599,-31.049,34.183); hrp.CFrame=CFrame.new(68.695,253.972,-155.401); local lookDir=cam.CFrame.LookVector*Vector3.new(1,0,1); if lookDir.Magnitude>0.01 then hrp.CFrame=CFrame.new(hrp.Position,hrp.Position+lookDir.Unit); end; task.wait(0.0332);
cam.CFrame=CFrame.new(66.501,259.861,-166.045,-0.976532,0.085128,-0.197837,0.000000,0.918571,0.395255,0.215375,0.385979,-0.897014); cam.FieldOfView=70.00; hum:Move(Vector3.new(0.459,0,0.888),true); hrp.AssemblyLinearVelocity=Vector3.new(17.431,-37.589,33.766); hrp.CFrame=CFrame.new(69.263,252.815,-154.269); local lookDir=cam.CFrame.LookVector*Vector3.new(1,0,1); if lookDir.Magnitude>0.01 then hrp.CFrame=CFrame.new(hrp.Position,hrp.Position+lookDir.Unit); end; task.wait(0.0334);
cam.CFrame=CFrame.new(67.112,258.615,-164.923,-0.976766,0.085051,-0.196710,0.000000,0.917879,0.396861,0.214309,0.387640,-0.896553); cam.FieldOfView=70.00; hum:Move(Vector3.new(0.538,0,0.843),true); hrp.AssemblyLinearVelocity=Vector3.new(20.367,-44.129,32.079); hrp.CFrame=CFrame.new(69.904,251.439,-153.177); local lookDir=cam.CFrame.LookVector*Vector3.new(1,0,1); if lookDir.Magnitude>0.01 then hrp.CFrame=CFrame.new(hrp.Position,hrp.Position+lookDir.Unit); end; task.wait(0.0335);
cam.CFrame=CFrame.new(67.804,257.194,-163.831,-0.976766,0.086147,-0.196233,0.000000,0.915651,0.401973,0.214309,0.392634,-0.894377); cam.FieldOfView=70.00; hum:Move(Vector3.new(0.589,0,0.808),true); hrp.AssemblyLinearVelocity=Vector3.new(22.373,-50.669,30.715); hrp.CFrame=CFrame.new(70.627,249.845,-152.138); local lookDir=cam.CFrame.LookVector*Vector3.new(1,0,1); if lookDir.Magnitude>0.01 then hrp.CFrame=CFrame.new(hrp.Position,hrp.Position+lookDir.Unit); end; task.wait(0.0338);
cam.CFrame=CFrame.new(68.551,255.491,-162.809,-0.976766,0.086147,-0.196233,0.000000,0.915651,0.401973,0.214309,0.392634,-0.894377); cam.FieldOfView=70.00; hum:Move(Vector3.new(0.602,0,0.798),true); hrp.AssemblyLinearVelocity=Vector3.new(22.899,-57.209,30.329); hrp.CFrame=CFrame.new(71.385,248.034,-151.123); local lookDir=cam.CFrame.LookVector*Vector3.new(1,0,1); if lookDir.Magnitude>0.01 then hrp.CFrame=CFrame.new(hrp.Position,hrp.Position+lookDir.Unit); end; task.wait(0.0344);
cam.CFrame=CFrame.new(69.314,254.392,-161.797,-0.976766,0.086147,-0.196233,0.000000,0.915651,0.401973,0.214309,0.392634,-0.894377); cam.FieldOfView=70.00; hum:Move(Vector3.new(0.603,0,0.798),true); hrp.AssemblyLinearVelocity=Vector3.new(22.934,7.123,30.301); hrp.CFrame=CFrame.new(72.149,247.981,-150.113); local lookDir=cam.CFrame.LookVector*Vector3.new(1,0,1); if lookDir.Magnitude>0.01 then hrp.CFrame=CFrame.new(hrp.Position,hrp.Position+lookDir.Unit); end; task.wait(0.0330);
cam.CFrame=CFrame.new(70.445,254.657,-160.271,-0.976766,0.086147,-0.196233,0.000000,0.915651,0.401973,0.214309,0.392634,-0.894377); cam.FieldOfView=70.00; hum:Move(Vector3.new(0.521,0,0.854),true); hrp.AssemblyLinearVelocity=Vector3.new(19.840,1.500,32.408); hrp.CFrame=CFrame.new(73.233,248.164,-148.554); local lookDir=cam.CFrame.LookVector*Vector3.new(1,0,1); if lookDir.Magnitude>0.01 then hrp.CFrame=CFrame.new(hrp.Position,hrp.Position+lookDir.Unit); end; task.wait(0.0497);
cam.CFrame=CFrame.new(71.071,254.706,-159.172,-0.976766,0.086147,-0.196233,0.000000,0.915651,0.401973,0.214309,0.392634,-0.894377); cam.FieldOfView=70.00; hum:Move(Vector3.new(0.374,0,0.927),true); hrp.AssemblyLinearVelocity=Vector3.new(14.249,0.447,35.231); hrp.CFrame=CFrame.new(73.768,248.191,-147.408); local lookDir=cam.CFrame.LookVector*Vector3.new(1,0,1); if lookDir.Magnitude>0.01 then hrp.CFrame=CFrame.new(hrp.Position,hrp.Position+lookDir.Unit); end; task.wait(0.0330);
cam.CFrame=CFrame.new(71.515,254.721,-157.987,-0.976766,0.086147,-0.196233,0.000000,0.915651,0.401973,0.214309,0.392634,-0.894377); cam.FieldOfView=70.00; hum:Move(Vector3.new(0.262,0,0.965),true); hrp.AssemblyLinearVelocity=Vector3.new(9.961,0.133,36.682); hrp.CFrame=CFrame.new(74.138,248.199,-146.197); local lookDir=cam.CFrame.LookVector*Vector3.new(1,0,1); if lookDir.Magnitude>0.01 then hrp.CFrame=CFrame.new(hrp.Position,hrp.Position+lookDir.Unit); end; task.wait(0.0339);
cam.CFrame=CFrame.new(71.852,255.610,-156.766,-0.976766,0.086147,-0.196233,0.000000,0.915651,0.401973,0.214309,0.392634,-0.894377); cam.FieldOfView=70.00; hum:Move(Vector3.new(0.233,0,0.972),true); hrp.AssemblyLinearVelocity=Vector3.new(9.961,53.153,36.682); hrp.CFrame=CFrame.new(74.471,249.971,-144.975); local lookDir=cam.CFrame.LookVector*Vector3.new(1,0,1); if lookDir.Magnitude>0.01 then hrp.CFrame=CFrame.new(hrp.Position,hrp.Position+lookDir.Unit); end; hum.Jump=true; task.wait(0.0350);
cam.CFrame=CFrame.new(72.185,257.382,-155.544,-0.976766,0.086147,-0.196233,0.000000,0.915651,0.401973,0.214309,0.392634,-0.894377); cam.FieldOfView=70.00; hum:Move(Vector3.new(0.230,0,0.973),true); hrp.AssemblyLinearVelocity=Vector3.new(8.759,49.883,36.977); hrp.CFrame=CFrame.new(74.788,251.709,-143.749); local lookDir=cam.CFrame.LookVector*Vector3.new(1,0,1); if lookDir.Magnitude>0.01 then hrp.CFrame=CFrame.new(hrp.Position,hrp.Position+lookDir.Unit); end; task.wait(0.0330);
cam.CFrame=CFrame.new(72.481,259.031,-154.312,-0.976766,0.086147,-0.196233,0.000000,0.915651,0.401973,0.214309,0.392634,-0.894377); cam.FieldOfView=70.00; hum:Move(Vector3.new(0.230,0,0.973),true); hrp.AssemblyLinearVelocity=Vector3.new(8.724,43.343,36.985); hrp.CFrame=CFrame.new(75.080,253.249,-142.516); local lookDir=cam.CFrame.LookVector*Vector3.new(1,0,1); if lookDir.Magnitude>0.01 then hrp.CFrame=CFrame.new(hrp.Position,hrp.Position+lookDir.Unit); end; task.wait(0.0335);
cam.CFrame=CFrame.new(72.809,260.625,-152.925,-0.976766,0.086147,-0.196233,0.000000,0.915651,0.401973,0.214309,0.392634,-0.894377); cam.FieldOfView=70.00; hum:Move(Vector3.new(0.230,0,0.973),true); hrp.AssemblyLinearVelocity=Vector3.new(8.724,35.986,36.985); hrp.CFrame=CFrame.new(75.408,254.721,-141.129); local lookDir=cam.CFrame.LookVector*Vector3.new(1,0,1); if lookDir.Magnitude>0.01 then hrp.CFrame=CFrame.new(hrp.Position,hrp.Position+lookDir.Unit); end; task.wait(0.0345);
cam.CFrame=CFrame.new(73.064,261.675,-151.847,-0.976766,0.086147,-0.196233,0.000000,0.915651,0.401973,0.214309,0.392634,-0.894377); cam.FieldOfView=70.00; hum:Move(Vector3.new(0.230,0,0.973),true); hrp.AssemblyLinearVelocity=Vector3.new(8.724,30.263,36.985); hrp.CFrame=CFrame.new(75.663,255.675,-140.051); local lookDir=cam.CFrame.LookVector*Vector3.new(1,0,1); if lookDir.Magnitude>0.01 then hrp.CFrame=CFrame.new(hrp.Position,hrp.Position+lookDir.Unit); end; task.wait(0.0330);
cam.CFrame=CFrame.new(73.501,263.086,-149.998,-0.976766,0.086147,-0.196233,0.000000,0.915651,0.401973,0.214309,0.392634,-0.894377); cam.FieldOfView=70.00; hum:Move(Vector3.new(0.231,0,0.973),true); hrp.AssemblyLinearVelocity=Vector3.new(8.768,20.453,36.975); hrp.CFrame=CFrame.new(76.100,256.923,-138.202); local lookDir=cam.CFrame.LookVector*Vector3.new(1,0,1); if lookDir.Magnitude>0.01 then hrp.CFrame=CFrame.new(hrp.Position,hrp.Position+lookDir.Unit); end; task.wait(0.0500);
cam.CFrame=CFrame.new(73.797,263.754,-148.766,-0.976766,0.086147,-0.196233,0.000000,0.915651,0.401973,0.214309,0.392634,-0.894377); cam.FieldOfView=70.00; hum:Move(Vector3.new(0.257,0,0.966),true); hrp.AssemblyLinearVelocity=Vector3.new(9.766,13.913,36.723); hrp.CFrame=CFrame.new(76.411,257.482,-136.974); local lookDir=cam.CFrame.LookVector*Vector3.new(1,0,1); if lookDir.Magnitude>0.01 then hrp.CFrame=CFrame.new(hrp.Position,hrp.Position+lookDir.Unit); end; task.wait(0.0382);
cam.CFrame=CFrame.new(74.177,264.245,-147.393,-0.976766,0.086147,-0.196233,0.000000,0.915651,0.401973,0.214309,0.392634,-0.894377); cam.FieldOfView=70.00; hum:Move(Vector3.new(0.318,0,0.948),true); hrp.AssemblyLinearVelocity=Vector3.new(11.974,7.373,36.061); hrp.CFrame=CFrame.new(76.776,257.823,-135.761); local lookDir=cam.CFrame.LookVector*Vector3.new(1,0,1); if lookDir.Magnitude>0.01 then hrp.CFrame=CFrame.new(hrp.Position,hrp.Position+lookDir.Unit); end; task.wait(0.0330);
cam.CFrame=CFrame.new(74.596,264.450,-146.198,-0.976766,0.086147,-0.196233,0.000000,0.915651,0.401973,0.214309,0.392634,-0.894377); cam.FieldOfView=70.00; hum:Move(Vector3.new(0.382,0,0.924),true); hrp.AssemblyLinearVelocity=Vector3.new(14.473,0.016,35.135); hrp.CFrame=CFrame.new(77.286,257.946,-134.431); local lookDir=cam.CFrame.LookVector*Vector3.new(1,0,1); if lookDir.Magnitude>0.01 then hrp.CFrame=CFrame.new(hrp.Position,hrp.Position+lookDir.Unit); end; task.wait(0.0362);
cam.CFrame=CFrame.new(75.287,264.376,-144.600,-0.976766,0.086147,-0.196233,0.000000,0.915651,0.401973,0.214309,0.392634,-0.894377); cam.FieldOfView=70.00; hum:Move(Vector3.new(0.428,0,0.904),true); hrp.AssemblyLinearVelocity=Vector3.new(16.265,-8.977,34.343); hrp.CFrame=CFrame.new(78.011,257.722,-132.848); local lookDir=cam.CFrame.LookVector*Vector3.new(1,0,1); if lookDir.Magnitude>0.01 then hrp.CFrame=CFrame.new(hrp.Position,hrp.Position+lookDir.Unit); end; task.wait(0.0471);
cam.CFrame=CFrame.new(75.830,264.063,-143.456,-0.976766,0.086147,-0.196233,0.000000,0.915651,0.401973,0.214309,0.392634,-0.894377); cam.FieldOfView=70.00; hum:Move(Vector3.new(0.436,0,0.900),true); hrp.AssemblyLinearVelocity=Vector3.new(16.568,-15.517,34.198); hrp.CFrame=CFrame.new(78.558,257.300,-131.706); local lookDir=cam.CFrame.LookVector*Vector3.new(1,0,1); if lookDir.Magnitude>0.01 then hrp.CFrame=CFrame.new(hrp.Position,hrp.Position+lookDir.Unit); end; task.wait(0.0330);
cam.CFrame=CFrame.new(76.381,263.532,-142.316,-0.976766,0.086147,-0.196233,0.000000,0.915651,0.401973,0.214309,0.392634,-0.894377); cam.FieldOfView=70.00; hum:Move(Vector3.new(0.436,0,0.900),true); hrp.AssemblyLinearVelocity=Vector3.new(16.572,-22.057,34.196); hrp.CFrame=CFrame.new(79.110,256.660,-130.566); local lookDir=cam.CFrame.LookVector*Vector3.new(1,0,1); if lookDir.Magnitude>0.01 then hrp.CFrame=CFrame.new(hrp.Position,hrp.Position+lookDir.Unit); end; task.wait(0.0346);
cam.CFrame=CFrame.new(77.188,262.327,-140.596,-0.976766,0.086147,-0.196233,0.000000,0.915651,0.401973,0.214309,0.392634,-0.894377); cam.FieldOfView=70.00; hum:Move(Vector3.new(0.387,0,0.922),true); hrp.AssemblyLinearVelocity=Vector3.new(14.707,-31.867,35.038); hrp.CFrame=CFrame.new(79.888,255.292,-128.833); local lookDir=cam.CFrame.LookVector*Vector3.new(1,0,1); if lookDir.Magnitude>0.01 then hrp.CFrame=CFrame.new(hrp.Position,hrp.Position+lookDir.Unit); end; task.wait(0.0489);
cam.CFrame=CFrame.new(77.435,261.816,-140.012,-0.976766,0.086147,-0.196233,0.000000,0.915651,0.401973,0.214309,0.392634,-0.894377); cam.FieldOfView=70.00; hum:Move(Vector3.new(0.368,0,0.930),true); hrp.AssemblyLinearVelocity=Vector3.new(13.996,-38.407,35.328); hrp.CFrame=CFrame.new(80.356,254.107,-127.656); local lookDir=cam.CFrame.LookVector*Vector3.new(1,0,1); if lookDir.Magnitude>0.01 then hrp.CFrame=CFrame.new(hrp.Position,hrp.Position+lookDir.Unit); end; task.wait(0.0334);
cam.CFrame=CFrame.new(77.903,260.632,-138.835,-0.976766,0.086147,-0.196233,0.000000,0.915651,0.401973,0.214309,0.392634,-0.894377); cam.FieldOfView=70.00; hum:Move(Vector3.new(0.359,0,0.933),true); hrp.AssemblyLinearVelocity=Vector3.new(13.655,-44.947,35.462); hrp.CFrame=CFrame.new(80.812,252.704,-126.474); local lookDir=cam.CFrame.LookVector*Vector3.new(1,0,1); if lookDir.Magnitude>0.01 then hrp.CFrame=CFrame.new(hrp.Position,hrp.Position+lookDir.Unit); end; task.wait(0.0344);
cam.CFrame=CFrame.new(78.635,258.241,-136.912,-0.976766,0.086147,-0.196233,0.000000,0.915651,0.401973,0.214309,0.392634,-0.894377); cam.FieldOfView=70.00; hum:Move(Vector3.new(0.345,0,0.938),true); hrp.AssemblyLinearVelocity=Vector3.new(13.125,-53.939,35.661); hrp.CFrame=CFrame.new(81.416,250.419,-124.841); local lookDir=cam.CFrame.LookVector*Vector3.new(1,0,1); if lookDir.Magnitude>0.01 then hrp.CFrame=CFrame.new(hrp.Position,hrp.Position+lookDir.Unit); end; task.wait(0.0473);
cam.CFrame=CFrame.new(78.964,256.944,-136.020,-0.976766,0.086147,-0.196233,0.000000,0.915651,0.401973,0.214309,0.392634,-0.894377); cam.FieldOfView=70.00; hum:Move(Vector3.new(0.343,0,0.939),true); hrp.AssemblyLinearVelocity=Vector3.new(13.031,-58.844,35.696); hrp.CFrame=CFrame.new(81.743,248.999,-123.948); local lookDir=cam.CFrame.LookVector*Vector3.new(1,0,1); if lookDir.Magnitude>0.01 then hrp.CFrame=CFrame.new(hrp.Position,hrp.Position+lookDir.Unit); end; task.wait(0.0330);
cam.CFrame=CFrame.new(79.290,255.524,-135.128,-0.976766,0.086147,-0.196233,0.000000,0.915651,0.401973,0.214309,0.392634,-0.894377); cam.FieldOfView=70.00; hum:Move(Vector3.new(0.327,0,0.945),true); hrp.AssemblyLinearVelocity=Vector3.new(12.441,-63.749,35.906); hrp.CFrame=CFrame.new(82.055,247.457,-123.051); local lookDir=cam.CFrame.LookVector*Vector3.new(1,0,1); if lookDir.Magnitude>0.01 then hrp.CFrame=CFrame.new(hrp.Position,hrp.Position+lookDir.Unit); end; task.wait(0.0330);
cam.CFrame=CFrame.new(79.850,253.909,-133.479,-0.976766,0.086147,-0.196233,0.000000,0.915651,0.401973,0.214309,0.392634,-0.894377); cam.FieldOfView=70.00; hum:Move(Vector3.new(0.206,0,0.979),true); hrp.AssemblyLinearVelocity=Vector3.new(7.799,6.108,37.194); hrp.CFrame=CFrame.new(82.509,247.588,-121.372); local lookDir=cam.CFrame.LookVector*Vector3.new(1,0,1); if lookDir.Magnitude>0.01 then hrp.CFrame=CFrame.new(hrp.Position,hrp.Position+lookDir.Unit); end; task.wait(0.0451);
cam.CFrame=CFrame.new(80.137,254.040,-131.924,-0.976766,0.086147,-0.196233,0.000000,0.915651,0.401973,0.214309,0.392634,-0.894377); cam.FieldOfView=70.00; hum:Move(Vector3.new(-0.013,0,1.000),true); hrp.AssemblyLinearVelocity=Vector3.new(4.398,53.153,37.749); hrp.CFrame=CFrame.new(82.664,248.402,-120.116); local lookDir=cam.CFrame.LookVector*Vector3.new(1,0,1); if lookDir.Magnitude>0.01 then hrp.CFrame=CFrame.new(hrp.Position,hrp.Position+lookDir.Unit); end; task.wait(0.0341);
cam.CFrame=CFrame.new(80.285,255.812,-130.667,-0.976766,0.086147,-0.196233,0.000000,0.915651,0.401973,0.214309,0.392634,-0.894377); cam.FieldOfView=70.00; hum:Move(Vector3.new(-0.064,0,0.998),true); hrp.AssemblyLinearVelocity=Vector3.new(2.611,50.701,37.794); hrp.CFrame=CFrame.new(82.779,249.931,-119.015); local lookDir=cam.CFrame.LookVector*Vector3.new(1,0,1); if lookDir.Magnitude>0.01 then hrp.CFrame=CFrame.new(hrp.Position,hrp.Position+lookDir.Unit); end; task.wait(0.0330);
cam.CFrame=CFrame.new(80.346,257.267,-129.564,-0.976766,0.086147,-0.196233,0.000000,0.915651,0.401973,0.214309,0.392634,-0.894377); cam.FieldOfView=70.00; hum:Move(Vector3.new(-0.084,0,0.996),true); hrp.AssemblyLinearVelocity=Vector3.new(-1.560,44.978,37.847); hrp.CFrame=CFrame.new(82.787,251.315,-117.912); local lookDir=cam.CFrame.LookVector*Vector3.new(1,0,1); if lookDir.Magnitude>0.01 then hrp.CFrame=CFrame.new(hrp.Position,hrp.Position+lookDir.Unit); end; hum.Jump=true; task.wait(0.0330);
