-- V23 Segment Part #1 (frames 1-963)
local RunService=game:GetService("RunService")
local lp=game.Players.LocalPlayer
local cam=workspace.CurrentCamera
local char=lp.Character or lp.CharacterAdded:Wait()
local hrp=char:WaitForChild("HumanoidRootPart")
local hum=char:WaitForChild("Humanoid")
hum.AutoRotate=false cam.CameraType=Enum.CameraType.Scriptable
local frames={{Pos=Vector3.new(-16.220,39.893,22.362),Vel=Vector3.new(31.975,0.000,1.277),Move=Vector3.new(0.999,0,0.040),Jump=false,CFrame=CFrame.new(-31.108,43.317,29.081,0.439440,0.117131,-0.890602,0.000000,0.991462,0.130396,0.898272,-0.057301,0.435688),FOV=70.00,Time=0.0000},{Pos=Vector3.new(-14.354,39.893,22.427),Vel=Vector3.new(31.981,0.000,1.117),Move=Vector3.new(0.999,0,0.035),Jump=false,CFrame=CFrame.new(-30.042,43.317,29.124,0.439440,0.117131,-0.890602,0.000000,0.991462,0.130396,0.898272,-0.057301,0.435688),FOV=70.00,Time=0.0475},{Pos=Vector3.new(-13.022,39.893,22.379),Vel=Vector3.new(31.973,0.000,-1.305),Move=Vector3.new(0.999,0,-0.041),Jump=false,CFrame=CFrame.new(-28.176,43.317,29.189,0.439440,0.117131,-0.890602,0.000000,0.991462,0.130396,0.898272,-0.057301,0.435688),FOV=70.00,Time=0.0818},{Pos=Vector3.new(-12.091,39.893,22.317),Vel=Vector3.new(31.925,0.000,-2.191),Move=Vector3.new(0.998,0,-0.069),Jump=false,CFrame=CFrame.new(-26.844,43.317,29.141,0.439440,0.117131,-0.890602,0.000000,0.991462,0.130396,0.898272,-0.057301,0.435688),FOV=70.00,Time=0.1159},{Pos=Vector3.new(-11.027,39.893,22.230),Vel=Vector3.new(31.891,0.000,-2.634),Move=Vector3.new(0.997,0,-0.082),Jump=false,CFrame=CFrame.new(-26.057,43.317,28.777,0.419790,0.118351,-0.899872,0.000000,0.991462,0.130396,0.907621,-0.054739,0.416205),FOV=70.00,Time=0.1502},{Pos=Vector3.new(-9.565,39.893,22.124),Vel=Vector3.new(31.918,0.000,-2.293),Move=Vector3.new(0.997,0,-0.072),Jump=false,CFrame=CFrame.new(-25.135,43.317,28.375,0.399337,0.119548,-0.908976,0.000000,0.991462,0.130396,0.916804,-0.052072,0.395928),FOV=70.00,Time=0.1889},{Pos=Vector3.new(-8.500,39.893,22.060),Vel=Vector3.new(31.944,0.000,-1.885),Move=Vector3.new(0.998,0,-0.059),Jump=false,CFrame=CFrame.new(-23.844,43.317,27.857,0.372561,0.121009,-0.920084,0.000000,0.991462,0.130396,0.928008,-0.048581,0.369380),FOV=70.00,Time=0.2194},{Pos=Vector3.new(-7.700,39.893,22.031),Vel=Vector3.new(31.981,0.000,-1.091),Move=Vector3.new(0.999,0,-0.034),Jump=false,CFrame=CFrame.new(-22.895,43.317,27.498,0.353392,0.121983,-0.927488,0.000000,0.991462,0.130396,0.935475,-0.046081,0.350375),FOV=70.00,Time=0.2483},{Pos=Vector3.new(-6.767,39.893,22.016),Vel=Vector3.new(31.997,0.000,-0.464),Move=Vector3.new(1.000,0,-0.014),Jump=false,CFrame=CFrame.new(-22.179,43.317,27.241,0.338563,0.122696,-0.932910,0.000000,0.991462,0.130396,0.940944,-0.044147,0.335672),FOV=70.00,Time=0.2828},{Pos=Vector3.new(-5.434,39.893,22.016),Vel=Vector3.new(32.000,0.000,0.024),Move=Vector3.new(1.000,0,0.001),Jump=false,CFrame=CFrame.new(-21.340,43.317,26.956,0.321055,0.123493,-0.938975,0.000000,0.991462,0.130396,0.947061,-0.041864,0.318314),FOV=70.00,Time=0.3185},{Pos=Vector3.new(-4.634,39.893,22.027),Vel=Vector3.new(31.996,0.000,0.480),Move=Vector3.new(1.000,0,0.015),Jump=false,CFrame=CFrame.new(-20.129,43.317,26.580,0.296617,0.124528,-0.946843,0.000000,0.991462,0.130396,0.954997,-0.038678,0.294084),FOV=70.00,Time=0.3470},{Pos=Vector3.new(-3.568,39.893,22.061),Vel=Vector3.new(31.982,0.000,1.063),Move=Vector3.new(0.999,0,0.033),Jump=false,CFrame=CFrame.new(-19.397,43.317,26.365,0.281934,0.125107,-0.951242,0.000000,0.991462,0.130396,0.959434,-0.036763,0.279527),FOV=70.00,Time=0.3744},{Pos=Vector3.new(-2.635,39.893,22.103),Vel=Vector3.new(31.967,0.000,1.461),Move=Vector3.new(0.999,0,0.046),Jump=false,CFrame=CFrame.new(-18.416,43.317,26.098,0.262386,0.125828,-0.956724,0.000000,0.991462,0.130396,0.964963,-0.034214,0.260146),FOV=70.00,Time=0.4073},{Pos=Vector3.new(-1.571,39.893,22.171),Vel=Vector3.new(31.931,0.000,2.099),Move=Vector3.new(0.998,0,0.066),Jump=false,CFrame=CFrame.new(-17.552,43.317,25.880,0.245458,0.126407,-0.961130,0.000000,0.991462,0.130396,0.969407,-0.032007,0.243363),FOV=70.00,Time=0.4381},{Pos=Vector3.new(-0.641,39.893,22.247),Vel=Vector3.new(31.890,0.000,2.651),Move=Vector3.new(0.997,0,0.083),Jump=false,CFrame=CFrame.new(-16.560,43.317,25.649,0.226049,0.127021,-0.965799,0.000000,0.991462,0.130396,0.974116,-0.029476,0.224119),FOV=70.00,Time=0.4694},{Pos=Vector3.new(0.420,39.893,22.355),Vel=Vector3.new(31.831,0.000,3.287),Move=Vector3.new(0.995,0,0.103),Jump=false,CFrame=CFrame.new(-15.689,43.317,25.463,0.209000,0.127517,-0.969566,0.000000,0.991462,0.130396,0.977916,-0.027253,0.207216),FOV=70.00,Time=0.5020},{Pos=Vector3.new(1.481,39.893,22.473),Vel=Vector3.new(31.802,0.000,3.554),Move=Vector3.new(0.994,0,0.111),Jump=false,CFrame=CFrame.new(-14.689,43.317,25.270,0.189438,0.128035,-0.973509,0.000000,0.991462,0.130396,0.981893,-0.024702,0.187821),FOV=70.00,Time=0.5354},{Pos=Vector3.new(2.542,39.893,22.579),Vel=Vector3.new(31.844,0.000,3.157),Move=Vector3.new(0.995,0,0.099),Jump=false,CFrame=CFrame.new(-13.682,43.317,25.096,0.170460,0.128488,-0.976952,0.000000,0.991462,0.130396,0.985365,-0.022227,0.169005),FOV=70.00,Time=0.5661},{Pos=Vector3.new(3.606,39.893,22.652),Vel=Vector3.new(31.930,0.000,2.110),Move=Vector3.new(0.998,0,0.066),Jump=false,CFrame=CFrame.new(-12.396,44.619,25.163,0.170460,0.211195,-0.962466,0.000000,0.976761,0.214332,0.985365,-0.036535,0.166499),FOV=70.00,Time=0.6001},{Pos=Vector3.new(4.672,39.893,22.659),Vel=Vector3.new(32.000,0.000,0.038),Move=Vector3.new(1.000,0,0.001),Jump=false,CFrame=CFrame.new(-10.970,45.833,25.447,0.188292,0.287284,-0.939156,0.000000,0.956261,0.292516,0.982113,-0.055079,0.180057),FOV=70.00,Time=0.6370},{Pos=Vector3.new(5.602,39.893,22.579),Vel=Vector3.new(31.855,0.000,-3.031),Move=Vector3.new(0.995,0,-0.095),Jump=false,CFrame=CFrame.new(-9.759,46.218,25.546,0.196195,0.311150,-0.929889,0.000000,0.948319,0.317317,0.980565,-0.062256,0.186056),FOV=70.00,Time=0.6643},{Pos=Vector3.new(6.392,39.893,22.452),Vel=Vector3.new(31.557,0.000,-5.298),Move=Vector3.new(0.986,0,-0.166),Jump=false,CFrame=CFrame.new(-8.795,46.322,25.460,0.196195,0.317728,-0.927662,0.000000,0.946048,0.324025,0.980565,-0.063572,0.185610),FOV=70.00,Time=0.6927},{Pos=Vector3.new(7.440,39.893,22.257),Vel=Vector3.new(31.451,0.000,-5.896),Move=Vector3.new(0.983,0,-0.185),Jump=false,CFrame=CFrame.new(-7.991,46.365,25.330,0.196195,0.320437,-0.926730,0.000000,0.945098,0.326788,0.980565,-0.064114,0.185424),FOV=70.00,Time=0.7267},{Pos=Vector3.new(8.487,39.893,22.052),Vel=Vector3.new(31.400,0.000,-6.162),Move=Vector3.new(0.981,0,-0.193),Jump=false,CFrame=CFrame.new(-6.932,46.395,25.132,0.196195,0.322332,-0.926072,0.000000,0.944427,0.328721,0.980565,-0.064494,0.185292),FOV=70.00,Time=0.7580},{Pos=Vector3.new(9.403,39.893,21.872),Vel=Vector3.new(31.400,0.000,-6.163),Move=Vector3.new(0.981,0,-0.193),Jump=false,CFrame=CFrame.new(-5.872,46.435,24.925,0.196195,0.324880,-0.925181,0.000000,0.943519,0.331319,0.980565,-0.065003,0.185114),FOV=70.00,Time=0.7854},{Pos=Vector3.new(10.319,39.893,21.692),Vel=Vector3.new(31.400,0.000,-6.164),Move=Vector3.new(0.981,0,-0.193),Jump=false,CFrame=CFrame.new(-4.956,46.435,24.745,0.196195,0.324880,-0.925181,0.000000,0.943519,0.331319,0.980565,-0.065003,0.185114),FOV=70.00,Time=0.8126},{Pos=Vector3.new(11.365,39.893,21.486),Vel=Vector3.new(31.400,0.000,-6.165),Move=Vector3.new(0.981,0,-0.193),Jump=false,CFrame=CFrame.new(-4.040,46.435,24.565,0.196195,0.324880,-0.925181,0.000000,0.943519,0.331319,0.980565,-0.065003,0.185114),FOV=70.00,Time=0.8564},{Pos=Vector3.new(12.805,39.893,21.205),Vel=Vector3.new(31.407,0.000,-6.129),Move=Vector3.new(0.981,0,-0.192),Jump=false,CFrame=CFrame.new(-2.993,46.435,24.359,0.196195,0.324880,-0.925181,0.000000,0.943519,0.331319,0.980565,-0.065003,0.185114),FOV=70.00,Time=0.8934},{Pos=Vector3.new(13.854,39.893,21.011),Vel=Vector3.new(31.470,0.000,-5.802),Move=Vector3.new(0.983,0,-0.181),Jump=false,CFrame=CFrame.new(-1.554,46.435,24.078,0.196195,0.324880,-0.925181,0.000000,0.943519,0.331319,0.980565,-0.065003,0.185114),FOV=70.00,Time=0.9300},{Pos=Vector3.new(14.775,39.893,20.861),Vel=Vector3.new(31.597,0.000,-5.066),Move=Vector3.new(0.987,0,-0.158),Jump=false,CFrame=CFrame.new(-0.505,46.435,23.884,0.196195,0.324880,-0.925181,0.000000,0.943519,0.331319,0.980565,-0.065003,0.185114),FOV=70.00,Time=0.9639},{Pos=Vector3.new(15.829,39.893,20.698),Vel=Vector3.new(31.624,0.000,-4.890),Move=Vector3.new(0.988,0,-0.153),Jump=false,CFrame=CFrame.new(0.416,46.435,23.734,0.196195,0.324880,-0.925181,0.000000,0.943519,0.331319,0.980565,-0.065003,0.185114),FOV=70.00,Time=0.9942},{Pos=Vector3.new(17.281,39.893,20.487),Vel=Vector3.new(31.670,0.000,-4.581),Move=Vector3.new(0.990,0,-0.143),Jump=false,CFrame=CFrame.new(1.470,46.435,23.571,0.196195,0.324880,-0.925181,0.000000,0.943519,0.331319,0.980565,-0.065003,0.185114),FOV=70.00,Time=1.0365},{Pos=Vector3.new(18.469,39.893,20.322),Vel=Vector3.new(31.695,0.000,-4.411),Move=Vector3.new(0.990,0,-0.138),Jump=false,CFrame=CFrame.new(2.922,46.435,23.360,0.196195,0.324880,-0.925181,0.000000,0.943519,0.331319,0.980565,-0.065003,0.185114),FOV=70.00,Time=1.0688},{Pos=Vector3.new(19.130,39.893,20.236),Vel=Vector3.new(31.742,0.000,-4.058),Move=Vector3.new(0.992,0,-0.127),Jump=false,CFrame=CFrame.new(4.110,46.435,23.195,0.196195,0.324880,-0.925181,0.000000,0.943519,0.331319,0.980565,-0.065003,0.185114),FOV=70.00,Time=1.0938},{Pos=Vector3.new(20.585,39.893,20.050),Vel=Vector3.new(31.742,0.000,-4.055),Move=Vector3.new(0.992,0,-0.127),Jump=false,CFrame=CFrame.new(4.771,46.435,23.109,0.196195,0.324880,-0.925181,0.000000,0.943519,0.331319,0.980565,-0.065003,0.185114),FOV=70.00,Time=1.1410},{Pos=Vector3.new(21.643,39.893,19.915),Vel=Vector3.new(31.742,0.000,-4.052),Move=Vector3.new(0.992,0,-0.127),Jump=false,CFrame=CFrame.new(6.226,46.435,22.923,0.196195,0.324880,-0.925181,0.000000,0.943519,0.331319,0.980565,-0.065003,0.185114),FOV=70.00,Time=1.1701},{Pos=Vector3.new(22.568,39.893,19.791),Vel=Vector3.new(31.713,0.000,-4.273),Move=Vector3.new(0.991,0,-0.134),Jump=false,CFrame=CFrame.new(7.284,46.435,22.788,0.196195,0.324880,-0.925181,0.000000,0.943519,0.331319,0.980565,-0.065003,0.185114),FOV=70.00,Time=1.2025},{Pos=Vector3.new(23.361,39.893,19.685),Vel=Vector3.new(31.713,0.000,-4.273),Move=Vector3.new(0.991,0,-0.134),Jump=false,CFrame=CFrame.new(8.209,46.435,22.664,0.196195,0.324880,-0.925181,0.000000,0.943519,0.331319,0.980565,-0.065003,0.185114),FOV=70.00,Time=1.2332},{Pos=Vector3.new(24.418,39.893,19.542),Vel=Vector3.new(31.713,0.000,-4.273),Move=Vector3.new(0.991,0,-0.134),Jump=false,CFrame=CFrame.new(9.002,46.435,22.557,0.196195,0.324880,-0.925181,0.000000,0.943519,0.331319,0.980565,-0.065003,0.185114),FOV=70.00,Time=1.2649},{Pos=Vector3.new(25.343,39.893,19.417),Vel=Vector3.new(31.713,0.000,-4.273),Move=Vector3.new(0.991,0,-0.134),Jump=false,CFrame=CFrame.new(10.059,46.435,22.415,0.196195,0.324880,-0.925181,0.000000,0.943519,0.331319,0.980565,-0.065003,0.185114),FOV=70.00,Time=1.2898},{Pos=Vector3.new(26.268,39.893,19.294),Vel=Vector3.new(31.720,0.000,-4.223),Move=Vector3.new(0.991,0,-0.132),Jump=false,CFrame=CFrame.new(10.984,46.435,22.290,0.196195,0.324880,-0.925181,0.000000,0.943519,0.331319,0.980565,-0.065003,0.185114),FOV=70.00,Time=1.3225},{Pos=Vector3.new(27.458,39.893,19.136),Vel=Vector3.new(31.720,0.000,-4.223),Move=Vector3.new(0.991,0,-0.132),Jump=false,CFrame=CFrame.new(11.909,46.435,22.167,0.196195,0.324880,-0.925181,0.000000,0.943519,0.331319,0.980565,-0.065003,0.185114),FOV=70.00,Time=1.3563},{Pos=Vector3.new(28.251,39.893,19.030),Vel=Vector3.new(31.720,0.000,-4.223),Move=Vector3.new(0.991,0,-0.132),Jump=false,CFrame=CFrame.new(13.099,46.435,22.009,0.196195,0.324880,-0.925181,0.000000,0.943519,0.331319,0.980565,-0.065003,0.185114),FOV=70.00,Time=1.3855},{Pos=Vector3.new(29.308,39.893,18.889),Vel=Vector3.new(31.720,0.000,-4.223),Move=Vector3.new(0.991,0,-0.132),Jump=false,CFrame=CFrame.new(13.892,46.435,21.903,0.196195,0.324880,-0.925181,0.000000,0.943519,0.331319,0.980565,-0.065003,0.185114),FOV=70.00,Time=1.4153},{Pos=Vector3.new(30.101,39.893,18.784),Vel=Vector3.new(31.720,0.000,-4.223),Move=Vector3.new(0.991,0,-0.132),Jump=false,CFrame=CFrame.new(14.949,46.435,21.762,0.196195,0.324880,-0.925181,0.000000,0.943519,0.331319,0.980565,-0.065003,0.185114),FOV=70.00,Time=1.4552},{Pos=Vector3.new(31.291,39.893,18.626),Vel=Vector3.new(31.720,0.000,-4.223),Move=Vector3.new(0.991,0,-0.132),Jump=false,CFrame=CFrame.new(15.742,46.435,21.657,0.196195,0.324880,-0.925181,0.000000,0.943519,0.331319,0.980565,-0.065003,0.185114),FOV=70.00,Time=1.4819},{Pos=Vector3.new(32.216,39.893,18.502),Vel=Vector3.new(31.720,0.000,-4.223),Move=Vector3.new(0.991,0,-0.132),Jump=false,CFrame=CFrame.new(16.932,46.435,21.499,0.196195,0.324880,-0.925181,0.000000,0.943519,0.331319,0.980565,-0.065003,0.185114),FOV=70.00,Time=1.5077},{Pos=Vector3.new(33.141,39.893,18.379),Vel=Vector3.new(31.720,0.000,-4.223),Move=Vector3.new(0.991,0,-0.132),Jump=false,CFrame=CFrame.new(17.857,46.435,21.375,0.196195,0.324880,-0.925181,0.000000,0.943519,0.331319,0.980565,-0.065003,0.185114),FOV=70.00,Time=1.5362},{Pos=Vector3.new(34.066,39.893,18.256),Vel=Vector3.new(31.720,0.000,-4.223),Move=Vector3.new(0.991,0,-0.132),Jump=false,CFrame=CFrame.new(18.782,46.435,21.252,0.196195,0.324880,-0.925181,0.000000,0.943519,0.331319,0.980565,-0.065003,0.185114),FOV=70.00,Time=1.5758},{Pos=Vector3.new(35.388,39.893,18.080),Vel=Vector3.new(31.720,0.000,-4.225),Move=Vector3.new(0.991,0,-0.132),Jump=false,CFrame=CFrame.new(19.707,46.435,21.129,0.196195,0.324880,-0.925181,0.000000,0.943519,0.331319,0.980565,-0.065003,0.185114),FOV=70.00,Time=1.6070},{Pos=Vector3.new(36.313,39.893,17.956),Vel=Vector3.new(31.716,0.000,-4.256),Move=Vector3.new(0.991,0,-0.133),Jump=false,CFrame=CFrame.new(21.029,46.435,20.953,0.196195,0.324880,-0.925181,0.000000,0.943519,0.331319,0.980565,-0.065003,0.185114),FOV=70.00,Time=1.6461},{Pos=Vector3.new(37.502,39.893,17.796),Vel=Vector3.new(31.714,0.000,-4.270),Move=Vector3.new(0.991,0,-0.133),Jump=false,CFrame=CFrame.new(21.954,46.435,20.829,0.196195,0.324880,-0.925181,0.000000,0.943519,0.331319,0.980565,-0.065003,0.185114),FOV=70.00,Time=1.6778},{Pos=Vector3.new(38.427,39.893,17.670),Vel=Vector3.new(31.709,0.000,-4.302),Move=Vector3.new(0.991,0,-0.134),Jump=false,CFrame=CFrame.new(23.143,46.435,20.669,0.196195,0.324880,-0.925181,0.000000,0.943519,0.331319,0.980565,-0.065003,0.185114),FOV=70.00,Time=1.7094},{Pos=Vector3.new(39.484,39.893,17.527),Vel=Vector3.new(31.708,0.000,-4.311),Move=Vector3.new(0.991,0,-0.135),Jump=false,CFrame=CFrame.new(24.068,46.435,20.543,0.196195,0.324880,-0.925181,0.000000,0.943519,0.331319,0.980565,-0.065003,0.185114),FOV=70.00,Time=1.7342},{Pos=Vector3.new(40.277,39.893,17.419),Vel=Vector3.new(31.708,0.000,-4.311),Move=Vector3.new(0.991,0,-0.135),Jump=false,CFrame=CFrame.new(25.125,46.435,20.400,0.196195,0.324880,-0.925181,0.000000,0.943519,0.331319,0.980565,-0.065003,0.185114),FOV=70.00,Time=1.7726},{Pos=Vector3.new(42.391,39.893,17.132),Vel=Vector3.new(31.708,0.000,-4.311),Move=Vector3.new(0.991,0,-0.135),Jump=false,CFrame=CFrame.new(25.918,46.435,20.292,0.196195,0.324880,-0.925181,0.000000,0.943519,0.331319,0.980565,-0.065003,0.185114),FOV=70.00,Time=1.8287},{Pos=Vector3.new(43.051,39.893,17.042),Vel=Vector3.new(31.708,0.000,-4.311),Move=Vector3.new(0.991,0,-0.135),Jump=false,CFrame=CFrame.new(28.032,46.435,20.005,0.196195,0.324880,-0.925181,0.000000,0.943519,0.331319,0.980565,-0.065003,0.185114),FOV=70.00,Time=1.8544},{Pos=Vector3.new(44.108,39.893,16.898),Vel=Vector3.new(31.707,0.000,-4.319),Move=Vector3.new(0.991,0,-0.135),Jump=false,CFrame=CFrame.new(28.692,46.435,19.915,0.196195,0.324880,-0.925181,0.000000,0.943519,0.331319,0.980565,-0.065003,0.185114),FOV=70.00,Time=1.8771},{Pos=Vector3.new(44.769,39.893,16.808),Vel=Vector3.new(31.707,0.000,-4.322),Move=Vector3.new(0.991,0,-0.135),Jump=false,CFrame=CFrame.new(29.749,46.435,19.771,0.196195,0.324880,-0.925181,0.000000,0.943519,0.331319,0.980565,-0.065003,0.185114),FOV=70.00,Time=1.9021},{Pos=Vector3.new(45.693,39.893,16.682),Vel=Vector3.new(31.707,0.000,-4.322),Move=Vector3.new(0.991,0,-0.135),Jump=false,CFrame=CFrame.new(30.410,46.435,19.681,0.196195,0.324880,-0.925181,0.000000,0.943519,0.331319,0.980565,-0.065003,0.185114),FOV=70.00,Time=1.9337},{Pos=Vector3.new(46.750,39.893,16.538),Vel=Vector3.new(31.707,0.000,-4.322),Move=Vector3.new(0.991,0,-0.135),Jump=false,CFrame=CFrame.new(31.334,46.435,19.555,0.196195,0.324880,-0.925181,0.000000,0.943519,0.331319,0.980565,-0.065003,0.185114),FOV=70.00,Time=1.9683},{Pos=Vector3.new(47.675,39.893,16.412),Vel=Vector3.new(31.706,0.000,-4.325),Move=Vector3.new(0.991,0,-0.135),Jump=false,CFrame=CFrame.new(32.391,46.435,19.411,0.196195,0.324880,-0.925181,0.000000,0.943519,0.331319,0.980565,-0.065003,0.185114),FOV=70.00,Time=2.0031},{Pos=Vector3.new(48.864,39.893,16.249),Vel=Vector3.new(31.705,0.000,-4.334),Move=Vector3.new(0.991,0,-0.135),Jump=false,CFrame=CFrame.new(33.316,46.435,19.285,0.196195,0.324880,-0.925181,0.000000,0.943519,0.331319,0.980565,-0.065003,0.185114),FOV=70.00,Time=2.0291},{Pos=Vector3.new(49.657,39.893,16.141),Vel=Vector3.new(31.705,0.000,-4.334),Move=Vector3.new(0.991,0,-0.135),Jump=false,CFrame=CFrame.new(34.505,46.435,19.122,0.196195,0.324880,-0.925181,0.000000,0.943519,0.331319,0.980565,-0.065003,0.185114),FOV=70.00,Time=2.0615},{Pos=Vector3.new(50.846,39.893,15.978),Vel=Vector3.new(31.704,0.000,-4.341),Move=Vector3.new(0.991,0,-0.136),Jump=false,CFrame=CFrame.new(35.298,46.435,19.014,0.196195,0.324880,-0.925181,0.000000,0.943519,0.331319,0.980565,-0.065003,0.185114),FOV=70.00,Time=2.0928},{Pos=Vector3.new(51.902,39.893,15.831),Vel=Vector3.new(31.696,0.000,-4.398),Move=Vector3.new(0.991,0,-0.137),Jump=false,CFrame=CFrame.new(36.487,46.435,18.851,0.196195,0.324880,-0.925181,0.000000,0.943519,0.331319,0.980565,-0.065003,0.185114),FOV=70.00,Time=2.1254},{Pos=Vector3.new(52.694,39.893,15.721),Vel=Vector3.new(31.693,0.000,-4.422),Move=Vector3.new(0.990,0,-0.138),Jump=false,CFrame=CFrame.new(37.543,46.435,18.704,0.196195,0.324880,-0.925181,0.000000,0.943519,0.331319,0.980565,-0.065003,0.185114),FOV=70.00,Time=2.1525},{Pos=Vector3.new(53.619,39.893,15.592),Vel=Vector3.new(31.693,0.000,-4.422),Move=Vector3.new(0.990,0,-0.138),Jump=false,CFrame=CFrame.new(38.335,46.435,18.594,0.196195,0.324880,-0.925181,0.000000,0.943519,0.331319,0.980565,-0.065003,0.185114),FOV=70.00,Time=2.1890},{Pos=Vector3.new(54.807,39.893,15.425),Vel=Vector3.new(31.688,0.000,-4.456),Move=Vector3.new(0.990,0,-0.139),Jump=false,CFrame=CFrame.new(39.260,46.435,18.465,0.196195,0.324880,-0.925181,0.000000,0.943519,0.331319,0.980565,-0.065003,0.185114),FOV=70.00,Time=2.2255},{Pos=Vector3.new(56.127,39.893,15.234),Vel=Vector3.new(31.670,0.000,-4.585),Move=Vector3.new(0.990,0,-0.143),Jump=false,CFrame=CFrame.new(40.448,46.435,18.298,0.196195,0.324880,-0.925181,0.000000,0.943519,0.331319,0.980565,-0.065003,0.185114),FOV=70.00,Time=2.2576},{Pos=Vector3.new(56.786,39.893,15.138),Vel=Vector3.new(31.668,0.000,-4.599),Move=Vector3.new(0.990,0,-0.144),Jump=false,CFrame=CFrame.new(41.768,46.435,18.107,0.196195,0.324880,-0.925181,0.000000,0.943519,0.331319,0.980565,-0.065003,0.185114),FOV=70.00,Time=2.2840},{Pos=Vector3.new(57.841,39.893,14.981),Vel=Vector3.new(31.649,0.000,-4.730),Move=Vector3.new(0.989,0,-0.148),Jump=false,CFrame=CFrame.new(42.428,46.435,18.011,0.196195,0.324880,-0.925181,0.000000,0.943519,0.331319,0.980565,-0.065003,0.185114),FOV=70.00,Time=2.3101},{Pos=Vector3.new(58.764,39.893,14.842),Vel=Vector3.new(31.644,0.000,-4.760),Move=Vector3.new(0.989,0,-0.149),Jump=false,CFrame=CFrame.new(43.483,46.435,17.854,0.196195,0.324880,-0.925181,0.000000,0.943519,0.331319,0.980565,-0.065003,0.185114),FOV=70.00,Time=2.3470},{Pos=Vector3.new(59.556,39.893,14.723),Vel=Vector3.new(31.644,0.000,-4.761),Move=Vector3.new(0.989,0,-0.149),Jump=false,CFrame=CFrame.new(44.406,46.435,17.715,0.196195,0.324880,-0.925181,0.000000,0.943519,0.331319,0.980565,-0.065003,0.185114),FOV=70.00,Time=2.3691},{Pos=Vector3.new(60.347,39.893,14.604),Vel=Vector3.new(31.641,0.000,-4.778),Move=Vector3.new(0.989,0,-0.149),Jump=false,CFrame=CFrame.new(45.197,46.435,17.596,0.196195,0.324880,-0.925181,0.000000,0.943519,0.331319,0.980565,-0.065003,0.185114),FOV=70.00,Time=2.3931},{Pos=Vector3.new(61.137,39.893,14.483),Vel=Vector3.new(31.633,0.000,-4.834),Move=Vector3.new(0.989,0,-0.151),Jump=false,CFrame=CFrame.new(45.988,46.435,17.477,0.196195,0.324880,-0.925181,0.000000,0.943519,0.331319,0.980565,-0.065003,0.185114),FOV=70.00,Time=2.4205},{Pos=Vector3.new(61.928,39.893,14.361),Vel=Vector3.new(31.622,0.000,-4.903),Move=Vector3.new(0.988,0,-0.153),Jump=false,CFrame=CFrame.new(46.779,46.435,17.356,0.196195,0.324880,-0.925181,0.000000,0.943519,0.331319,0.980565,-0.065003,0.185114),FOV=70.00,Time=2.4465},{Pos=Vector3.new(62.850,39.893,14.218),Vel=Vector3.new(31.622,0.000,-4.904),Move=Vector3.new(0.988,0,-0.153),Jump=false,CFrame=CFrame.new(47.569,46.435,17.234,0.196195,0.324880,-0.925181,0.000000,0.943519,0.331319,0.980565,-0.065003,0.185114),FOV=70.00,Time=2.4719},{Pos=Vector3.new(63.641,39.893,14.095),Vel=Vector3.new(31.622,0.000,-4.904),Move=Vector3.new(0.988,0,-0.153),Jump=false,CFrame=CFrame.new(48.491,46.435,17.091,0.196195,0.324880,-0.925181,0.000000,0.943519,0.331319,0.980565,-0.065003,0.185114),FOV=70.00,Time=2.5016},{Pos=Vector3.new(64.431,39.893,13.972),Vel=Vector3.new(31.622,0.000,-4.904),Move=Vector3.new(0.988,0,-0.153),Jump=false,CFrame=CFrame.new(49.282,46.435,16.968,0.196195,0.324880,-0.925181,0.000000,0.943519,0.331319,0.980565,-0.065003,0.185114),FOV=70.00,Time=2.5233},{Pos=Vector3.new(65.354,39.893,13.829),Vel=Vector3.new(31.622,0.000,-4.904),Move=Vector3.new(0.988,0,-0.153),Jump=false,CFrame=CFrame.new(50.073,46.435,16.845,0.196195,0.324880,-0.925181,0.000000,0.943519,0.331319,0.980565,-0.065003,0.185114),FOV=70.00,Time=2.5512},{Pos=Vector3.new(66.013,39.893,13.727),Vel=Vector3.new(31.622,0.000,-4.904),Move=Vector3.new(0.988,0,-0.153),Jump=false,CFrame=CFrame.new(50.995,46.435,16.702,0.196195,0.324880,-0.925181,0.000000,0.943519,0.331319,0.980565,-0.065003,0.185114),FOV=70.00,Time=2.5721},{Pos=Vector3.new(66.803,39.893,13.605),Vel=Vector3.new(31.622,0.000,-4.904),Move=Vector3.new(0.988,0,-0.153),Jump=false,CFrame=CFrame.new(51.654,46.435,16.600,0.196195,0.324880,-0.925181,0.000000,0.943519,0.331319,0.980565,-0.065003,0.185114),FOV=70.00,Time=2.6006},{Pos=Vector3.new(67.594,39.893,13.482),Vel=Vector3.new(31.622,0.000,-4.904),Move=Vector3.new(0.988,0,-0.153),Jump=false,CFrame=CFrame.new(52.444,46.435,16.478,0.196195,0.324880,-0.925181,0.000000,0.943519,0.331319,0.980565,-0.065003,0.185114),FOV=70.00,Time=2.6222},{Pos=Vector3.new(68.384,39.893,13.360),Vel=Vector3.new(31.622,0.000,-4.904),Move=Vector3.new(0.988,0,-0.153),Jump=false,CFrame=CFrame.new(53.235,46.435,16.355,0.196195,0.324880,-0.925181,0.000000,0.943519,0.331319,0.980565,-0.065003,0.185114),FOV=70.00,Time=2.6511},{Pos=Vector3.new(69.175,39.893,13.237),Vel=Vector3.new(31.622,0.000,-4.904),Move=Vector3.new(0.988,0,-0.153),Jump=false,CFrame=CFrame.new(54.025,46.435,16.233,0.196195,0.324880,-0.925181,0.000000,0.943519,0.331319,0.980565,-0.065003,0.185114),FOV=70.00,Time=2.6767},{Pos=Vector3.new(69.965,39.893,13.114),Vel=Vector3.new(31.622,0.000,-4.904),Move=Vector3.new(0.988,0,-0.153),Jump=false,CFrame=CFrame.new(54.816,46.435,16.110,0.196195,0.324880,-0.925181,0.000000,0.943519,0.331319,0.980565,-0.065003,0.185114),FOV=70.00,Time=2.7006},{Pos=Vector3.new(70.756,39.893,12.992),Vel=Vector3.new(31.622,0.000,-4.904),Move=Vector3.new(0.988,0,-0.153),Jump=false,CFrame=CFrame.new(55.606,46.435,15.987,0.196195,0.324880,-0.925181,0.000000,0.943519,0.331319,0.980565,-0.065003,0.185114),FOV=70.00,Time=2.7207},{Pos=Vector3.new(71.810,39.893,12.828),Vel=Vector3.new(31.622,0.000,-4.904),Move=Vector3.new(0.988,0,-0.153),Jump=false,CFrame=CFrame.new(56.397,46.435,15.865,0.196195,0.324880,-0.925181,0.000000,0.943519,0.331319,0.980565,-0.065003,0.185114),FOV=70.00,Time=2.7513},{Pos=Vector3.new(72.337,39.893,12.747),Vel=Vector3.new(31.622,0.000,-4.904),Move=Vector3.new(0.988,0,-0.153),Jump=false,CFrame=CFrame.new(57.451,46.435,15.701,0.196195,0.324880,-0.925181,0.000000,0.943519,0.331319,0.980565,-0.065003,0.185114),FOV=70.00,Time=2.7712},{Pos=Vector3.new(72.996,39.893,12.644),Vel=Vector3.new(31.622,0.000,-4.904),Move=Vector3.new(0.988,0,-0.153),Jump=false,CFrame=CFrame.new(57.978,46.435,15.620,0.196195,0.324880,-0.925181,0.000000,0.943519,0.331319,0.980565,-0.065003,0.185114),FOV=70.00,Time=2.7994},{Pos=Vector3.new(73.786,39.893,12.522),Vel=Vector3.new(31.622,0.000,-4.904),Move=Vector3.new(0.988,0,-0.153),Jump=false,CFrame=CFrame.new(58.637,46.435,15.517,0.196195,0.324880,-0.925181,0.000000,0.943519,0.331319,0.980565,-0.065003,0.185114),FOV=70.00,Time=2.8199},{Pos=Vector3.new(74.709,39.893,12.379),Vel=Vector3.new(31.622,0.000,-4.904),Move=Vector3.new(0.988,0,-0.153),Jump=false,CFrame=CFrame.new(59.427,46.435,15.395,0.196195,0.324880,-0.925181,0.000000,0.943519,0.331319,0.980565,-0.065003,0.185114),FOV=70.00,Time=2.8510},{Pos=Vector3.new(75.631,39.893,12.236),Vel=Vector3.new(31.622,0.000,-4.904),Move=Vector3.new(0.988,0,-0.153),Jump=false,CFrame=CFrame.new(60.350,46.435,15.252,0.196195,0.324880,-0.925181,0.000000,0.943519,0.331319,0.980565,-0.065003,0.185114),FOV=70.00,Time=2.8733},{Pos=Vector3.new(76.290,39.893,12.134),Vel=Vector3.new(31.622,0.000,-4.904),Move=Vector3.new(0.988,0,-0.153),Jump=false,CFrame=CFrame.new(61.272,46.435,15.109,0.196195,0.324880,-0.925181,0.000000,0.943519,0.331319,0.980565,-0.065003,0.185114),FOV=70.00,Time=2.8988},{Pos=Vector3.new(77.080,39.893,12.011),Vel=Vector3.new(31.622,0.000,-4.904),Move=Vector3.new(0.988,0,-0.153),Jump=false,CFrame=CFrame.new(61.931,46.435,15.007,0.196195,0.324880,-0.925181,0.000000,0.943519,0.331319,0.980565,-0.065003,0.185114),FOV=70.00,Time=2.9189},{Pos=Vector3.new(77.739,39.893,11.910),Vel=Vector3.new(31.636,0.000,-4.815),Move=Vector3.new(0.989,0,-0.150),Jump=false,CFrame=CFrame.new(62.721,46.435,14.884,0.196195,0.324880,-0.925181,0.000000,0.943519,0.331319,0.980565,-0.065003,0.185114),FOV=70.00,Time=2.9451},{Pos=Vector3.new(78.530,39.893,11.791),Vel=Vector3.new(31.641,0.000,-4.779),Move=Vector3.new(0.989,0,-0.149),Jump=false,CFrame=CFrame.new(63.380,46.435,14.783,0.196195,0.324880,-0.925181,0.000000,0.943519,0.331319,0.980565,-0.065003,0.185114),FOV=70.00,Time=2.9644},{Pos=Vector3.new(79.190,39.893,11.695),Vel=Vector3.new(31.667,0.000,-4.601),Move=Vector3.new(0.990,0,-0.144),Jump=false,CFrame=CFrame.new(64.171,46.435,14.664,0.196195,0.324880,-0.925181,0.000000,0.943519,0.331319,0.980565,-0.065003,0.185114),FOV=70.00,Time=2.9901},{Pos=Vector3.new(79.982,39.893,11.580),Vel=Vector3.new(31.668,0.000,-4.600),Move=Vector3.new(0.990,0,-0.144),Jump=false,CFrame=CFrame.new(64.831,46.435,14.568,0.196195,0.324880,-0.925181,0.000000,0.943519,0.331319,0.980565,-0.065003,0.185114),FOV=70.00,Time=3.0109},{Pos=Vector3.new(80.642,39.893,11.484),Vel=Vector3.new(31.668,0.000,-4.600),Move=Vector3.new(0.990,0,-0.144),Jump=false,CFrame=CFrame.new(65.623,46.435,14.453,0.196195,0.324880,-0.925181,0.000000,0.943519,0.331319,0.980565,-0.065003,0.185114),FOV=70.00,Time=3.0320},{Pos=Vector3.new(81.301,39.893,11.388),Vel=Vector3.new(31.668,0.000,-4.600),Move=Vector3.new(0.990,0,-0.144),Jump=false,CFrame=CFrame.new(66.283,46.435,14.357,0.196195,0.324880,-0.925181,0.000000,0.943519,0.331319,0.980565,-0.065003,0.185114),FOV=70.00,Time=3.0548},{Pos=Vector3.new(82.093,39.893,11.273),Vel=Vector3.new(31.668,0.000,-4.600),Move=Vector3.new(0.990,0,-0.144),Jump=false,CFrame=CFrame.new(66.942,46.435,14.261,0.196195,0.324880,-0.925181,0.000000,0.943519,0.331319,0.980565,-0.065003,0.185114),FOV=70.00,Time=3.0784},{Pos=Vector3.new(82.753,39.893,11.177),Vel=Vector3.new(31.668,0.000,-4.600),Move=Vector3.new(0.990,0,-0.144),Jump=false,CFrame=CFrame.new(67.734,46.435,14.146,0.196195,0.324880,-0.925181,0.000000,0.943519,0.331319,0.980565,-0.065003,0.185114),FOV=70.00,Time=3.0984},{Pos=Vector3.new(83.544,39.893,11.062),Vel=Vector3.new(31.668,0.000,-4.600),Move=Vector3.new(0.990,0,-0.144),Jump=false,CFrame=CFrame.new(68.394,46.435,14.050,0.196195,0.324880,-0.925181,0.000000,0.943519,0.331319,0.980565,-0.065003,0.185114),FOV=70.00,Time=3.1244},{Pos=Vector3.new(84.204,39.893,10.966),Vel=Vector3.new(31.668,0.000,-4.600),Move=Vector3.new(0.990,0,-0.144),Jump=false,CFrame=CFrame.new(69.186,46.435,13.935,0.196195,0.324880,-0.925181,0.000000,0.943519,0.331319,0.980565,-0.065003,0.185114),FOV=70.00,Time=3.1444},{Pos=Vector3.new(84.864,39.893,10.871),Vel=Vector3.new(31.668,0.000,-4.600),Move=Vector3.new(0.990,0,-0.144),Jump=false,CFrame=CFrame.new(69.845,46.435,13.839,0.196195,0.324880,-0.925181,0.000000,0.943519,0.331319,0.980565,-0.065003,0.185114),FOV=70.00,Time=3.1688},{Pos=Vector3.new(85.656,39.893,10.756),Vel=Vector3.new(31.668,0.000,-4.600),Move=Vector3.new(0.990,0,-0.144),Jump=false,CFrame=CFrame.new(70.505,46.435,13.743,0.196195,0.324880,-0.925181,0.000000,0.943519,0.331319,0.980565,-0.065003,0.185114),FOV=70.00,Time=3.1936},{Pos=Vector3.new(86.447,39.893,10.640),Vel=Vector3.new(31.662,0.000,-4.637),Move=Vector3.new(0.989,0,-0.145),Jump=false,CFrame=CFrame.new(71.297,46.435,13.629,0.196195,0.324880,-0.925181,0.000000,0.943519,0.331319,0.980565,-0.065003,0.185114),FOV=70.00,Time=3.2147},{Pos=Vector3.new(87.107,39.893,10.543),Vel=Vector3.new(31.662,0.000,-4.637),Move=Vector3.new(0.989,0,-0.145),Jump=false,CFrame=CFrame.new(72.088,46.435,13.513,0.196195,0.324880,-0.925181,0.000000,0.943519,0.331319,0.980565,-0.065003,0.185114),FOV=70.00,Time=3.2379},{Pos=Vector3.new(87.898,39.893,10.427),Vel=Vector3.new(31.662,0.000,-4.637),Move=Vector3.new(0.989,0,-0.145),Jump=false,CFrame=CFrame.new(72.748,46.435,13.416,0.196195,0.324880,-0.925181,0.000000,0.943519,0.331319,0.980565,-0.065003,0.185114),FOV=70.00,Time=3.2640},{Pos=Vector3.new(88.558,39.893,10.331),Vel=Vector3.new(31.662,0.000,-4.637),Move=Vector3.new(0.989,0,-0.145),Jump=false,CFrame=CFrame.new(73.540,46.435,13.300,0.196195,0.324880,-0.925181,0.000000,0.943519,0.331319,0.980565,-0.065003,0.185114),FOV=70.00,Time=3.2820},{Pos=Vector3.new(89.218,39.893,10.234),Vel=Vector3.new(31.662,0.000,-4.639),Move=Vector3.new(0.989,0,-0.145),Jump=false,CFrame=CFrame.new(74.199,46.435,13.204,0.196195,0.324880,-0.925181,0.000000,0.943519,0.331319,0.980565,-0.065003,0.185114),FOV=70.00,Time=3.3081},{Pos=Vector3.new(90.009,39.893,10.118),Vel=Vector3.new(31.662,0.000,-4.641),Move=Vector3.new(0.989,0,-0.145),Jump=false,CFrame=CFrame.new(74.859,46.435,13.107,0.196195,0.324880,-0.925181,0.000000,0.943519,0.331319,0.980565,-0.065003,0.185114),FOV=70.00,Time=3.3281},{Pos=Vector3.new(90.669,39.893,10.021),Vel=Vector3.new(31.661,0.000,-4.644),Move=Vector3.new(0.989,0,-0.145),Jump=false,CFrame=CFrame.new(75.650,46.435,12.991,0.196195,0.324880,-0.925181,0.000000,0.943519,0.331319,0.980565,-0.065003,0.185114),FOV=70.00,Time=3.3539},{Pos=Vector3.new(91.592,39.893,9.886),Vel=Vector3.new(31.661,0.000,-4.644),Move=Vector3.new(0.989,0,-0.145),Jump=false,CFrame=CFrame.new(76.310,46.435,12.894,0.196195,0.324880,-0.925181,0.000000,0.943519,0.331319,0.980565,-0.065003,0.185114),FOV=70.00,Time=3.3784},{Pos=Vector3.new(92.252,39.893,9.789),Vel=Vector3.new(31.661,0.000,-4.644),Move=Vector3.new(0.989,0,-0.145),Jump=false,CFrame=CFrame.new(77.121,46.435,12.127,0.153052,0.327415,-0.932402,0.000000,0.943519,0.331319,0.988218,-0.050709,0.144407),FOV=70.00,Time=3.4047},{Pos=Vector3.new(93.047,39.893,9.704),Vel=Vector3.new(31.834,0.000,-3.258),Move=Vector3.new(0.995,0,-0.102),Jump=false,CFrame=CFrame.new(77.647,46.435,10.859,0.073057,0.330434,-0.940998,0.000000,0.943519,0.331319,0.997328,-0.024205,0.068930),FOV=70.00,Time=3.4256},{Pos=Vector3.new(93.847,39.893,9.681),Vel=Vector3.new(31.992,0.000,-0.693),Move=Vector3.new(1.000,0,-0.021),Jump=false,CFrame=CFrame.new(78.434,46.435,8.769,-0.063828,0.330643,-0.941595,0.000000,0.943519,0.331319,0.997961,0.021147,-0.060223),FOV=70.00,Time=3.4608},{Pos=Vector3.new(94.907,39.893,9.786),Vel=Vector3.new(31.786,0.000,3.682),Move=Vector3.new(0.993,0,0.115),Jump=false,CFrame=CFrame.new(79.252,46.435,8.486,-0.081566,0.330215,-0.940375,0.000000,0.943519,0.331319,0.996668,0.027024,-0.076959),FOV=70.00,Time=3.4803},{Pos=Vector3.new(95.701,39.893,9.888),Vel=Vector3.new(31.731,0.000,4.133),Move=Vector3.new(0.992,0,0.129),Jump=false,CFrame=CFrame.new(80.321,46.435,8.494,-0.088206,0.330028,-0.939841,0.000000,0.943519,0.331319,0.996102,0.029224,-0.083224),FOV=70.00,Time=3.5104},{Pos=Vector3.new(96.627,39.893,10.005),Vel=Vector3.new(31.751,0.000,3.978),Move=Vector3.new(0.992,0,0.125),Jump=false,CFrame=CFrame.new(81.114,46.435,8.597,-0.088206,0.330028,-0.939841,0.000000,0.943519,0.331319,0.996102,0.029224,-0.083224),FOV=70.00,Time=3.5380},{Pos=Vector3.new(97.289,39.893,10.083),Vel=Vector3.new(31.783,0.000,3.718),Move=Vector3.new(0.993,0,0.116),Jump=false,CFrame=CFrame.new(82.040,46.435,8.713,-0.088206,0.330028,-0.939841,0.000000,0.943519,0.331319,0.996102,0.029224,-0.083224),FOV=70.00,Time=3.5606},{Pos=Vector3.new(98.350,39.893,10.184),Vel=Vector3.new(31.861,0.000,2.980),Move=Vector3.new(0.996,0,0.093),Jump=false,CFrame=CFrame.new(82.707,46.462,8.844,-0.084649,0.331824,-0.939536,0.000000,0.942920,0.333020,0.996411,0.028190,-0.079817),FOV=70.00,Time=3.5906},{Pos=Vector3.new(99.413,39.893,10.272),Vel=Vector3.new(31.894,0.000,2.600),Move=Vector3.new(0.997,0,0.081),Jump=false,CFrame=CFrame.new(83.796,46.563,9.055,-0.077336,0.338572,-0.937757,0.000000,0.940574,0.339589,0.997005,0.026262,-0.072740),FOV=70.00,Time=3.6260},{Pos=Vector3.new(100.211,39.893,10.332),Vel=Vector3.new(31.912,0.000,2.367),Move=Vector3.new(0.997,0,0.074),Jump=false,CFrame=CFrame.new(84.903,46.696,9.210,-0.072985,0.347211,-0.934943,0.000000,0.937443,0.348139,0.997333,0.025409,-0.068419),FOV=70.00,Time=3.6566},{Pos=Vector3.new(101.009,39.893,10.388),Vel=Vector3.new(31.922,0.000,2.228),Move=Vector3.new(0.998,0,0.070),Jump=false,CFrame=CFrame.new(85.724,46.759,9.272,-0.072985,0.351255,-0.933431,0.000000,0.935927,0.352194,0.997333,0.025705,-0.068308),FOV=70.00,Time=3.6780},{Pos=Vector3.new(101.940,39.893,10.453),Vel=Vector3.new(31.922,0.000,2.227),Move=Vector3.new(0.998,0,0.070),Jump=false,CFrame=CFrame.new(86.592,46.941,9.333,-0.072985,0.362970,-0.928938,0.000000,0.931422,0.363941,0.997333,0.026562,-0.067979),FOV=70.00,Time=3.7070},{Pos=Vector3.new(103.004,39.893,10.537),Vel=Vector3.new(31.899,0.000,2.545),Move=Vector3.new(0.997,0,0.080),Jump=false,CFrame=CFrame.new(87.571,47.069,9.433,-0.070809,0.371241,-0.925833,0.000000,0.928163,0.372175,0.997490,0.026353,-0.065722),FOV=70.00,Time=3.7417},{Pos=Vector3.new(104.197,39.893,10.665),Vel=Vector3.new(31.809,0.000,3.488),Move=Vector3.new(0.994,0,0.109),Jump=false,CFrame=CFrame.new(88.727,47.309,9.606,-0.065086,0.386831,-0.919851,0.000000,0.921805,0.387653,0.997880,0.025231,-0.059997),FOV=70.00,Time=3.7775},{Pos=Vector3.new(105.381,39.893,10.856),Vel=Vector3.new(31.575,0.000,5.199),Move=Vector3.new(0.987,0,0.163),Jump=false,CFrame=CFrame.new(90.150,47.839,9.822,-0.059924,0.421004,-0.905077,0.000000,0.906707,0.421762,0.998203,0.025274,-0.054333),FOV=70.00,Time=3.8194},{Pos=Vector3.new(106.688,39.893,11.121),Vel=Vector3.new(31.348,0.000,6.426),Move=Vector3.new(0.980,0,0.201),Jump=false,CFrame=CFrame.new(91.731,48.633,10.037,-0.059924,0.472100,-0.879506,0.000000,0.881090,0.472950,0.998203,0.028341,-0.052798),FOV=70.00,Time=3.8541},{Pos=Vector3.new(108.120,39.893,11.439),Vel=Vector3.new(31.233,0.000,6.962),Move=Vector3.new(0.976,0,0.218),Jump=false,CFrame=CFrame.new(93.038,48.633,10.302,-0.059924,0.472100,-0.879506,0.000000,0.881090,0.472950,0.998203,0.028341,-0.052798),FOV=70.00,Time=3.9028},{Pos=Vector3.new(109.421,39.893,11.729),Vel=Vector3.new(31.233,0.000,6.963),Move=Vector3.new(0.976,0,0.218),Jump=false,CFrame=CFrame.new(94.470,48.633,10.620,-0.059924,0.472100,-0.879506,0.000000,0.881090,0.472950,0.998203,0.028341,-0.052798),FOV=70.00,Time=3.9526},{Pos=Vector3.new(110.859,39.893,12.018),Vel=Vector3.new(31.381,0.000,6.266),Move=Vector3.new(0.981,0,0.196),Jump=false,CFrame=CFrame.new(95.771,48.633,10.910,-0.059924,0.472100,-0.879506,0.000000,0.881090,0.472950,0.998203,0.028341,-0.052798),FOV=70.00,Time=3.9858},{Pos=Vector3.new(112.297,42.142,12.305),Vel=Vector3.new(31.381,44.978,6.266),Move=Vector3.new(0.992,0,0.129),Jump=false,CFrame=CFrame.new(97.209,48.633,11.199,-0.059924,0.472100,-0.879506,0.000000,0.881090,0.472950,0.998203,0.028341,-0.052798),FOV=70.00,Time=4.0371},{Pos=Vector3.new(113.753,43.979,12.440),Vel=Vector3.new(31.977,35.986,1.158),Move=Vector3.new(0.999,0,0.036),Jump=false,CFrame=CFrame.new(98.647,50.882,11.486,-0.059924,0.472100,-0.879506,0.000000,0.881090,0.472950,0.998203,0.028341,-0.052798),FOV=70.00,Time=4.0817},{Pos=Vector3.new(115.353,45.512,12.464),Vel=Vector3.new(31.997,26.176,0.449),Move=Vector3.new(1.000,0,0.014),Jump=true,CFrame=CFrame.new(100.103,52.719,11.621,-0.059924,0.472100,-0.879506,0.000000,0.881090,0.472950,0.998203,0.028341,-0.052798),FOV=70.00,Time=4.1308},{Pos=Vector3.new(116.553,46.340,12.482),Vel=Vector3.new(31.996,18.818,0.479),Move=Vector3.new(1.000,0,0.015),Jump=true,CFrame=CFrame.new(101.703,54.252,11.645,-0.059924,0.472100,-0.879506,0.000000,0.881090,0.472950,0.998203,0.028341,-0.052798),FOV=70.00,Time=4.1767},{Pos=Vector3.new(117.884,46.937,12.561),Vel=Vector3.new(31.934,10.643,2.058),Move=Vector3.new(0.998,0,0.064),Jump=true,CFrame=CFrame.new(102.903,55.081,11.663,-0.059924,0.472100,-0.879506,0.000000,0.881090,0.472950,0.998203,0.028341,-0.052798),FOV=70.00,Time=4.2125},{Pos=Vector3.new(119.210,47.193,12.699),Vel=Vector3.new(31.814,2.468,3.445),Move=Vector3.new(0.994,0,0.108),Jump=false,CFrame=CFrame.new(104.234,55.677,11.742,-0.059924,0.472100,-0.879506,0.000000,0.881090,0.472950,0.998203,0.028341,-0.052798),FOV=70.00,Time=4.2553},{Pos=Vector3.new(120.001,47.184,12.818),Vel=Vector3.new(31.607,-2.437,4.998),Move=Vector3.new(0.988,0,0.156),Jump=false,CFrame=CFrame.new(105.560,55.934,11.880,-0.059924,0.472100,-0.879506,0.000000,0.881090,0.472950,0.998203,0.028341,-0.052798),FOV=70.00,Time=4.2799},{Pos=Vector3.new(120.787,47.051,12.965),Vel=Vector3.new(31.439,-7.342,5.966),Move=Vector3.new(0.982,0,0.187),Jump=false,CFrame=CFrame.new(106.351,55.924,11.999,-0.059924,0.472100,-0.879506,0.000000,0.881090,0.472950,0.998203,0.028341,-0.052798),FOV=70.00,Time=4.2991},{Pos=Vector3.new(121.442,46.847,13.092),Vel=Vector3.new(31.405,-11.429,6.141),Move=Vector3.new(0.981,0,0.192),Jump=false,CFrame=CFrame.new(107.137,55.791,12.145,-0.059924,0.472100,-0.879506,0.000000,0.881090,0.472950,0.998203,0.028341,-0.052798),FOV=70.00,Time=4.3226},{Pos=Vector3.new(122.227,46.490,13.246),Vel=Vector3.new(31.405,-16.334,6.143),Move=Vector3.new(0.981,0,0.192),Jump=false,CFrame=CFrame.new(107.792,55.587,12.273,-0.059924,0.472100,-0.879506,0.000000,0.881090,0.472950,0.998203,0.028341,-0.052798),FOV=70.00,Time=4.3481},{Pos=Vector3.new(123.015,46.010,13.383),Vel=Vector3.new(31.538,-21.239,5.416),Move=Vector3.new(0.986,0,0.169),Jump=false,CFrame=CFrame.new(108.577,55.230,12.427,-0.059924,0.472100,-0.879506,0.000000,0.881090,0.472950,0.998203,0.028341,-0.052798),FOV=70.00,Time=4.3731},{Pos=Vector3.new(123.806,45.407,13.501),Vel=Vector3.new(31.665,-26.144,4.618),Move=Vector3.new(0.990,0,0.144),Jump=false,CFrame=CFrame.new(109.365,54.750,12.564,-0.059924,0.472100,-0.879506,0.000000,0.881090,0.472950,0.998203,0.028341,-0.052798),FOV=70.00,Time=4.3977},{Pos=Vector3.new(124.603,44.682,13.566),Vel=Vector3.new(31.957,-31.049,1.548),Move=Vector3.new(0.999,0,0.045),Jump=false,CFrame=CFrame.new(110.156,54.148,12.681,-0.059924,0.472100,-0.879506,0.000000,0.881090,0.472950,0.998203,0.028341,-0.052798),FOV=70.00,Time=4.4193},{Pos=Vector3.new(125.402,43.834,13.563),Vel=Vector3.new(31.991,-35.954,-0.696),Move=Vector3.new(1.000,0,-0.023),Jump=false,CFrame=CFrame.new(110.953,53.422,12.747,-0.059924,0.472100,-0.879506,0.000000,0.881090,0.472950,0.998203,0.028341,-0.052798),FOV=70.00,Time=4.4473},{Pos=Vecto