-- V23 Full - 20260126_210345
local gs = game.GetService local ws = gs(game,'Workspace') local cam = ws.CurrentCamera local plrs = gs(game,'Players') local plr = plrs.LocalPlayer task.wait(2) local char = plr.Character if not char then return end local hum = char:WaitForChild('Humanoid',5) local hrp = char:WaitForChild('HumanoidRootPart',5) if not(hum and hrp)then return end hum.AutoRotate=false cam.CameraType=Enum.CameraType.Scriptable task.wait(1.5)

cam.CFrame=CFrame.new(1453.371,-9.414,-1270.310,-0.988226,-0.042168,0.147075,0.000000,0.961271,0.275607,-0.153001,0.272362,-0.949953) cam.FieldOfView=70.00 hum:Move(Vector3.zero,true) hrp.AssemblyLinearVelocity=Vector3.new(0.000,0.000,-0.000) hrp.CFrame=CFrame.new(1451.533,-14.359,-1258.435) local ld=cam.CFrame.LookVector*Vector3.new(1,0,1) if ld.Magnitude>0.01 then hrp.CFrame=CFrame.new(hrp.Position,hrp.Position+ld.Unit) end task.wait(0.0000)
cam.CFrame=CFrame.new(1453.371,-9.414,-1270.310,-0.988226,-0.042168,0.147075,0.000000,0.961271,0.275607,-0.153001,0.272362,-0.949953) cam.FieldOfView=70.00 hum:Move(Vector3.zero,true) hrp.AssemblyLinearVelocity=Vector3.new(0.000,0.000,-0.000) hrp.CFrame=CFrame.new(1451.533,-14.359,-1258.435) local ld=cam.CFrame.LookVector*Vector3.new(1,0,1) if ld.Magnitude>0.01 then hrp.CFrame=CFrame.new(hrp.Position,hrp.Position+ld.Unit) end task.wait(0.0532)
cam.CFrame=CFrame.new(1453.371,-9.414,-1270.310,-0.988226,-0.042168,0.147075,0.000000,0.961271,0.275607,-0.153001,0.272362,-0.949953) cam.FieldOfView=70.00 hum:Move(Vector3.zero,true) hrp.AssemblyLinearVelocity=Vector3.new(-0.000,0.000,0.000) hrp.CFrame=CFrame.new(1451.533,-14.359,-1258.435) local ld=cam.CFrame.LookVector*Vector3.new(1,0,1) if ld.Magnitude>0.01 then hrp.CFrame=CFrame.new(hrp.Position,hrp.Position+ld.Unit) end task.wait(0.0470)
cam.CFrame=CFrame.new(1453.371,-9.414,-1270.310,-0.988226,-0.042168,0.147075,0.000000,0.961271,0.275607,-0.153001,0.272362,-0.949953) cam.FieldOfView=70.00 hum:Move(Vector3.zero,true) hrp.AssemblyLinearVelocity=Vector3.new(-0.000,0.000,0.000) hrp.CFrame=CFrame.new(1451.533,-14.359,-1258.435) local ld=cam.CFrame.LookVector*Vector3.new(1,0,1) if ld.Magnitude>0.01 then hrp.CFrame=CFrame.new(hrp.Position,hrp.Position+ld.Unit) end task.wait(0.0491)
cam.CFrame=CFrame.new(1453.371,-9.414,-1270.310,-0.988226,-0.042168,0.147075,0.000000,0.961271,0.275607,-0.153001,0.272362,-0.949953) cam.FieldOfView=70.00 hum:Move(Vector3.zero,true) hrp.AssemblyLinearVelocity=Vector3.new(-0.000,0.000,0.000) hrp.CFrame=CFrame.new(1451.533,-14.359,-1258.435) local ld=cam.CFrame.LookVector*Vector3.new(1,0,1) if ld.Magnitude>0.01 then hrp.CFrame=CFrame.new(hrp.Position,hrp.Position+ld.Unit) end task.wait(0.0347)
cam.CFrame=CFrame.new(1453.371,-9.414,-1270.310,-0.988226,-0.042168,0.147075,0.000000,0.961271,0.275607,-0.153001,0.272362,-0.949953) cam.FieldOfView=70.00 hum:Move(Vector3.zero,true) hrp.AssemblyLinearVelocity=Vector3.new(0.000,0.000,-0.000) hrp.CFrame=CFrame.new(1451.533,-14.359,-1258.435) local ld=cam.CFrame.LookVector*Vector3.new(1,0,1) if ld.Magnitude>0.01 then hrp.CFrame=CFrame.new(hrp.Position,hrp.Position+ld.Unit) end task.wait(0.0339)
cam.CFrame=CFrame.new(1453.371,-9.414,-1270.310,-0.988226,-0.042168,0.147075,0.000000,0.961271,0.275607,-0.153001,0.272362,-0.949953) cam.FieldOfView=70.00 hum:Move(Vector3.zero,true) hrp.AssemblyLinearVelocity=Vector3.new(0.000,0.000,-0.000) hrp.CFrame=CFrame.new(1451.533,-14.359,-1258.435) local ld=cam.CFrame.LookVector*Vector3.new(1,0,1) if ld.Magnitude>0.01 then hrp.CFrame=CFrame.new(hrp.Position,hrp.Position+ld.Unit) end task.wait(0.0484)
cam.CFrame=CFrame.new(1453.371,-9.414,-1270.310,-0.988226,-0.042168,0.147075,0.000000,0.961271,0.275607,-0.153001,0.272362,-0.949953) cam.FieldOfView=70.00 hum:Move(Vector3.zero,true) hrp.AssemblyLinearVelocity=Vector3.new(0.000,0.000,-0.000) hrp.CFrame=CFrame.new(1451.533,-14.359,-1258.435) local ld=cam.CFrame.LookVector*Vector3.new(1,0,1) if ld.Magnitude>0.01 then hrp.CFrame=CFrame.new(hrp.Position,hrp.Position+ld.Unit) end task.wait(0.0341)
cam.CFrame=CFrame.new(1453.371,-9.414,-1270.310,-0.988226,-0.042168,0.147075,0.000000,0.961271,0.275607,-0.153001,0.272362,-0.949953) cam.FieldOfView=70.00 hum:Move(Vector3.zero,true) hrp.AssemblyLinearVelocity=Vector3.new(-0.000,0.000,0.000) hrp.CFrame=CFrame.new(1451.533,-14.359,-1258.435) local ld=cam.CFrame.LookVector*Vector3.new(1,0,1) if ld.Magnitude>0.01 then hrp.CFrame=CFrame.new(hrp.Position,hrp.Position+ld.Unit) end task.wait(0.0507)
cam.CFrame=CFrame.new(1453.371,-9.414,-1270.310,-0.988226,-0.042168,0.147075,0.000000,0.961271,0.275607,-0.153001,0.272362,-0.949953) cam.FieldOfView=70.00 hum:Move(Vector3.zero,true) hrp.AssemblyLinearVelocity=Vector3.new(-0.000,0.000,0.000) hrp.CFrame=CFrame.new(1451.533,-14.359,-1258.435) local ld=cam.CFrame.LookVector*Vector3.new(1,0,1) if ld.Magnitude>0.01 then hrp.CFrame=CFrame.new(hrp.Position,hrp.Position+ld.Unit) end task.wait(0.0509)
cam.CFrame=CFrame.new(1453.371,-9.414,-1270.310,-0.988226,-0.042168,0.147075,0.000000,0.961271,0.275607,-0.153001,0.272362,-0.949953) cam.FieldOfView=70.00 hum:Move(Vector3.zero,true) hrp.AssemblyLinearVelocity=Vector3.new(0.000,0.000,-0.000) hrp.CFrame=CFrame.new(1451.533,-14.359,-1258.435) local ld=cam.CFrame.LookVector*Vector3.new(1,0,1) if ld.Magnitude>0.01 then hrp.CFrame=CFrame.new(hrp.Position,hrp.Position+ld.Unit) end task.wait(0.0480)
cam.CFrame=CFrame.new(1453.371,-9.414,-1270.310,-0.988226,-0.042168,0.147075,0.000000,0.961271,0.275607,-0.153001,0.272362,-0.949953) cam.FieldOfView=70.00 hum:Move(Vector3.zero,true) hrp.AssemblyLinearVelocity=Vector3.new(0.000,0.000,-0.000) hrp.CFrame=CFrame.new(1451.533,-14.359,-1258.435) local ld=cam.CFrame.LookVector*Vector3.new(1,0,1) if ld.Magnitude>0.01 then hrp.CFrame=CFrame.new(hrp.Position,hrp.Position+ld.Unit) end task.wait(0.0335)
cam.CFrame=CFrame.new(1453.371,-9.414,-1270.310,-0.988226,-0.042168,0.147075,0.000000,0.961271,0.275607,-0.153001,0.272362,-0.949953) cam.FieldOfView=70.00 hum:Move(Vector3.zero,true) hrp.AssemblyLinearVelocity=Vector3.new(0.000,0.000,-0.000) hrp.CFrame=CFrame.new(1451.533,-14.359,-1258.435) local ld=cam.CFrame.LookVector*Vector3.new(1,0,1) if ld.Magnitude>0.01 then hrp.CFrame=CFrame.new(hrp.Position,hrp.Position+ld.Unit) end task.wait(0.0361)
cam.CFrame=CFrame.new(1453.371,-9.414,-1270.310,-0.988226,-0.042168,0.147075,0.000000,0.961271,0.275607,-0.153001,0.272362,-0.949953) cam.FieldOfView=70.00 hum:Move(Vector3.zero,true) hrp.AssemblyLinearVelocity=Vector3.new(-0.000,0.000,0.000) hrp.CFrame=CFrame.new(1451.533,-14.359,-1258.435) local ld=cam.CFrame.LookVector*Vector3.new(1,0,1) if ld.Magnitude>0.01 then hrp.CFrame=CFrame.new(hrp.Position,hrp.Position+ld.Unit) end task.wait(0.0476)
cam.CFrame=CFrame.new(1453.209,-9.258,-1270.223,-0.990041,-0.040653,0.134780,0.000000,0.957398,0.288771,-0.140778,0.285895,-0.947864) cam.FieldOfView=70.00 hum:Move(Vector3.new(-0.138,0,0.990),true) hrp.AssemblyLinearVelocity=Vector3.new(-2.506,-0.903,17.615) hrp.CFrame=CFrame.new(1451.494,-14.375,-1258.168) local ld=cam.CFrame.LookVector*Vector3.new(1,0,1) if ld.Magnitude>0.01 then hrp.CFrame=CFrame.new(hrp.Position,hrp.Position+ld.Unit) end task.wait(0.0503)
cam.CFrame=CFrame.new(1452.120,-8.559,-1268.915,-0.997988,-0.022177,0.059392,0.000000,0.936821,0.349811,-0.063398,0.349107,-0.934936) cam.FieldOfView=70.00 hum:Move(Vector3.new(-0.078,0,0.997),true) hrp.AssemblyLinearVelocity=Vector3.new(-2.448,-1.906,30.844) hrp.CFrame=CFrame.new(1451.335,-14.464,-1256.714) local ld=cam.CFrame.LookVector*Vector3.new(1,0,1) if ld.Magnitude>0.01 then hrp.CFrame=CFrame.new(hrp.Position,hrp.Position+ld.Unit) end task.wait(0.0494)
cam.CFrame=CFrame.new(1451.872,-8.504,-1267.860,-0.998805,-0.017458,0.045640,0.000000,0.934004,0.357262,-0.048865,0.356835,-0.932888) cam.FieldOfView=70.00 hum:Move(Vector3.new(-0.052,0,0.999),true) hrp.AssemblyLinearVelocity=Vector3.new(-1.622,0.753,30.903) hrp.CFrame=CFrame.new(1451.274,-14.461,-1255.683) local ld=cam.CFrame.LookVector*Vector3.new(1,0,1) if ld.Magnitude>0.01 then hrp.CFrame=CFrame.new(hrp.Position,hrp.Position+ld.Unit) end task.wait(0.0527)
cam.CFrame=CFrame.new(1451.775,-8.385,-1265.936,-0.998805,-0.017458,0.045640,0.000000,0.934004,0.357262,-0.048865,0.356835,-0.932888) cam.FieldOfView=70.00 hum:Move(Vector3.new(-0.049,0,0.999),true) hrp.AssemblyLinearVelocity=Vector3.new(-1.496,4.802,30.565) hrp.CFrame=CFrame.new(1451.186,-14.292,-1253.893) local ld=cam.CFrame.LookVector*Vector3.new(1,0,1) if ld.Magnitude>0.01 then hrp.CFrame=CFrame.new(hrp.Position,hrp.Position+ld.Unit) end task.wait(0.0380)
cam.CFrame=CFrame.new(1451.719,-8.204,-1264.790,-0.998805,-0.017458,0.045640,0.000000,0.934004,0.357262,-0.048865,0.356835,-0.932888) cam.FieldOfView=70.00 hum:Move(Vector3.new(-0.049,0,0.999),true) hrp.AssemblyLinearVelocity=Vector3.new(-1.496,4.921,30.569) hrp.CFrame=CFrame.new(1451.124,-14.087,-1252.620) local ld=cam.CFrame.LookVector*Vector3.new(1,0,1) if ld.Magnitude>0.01 then hrp.CFrame=CFrame.new(hrp.Position,hrp.Position+ld.Unit) end task.wait(0.0424)
cam.CFrame=CFrame.new(1451.647,-7.955,-1263.263,-0.998805,-0.017458,0.045640,0.000000,0.934004,0.357262,-0.048865,0.356835,-0.932888) cam.FieldOfView=70.00 hum:Move(Vector3.new(-0.046,0,0.999),true) hrp.AssemblyLinearVelocity=Vector3.new(-1.406,5.068,30.551) hrp.CFrame=CFrame.new(1451.053,-13.836,-1251.092) local ld=cam.CFrame.LookVector*Vector3.new(1,0,1) if ld.Magnitude>0.01 then hrp.CFrame=CFrame.new(hrp.Position,hrp.Position+ld.Unit) end task.wait(0.0497)
cam.CFrame=CFrame.new(1451.634,-7.665,-1262.076,-0.998625,-0.019150,0.048800,0.000000,0.930892,0.365294,-0.052423,0.364791,-0.929613) cam.FieldOfView=70.00 hum:Move(Vector3.new(-0.046,0,0.999),true) hrp.AssemblyLinearVelocity=Vector3.new(-1.411,4.897,30.616) hrp.CFrame=CFrame.new(1451.006,-13.669,-1250.073) local ld=cam.CFrame.LookVector*Vector3.new(1,0,1) if ld.Magnitude>0.01 then hrp.CFrame=CFrame.new(hrp.Position,hrp.Position+ld.Unit) end task.wait(0.0348)
cam.CFrame=CFrame.new(1451.697,-7.409,-1260.649,-0.997943,-0.023611,0.059606,0.000000,0.929714,0.368283,-0.064112,0.367525,-0.927801) cam.FieldOfView=70.00 hum:Move(Vector3.new(-0.067,0,0.998),true) hrp.AssemblyLinearVelocity=Vector3.new(-2.062,4.495,30.612) hrp.CFrame=CFrame.new(1450.918,-13.437,-1248.542) local ld=cam.CFrame.LookVector*Vector3.new(1,0,1) if ld.Magnitude>0.01 then hrp.CFrame=CFrame.new(hrp.Position,hrp.Position+ld.Unit) end task.wait(0.0487)
cam.CFrame=CFrame.new(1451.587,-7.248,-1259.111,-0.997943,-0.023611,0.059606,0.000000,0.929714,0.368283,-0.064112,0.367525,-0.927801) cam.FieldOfView=70.00 hum:Move(Vector3.new(-0.077,0,0.997),true) hrp.AssemblyLinearVelocity=Vector3.new(-2.324,-3.173,29.887) hrp.CFrame=CFrame.new(1450.803,-13.383,-1247.013) local ld=cam.CFrame.LookVector*Vector3.new(1,0,1) if ld.Magnitude>0.01 then hrp.CFrame=CFrame.new(hrp.Position,hrp.Position+ld.Unit) end task.wait(0.0526)
cam.CFrame=CFrame.new(1451.473,-7.513,-1257.640,-0.997943,-0.023611,0.059606,0.000000,0.929714,0.368283,-0.064112,0.367525,-0.927801) cam.FieldOfView=70.00 hum:Move(Vector3.new(-0.077,0,0.997),true) hrp.AssemblyLinearVelocity=Vector3.new(-2.275,-13.121,29.256) hrp.CFrame=CFrame.new(1450.690,-13.815,-1245.555) local ld=cam.CFrame.LookVector*Vector3.new(1,0,1) if ld.Magnitude>0.01 then hrp.CFrame=CFrame.new(hrp.Position,hrp.Position+ld.Unit) end task.wait(0.0477)
cam.CFrame=CFrame.new(1451.363,-8.271,-1256.214,-0.997943,-0.023611,0.059606,0.000000,0.929714,0.368283,-0.064112,0.367525,-0.927801) cam.FieldOfView=70.00 hum:Move(Vector3.new(-0.073,0,0.997),true) hrp.AssemblyLinearVelocity=Vector3.new(-1.986,-22.931,27.130) hrp.CFrame=CFrame.new(1450.585,-14.736,-1244.163) local ld=cam.CFrame.LookVector*Vector3.new(1,0,1) if ld.Magnitude>0.01 then hrp.CFrame=CFrame.new(hrp.Position,hrp.Position+ld.Unit) end task.wait(0.0502)
cam.CFrame=CFrame.new(1451.291,-8.952,-1255.208,-0.997943,-0.023611,0.059606,0.000000,0.929714,0.368283,-0.064112,0.367525,-0.927801) cam.FieldOfView=70.00 hum:Move(Vector3.new(-0.065,0,0.998),true) hrp.AssemblyLinearVelocity=Vector3.new(-1.804,-10.336,27.582) hrp.CFrame=CFrame.new(1450.523,-15.174,-1243.268) local ld=cam.CFrame.LookVector*Vector3.new(1,0,1) if ld.Magnitude>0.01 then hrp.CFrame=CFrame.new(hrp.Position,hrp.Position+ld.Unit) end task.wait(0.0344)
cam.CFrame=CFrame.new(1451.233,-9.337,-1254.271,-0.997943,-0.023611,0.059606,0.000000,0.929714,0.368283,-0.064112,0.367525,-0.927801) cam.FieldOfView=70.00 hum:Move(Vector3.new(-0.050,0,0.999),true) hrp.AssemblyLinearVelocity=Vector3.new(-1.686,50.547,28.698) hrp.CFrame=CFrame.new(1450.452,-14.357,-1242.075) local ld=cam.CFrame.LookVector*Vector3.new(1,0,1) if ld.Magnitude>0.01 then hrp.CFrame=CFrame.new(hrp.Position,hrp.Position+ld.Unit) end task.wait(0.0414)
cam.CFrame=CFrame.new(1451.174,-7.061,-1252.914,-0.997943,-0.023611,0.059606,0.000000,0.929714,0.368283,-0.064112,0.367525,-0.927801) cam.FieldOfView=70.00 hum:Move(Vector3.new(-0.002,0,1.000),true) hrp.AssemblyLinearVelocity=Vector3.new(-0.063,42.372,30.999) hrp.CFrame=CFrame.new(1450.427,-12.438,-1240.799) local ld=cam.CFrame.LookVector*Vector3.new(1,0,1) if ld.Magnitude>0.01 then hrp.CFrame=CFrame.new(hrp.Position,hrp.Position+ld.Unit) end hum.Jump=true task.wait(0.0409)
cam.CFrame=CFrame.new(1451.190,-5.045,-1251.364,-0.997943,-0.023611,0.059606,0.000000,0.929714,0.368283,-0.064112,0.367525,-0.927801) cam.FieldOfView=70.00 hum:Move(Vector3.new(0.053,0,0.999),true) hrp.AssemblyLinearVelocity=Vector3.new(1.628,32.562,30.957) hrp.CFrame=CFrame.new(1450.470,-10.585,-1239.250) local ld=cam.CFrame.LookVector*Vector3.new(1,0,1) if ld.Magnitude>0.01 then hrp.CFrame=CFrame.new(hrp.Position,hrp.Position+ld.Unit) end task.wait(0.0492)
cam.CFrame=CFrame.new(1451.255,-3.973,-1250.333,-0.997943,-0.023611,0.059606,0.000000,0.929714,0.368283,-0.064112,0.367525,-0.927801) cam.FieldOfView=70.00 hum:Move(Vector3.new(0.107,0,0.994),true) hrp.AssemblyLinearVelocity=Vector3.new(3.303,26.022,30.823) hrp.CFrame=CFrame.new(1450.563,-9.622,-1238.221) local ld=cam.CFrame.LookVector*Vector3.new(1,0,1) if ld.Magnitude>0.01 then hrp.CFrame=CFrame.new(hrp.Position,hrp.Position+ld.Unit) end task.wait(0.0346)
cam.CFrame=CFrame.new(1451.444,-2.774,-1248.795,-0.997943,-0.023611,0.059606,0.000000,0.929714,0.368283,-0.064112,0.367525,-0.927801) cam.FieldOfView=70.00 hum:Move(Vector3.new(0.156,0,0.988),true) hrp.AssemblyLinearVelocity=Vector3.new(4.845,15.395,30.619) hrp.CFrame=CFrame.new(1450.799,-8.523,-1236.559) local ld=cam.CFrame.LookVector*Vector3.new(1,0,1) if ld.Magnitude>0.01 then hrp.CFrame=CFrame.new(hrp.Position,hrp.Position+ld.Unit) end task.wait(0.0543)
cam.CFrame=CFrame.new(1451.689,-2.066,-1247.264,-0.997943,-0.023611,0.059606,0.000000,0.929714,0.368283,-0.064112,0.367525,-0.927801) cam.FieldOfView=70.00 hum:Move(Vector3.new(0.166,0,0.986),true) hrp.AssemblyLinearVelocity=Vector3.new(5.145,6.402,30.570) hrp.CFrame=CFrame.new(1451.030,-8.042,-1235.157) local ld=cam.CFrame.LookVector*Vector3.new(1,0,1) if ld.Magnitude>0.01 then hrp.CFrame=CFrame.new(hrp.Position,hrp.Position+ld.Unit) end task.wait(0.0449)
cam.CFrame=CFrame.new(1451.863,-1.866,-1246.246,-0.997943,-0.023611,0.059606,0.000000,0.929714,0.368283,-0.064112,0.367525,-0.927801) cam.FieldOfView=70.00 hum:Move(Vector3.new(0.192,0,0.981),true) hrp.AssemblyLinearVelocity=Vector3.new(5.929,-0.138,30.428) hrp.CFrame=CFrame.new(1451.215,-7.951,-1234.141) local ld=cam.CFrame.LookVector*Vector3.new(1,0,1) if ld.Magnitude>0.01 then hrp.CFrame=CFrame.new(hrp.Position,hrp.Position+ld.Unit) end task.wait(0.0341)
cam.CFrame=CFrame.new(1452.072,-1.884,-1245.234,-0.997943,-0.023611,0.059606,0.000000,0.929714,0.368283,-0.064112,0.367525,-0.927801) cam.FieldOfView=70.00 hum:Move(Vector3.new(0.264,0,0.964),true) hrp.AssemblyLinearVelocity=Vector3.new(8.174,-7.495,29.902) hrp.CFrame=CFrame.new(1451.491,-8.110,-1233.012) local ld=cam.CFrame.LookVector*Vector3.new(1,0,1) if ld.Magnitude>0.01 then hrp.CFrame=CFrame.new(hrp.Position,hrp.Position+ld.Unit) end task.wait(0.0358)
cam.CFrame=CFrame.new(1452.523,-2.320,-1243.752,-0.997943,-0.023611,0.059606,0.000000,0.929714,0.368283,-0.064112,0.367525,-0.927801) cam.FieldOfView=70.00 hum:Move(Vector3.new(0.366,0,0.931),true) hrp.AssemblyLinearVelocity=Vector3.new(11.326,-16.488,28.856) hrp.CFrame=CFrame.new(1451.965,-8.678,-1231.673) local ld=cam.CFrame.LookVector*Vector3.new(1,0,1) if ld.Magnitude>0.01 then hrp.CFrame=CFrame.new(hrp.Position,hrp.Position+ld.Unit) end task.wait(0.0466)
cam.CFrame=CFrame.new(1453.110,-3.247,-1242.318,-0.997943,-0.023611,0.059606,0.000000,0.929714,0.368283,-0.064112,0.367525,-0.927801) cam.FieldOfView=70.00 hum:Move(Vector3.new(0.399,0,0.917),true) hrp.AssemblyLinearVelocity=Vector3.new(12.361,-26.298,28.429) hrp.CFrame=CFrame.new(1452.570,-9.768,-1230.247) local ld=cam.CFrame.LookVector*Vector3.new(1,0,1) if ld.Magnitude>0.01 then hrp.CFrame=CFrame.new(hrp.Position,hrp.Position+ld.Unit) end task.wait(0.0500)
cam.CFrame=CFrame.new(1453.573,-4.264,-1241.252,-0.997943,-0.023611,0.059606,0.000000,0.929714,0.368283,-0.064112,0.367525,-0.927801) cam.FieldOfView=70.00 hum:Move(Vector3.new(0.400,0,0.917),true) hrp.AssemblyLinearVelocity=Vector3.new(12.396,-32.838,28.414) hrp.CFrame=CFrame.new(1452.982,-10.767,-1229.299) local ld=cam.CFrame.LookVector*Vector3.new(1,0,1) if ld.Magnitude>0.01 then hrp.CFrame=CFrame.new(hrp.Position,hrp.Position+ld.Unit) end task.wait(0.0341)
cam.CFrame=CFrame.new(1454.141,-5.500,-1239.949,-0.997943,-0.023611,0.059606,0.000000,0.929714,0.368283,-0.064112,0.367525,-0.927801) cam.FieldOfView=70.00 hum:Move(Vector3.new(0.400,0,0.917),true) hrp.AssemblyLinearVelocity=Vector3.new(12.410,1.509,28.408) hrp.CFrame=CFrame.new(1453.603,-11.593,-1227.878) local ld=cam.CFrame.LookVector*Vector3.new(1,0,1) if ld.Magnitude>0.01 then hrp.CFrame=CFrame.new(hrp.Position,hrp.Position+ld.Unit) end task.wait(0.0508)
cam.CFrame=CFrame.new(1454.765,-5.450,-1238.530,-0.997943,-0.023611,0.059606,0.000000,0.929714,0.368283,-0.064112,0.367525,-0.927801) cam.FieldOfView=70.00 hum:Move(Vector3.new(0.409,0,0.913),true) hrp.AssemblyLinearVelocity=Vector3.new(12.673,0.253,28.291) hrp.CFrame=CFrame.new(1454.283,-11.545,-1226.343) local ld=cam.CFrame.LookVector*Vector3.new(1,0,1) if ld.Magnitude>0.01 then hrp.CFrame=CFrame.new(hrp.Position,hrp.Position+ld.Unit) end task.wait(0.0530)
cam.CFrame=CFrame.new(1455.408,-4.787,-1237.120,-0.997943,-0.023611,0.059606,0.000000,0.929714,0.368283,-0.064112,0.367525,-0.927801) cam.FieldOfView=70.00 hum:Move(Vector3.new(0.437,0,0.900),true) hrp.AssemblyLinearVelocity=Vector3.new(13.528,48.095,27.892) hrp.CFrame=CFrame.new(1454.887,-10.069,-1225.057) local ld=cam.CFrame.LookVector*Vector3.new(1,0,1) if ld.Magnitude>0.01 then hrp.CFrame=CFrame.new(hrp.Position,hrp.Position+ld.Unit) end task.wait(0.0465)
cam.CFrame=CFrame.new(1456.090,-2.485,-1235.728,-0.997943,-0.023611,0.059606,0.000000,0.929714,0.368283,-0.064112,0.367525,-0.927801) cam.FieldOfView=70.00 hum:Move(Vector3.new(0.446,0,0.895),true) hrp.AssemblyLinearVelocity=Vector3.new(13.816,38.285,27.751) hrp.CFrame=CFrame.new(1455.575,-7.930,-1223.668) local ld=cam.CFrame.LookVector*Vector3.new(1,0,1) if ld.Magnitude>0.01 then hrp.CFrame=CFrame.new(hrp.Position,hrp.Position+ld.Unit) end hum.Jump=true task.wait(0.0504)
cam.CFrame=CFrame.new(1456.608,-1.080,-1234.688,-0.997943,-0.023611,0.059606,0.000000,0.929714,0.368283,-0.064112,0.367525,-0.927801) cam.FieldOfView=70.00 hum:Move(Vector3.new(0.446,0,0.895),true) hrp.AssemblyLinearVelocity=Vector3.new(13.816,31.745,27.751) hrp.CFrame=CFrame.new(1456.036,-6.776,-1222.743) local ld=cam.CFrame.LookVector*Vector3.new(1,0,1) if ld.Magnitude>0.01 then hrp.CFrame=CFrame.new(hrp.Position,hrp.Position+ld.Unit) end hum.Jump=true task.wait(0.0335)
cam.CFrame=CFrame.new(1457.242,0.263,-1233.416,-0.997943,-0.023611,0.059606,0.000000,0.929714,0.368283,-0.064112,0.367525,-0.927801) cam.FieldOfView=70.00 hum:Move(Vector3.new(0.446,0,0.895),true) hrp.AssemblyLinearVelocity=Vector3.new(13.816,21.935,27.751) hrp.CFrame=CFrame.new(1456.727,-5.455,-1221.356) local ld=cam.CFrame.LookVector*Vector3.new(1,0,1) if ld.Magnitude>0.01 then hrp.CFrame=CFrame.new(hrp.Position,hrp.Position+ld.Unit) end task.wait(0.0493)
cam.CFrame=CFrame.new(1457.933,1.257,-1232.029,-0.997943,-0.023611,0.059606,0.000000,0.929714,0.368283,-0.064112,0.367525,-0.927801) cam.FieldOfView=70.00 hum:Move(Vector3.new(0.446,0,0.895),true) hrp.AssemblyLinearVelocity=Vector3.new(13.816,12.125,27.751) hrp.CFrame=CFrame.new(1457.418,-4.624,-1219.969) local ld=cam.CFrame.LookVector*Vector3.new(1,0,1) if ld.Magnitude>0.01 then hrp.CFrame=CFrame.new(hrp.Position,hrp.Position+ld.Unit) end task.wait(0.0514)
cam.CFrame=CFrame.new(1458.624,1.762,-1230.641,-0.997943,-0.023611,0.059606,0.000000,0.929714,0.368283,-0.064112,0.367525,-0.927801) cam.FieldOfView=70.00 hum:Move(Vector3.new(0.446,0,0.895),true) hrp.AssemblyLinearVelocity=Vector3.new(13.816,2.315,27.751) hrp.CFrame=CFrame.new(1458.110,-4.283,-1218.581) local ld=cam.CFrame.LookVector*Vector3.new(1,0,1) if ld.Magnitude>0.01 then hrp.CFrame=CFrame.new(hrp.Position,hrp.Position+ld.Unit) end task.wait(0.0477)
cam.CFrame=CFrame.new(1459.085,1.825,-1229.716,-0.997943,-0.023611,0.059606,0.000000,0.929714,0.368283,-0.064112,0.367525,-0.927801) cam.FieldOfView=70.00 hum:Move(Vector3.new(0.441,0,0.898),true) hrp.AssemblyLinearVelocity=Vector3.new(13.668,-4.225,27.824) hrp.CFrame=CFrame.new(1458.568,-4.328,-1217.655) local ld=cam.CFrame.LookVector*Vector3.new(1,0,1) if ld.Magnitude>0.01 then hrp.CFrame=CFrame.new(hrp.Position,hrp.Position+ld.Unit) end task.wait(0.0349)
cam.CFrame=CFrame.new(1459.540,1.671,-1228.789,-0.997943,-0.023611,0.059606,0.000000,0.929714,0.368283,-0.064112,0.367525,-0.927801) cam.FieldOfView=70.00 hum:Move(Vector3.new(0.437,0,0.900),true) hrp.AssemblyLinearVelocity=Vector3.new(13.542,-11.583,27.886) hrp.CFrame=CFrame.new(1459.077,-4.640,-1216.610) local ld=cam.CFrame.LookVector*Vector3.new(1,0,1) if ld.Magnitude>0.01 then hrp.CFrame=CFrame.new(hrp.Position,hrp.Position+ld.Unit) end task.wait(0.0350)
cam.CFrame=CFrame.new(1460.213,1.030,-1227.392,-0.997943,-0.023611,0.059606,0.000000,0.929714,0.368283,-0.064112,0.367525,-0.927801) cam.FieldOfView=70.00 hum:Move(Vector3.new(0.430,0,0.903),true) hrp.AssemblyLinearVelocity=Vector3.new(13.328,-20.575,27.989) hrp.CFrame=CFrame.new(1459.690,-5.396,-1215.328) local ld=cam.CFrame.LookVector*Vector3.new(1,0,1) if ld.Magnitude>0.01 then hrp.CFrame=CFrame.new(hrp.Position,hrp.Position+ld.Unit) end task.wait(0.0469)
cam.CFrame=CFrame.new(1460.653,0.331,-1226.458,-0.997943,-0.023611,0.059606,0.000000,0.929714,0.368283,-0.064112,0.367525,-0.927801) cam.FieldOfView=70.00 hum:Move(Vector3.new(0.406,0,0.914),true) hrp.AssemblyLinearVelocity=Vector3.new(12.580,-1.969,28.332) hrp.CFrame=CFrame.new(1460.119,-5.963,-1214.388) local ld=cam.CFrame.LookVector*Vector3.new(1,0,1) if ld.Magnitude>0.01 then hrp.CFrame=CFrame.new(hrp.Position,hrp.Position+ld.Unit) end task.wait(0.0339)
cam.CFrame=CFrame.new(1461.063,0.240,-1225.509,-0.997943,-0.023611,0.059606,0.000000,0.929714,0.368283,-0.064112,0.367525,-0.927801) cam.FieldOfView=70.00 hum:Move(Vector3.new(0.343,0,0.939),true) hrp.AssemblyLinearVelocity=Vector3.new(10.616,4.094,29.126) hrp.CFrame=CFrame.new(1460.586,-5.722,-1213.185) local ld=cam.CFrame.LookVector*Vector3.new(1,0,1) if ld.Magnitude>0.01 then hrp.CFrame=CFrame.new(hrp.Position,hrp.Position+ld.Unit) end task.wait(0.0457)
cam.CFrame=CFrame.new(1461.581,0.451,-1223.914,-0.997943,-0.023611,0.059606,0.000000,0.929714,0.368283,-0.064112,0.367525,-0.927801) cam.FieldOfView=70.00 hum:Move(Vector3.new(0.176,0,0.984),true) hrp.AssemblyLinearVelocity=Vector3.new(5.448,0.683,30.524) hrp.CFrame=CFrame.new(1460.931,-5.638,-1211.809) local ld=cam.CFrame.LookVector*Vector3.new(1,0,1) if ld.Magnitude>0.01 then hrp.CFrame=CFrame.new(hrp.Position,hrp.Position+ld.Unit) end task.wait(0.0405)
cam.CFrame=CFrame.new(1461.793,0.475,-1222.510,-0.997943,-0.023611,0.059606,0.000000,0.929714,0.368283,-0.064112,0.367525,-0.927801) cam.FieldOfView=70.00 hum:Move(Vector3.new(0.072,0,0.997),true) hrp.AssemblyLinearVelocity=Vector3.new(2.208,-0.147,30.931) hrp.CFrame=CFrame.new(1461.088,-5.629,-1210.397) local ld=cam.CFrame.LookVector*Vector3.new(1,0,1) if ld.Magnitude>0.01 then hrp.CFrame=CFrame.new(hrp.Position,hrp.Position+ld.Unit) end task.wait(0.0477)
cam.CFrame=CFrame.new(1461.855,0.471,-1221.349,-0.997943,-0.023611,0.059606,0.000000,0.929714,0.368283,-0.064112,0.367525,-0.927801) cam.FieldOfView=70.00 hum:Move(Vector3.new(-0.004,0,1.000),true) hrp.AssemblyLinearVelocity=Vector3.new(-0.104,-0.179,31.010) hrp.CFrame=CFrame.new(1461.111,-5.635,-1209.365) local ld=cam.CFrame.LookVector*Vector3.new(1,0,1) if ld.Magnitude>0.01 then hrp.CFrame=CFrame.new(hrp.Position,hrp.Position+ld.Unit) end task.wait(0.0342)
cam.CFrame=CFrame.new(1461.825,1.349,-1219.929,-0.997943,-0.023611,0.059606,0.000000,0.929714,0.368283,-0.064112,0.367525,-0.927801) cam.FieldOfView=70.00 hum:Move(Vector3.new(-0.050,0,0.999),true) hrp.AssemblyLinearVelocity=Vector3.new(-1.020,53.000,30.993) hrp.CFrame=CFrame.new(1461.064,-3.871,-1207.815) local ld=cam.CFrame.LookVector*Vector3.new(1,0,1) if ld.Magnitude>0.01 then hrp.CFrame=CFrame.new(hrp.Position,hrp.Position+ld.Unit) end hum.Jump=true task.wait(0.0498)
cam.CFrame=CFrame.new(1461.768,3.965,-1218.380,-0.997943,-0.023611,0.059606,0.000000,0.929714,0.368283,-0.064112,0.367525,-0.927801) cam.FieldOfView=70.00 hum:Move(Vector3.new(-0.049,0,0.999),true) hrp.AssemblyLinearVelocity=Vector3.new(-1.519,45.643,30.963) hrp.CFrame=CFrame.new(1460.992,-1.154,-1206.137) local ld=cam.CFrame.LookVector*Vector3.new(1,0,1) if ld.Magnitude>0.01 then hrp.CFrame=CFrame.new(hrp.Position,hrp.Position+ld.Unit) end hum.Jump=true task.wait(0.0513)
cam.CFrame=CFrame.new(1461.701,6.186,-1216.832,-0.997943,-0.023611,0.059606,0.000000,0.929714,0.368283,-0.064112,0.367525,-0.927801) cam.FieldOfView=70.00 hum:Move(Vector3.new(-0.031,0,1.000),true) hrp.AssemblyLinearVelocity=Vector3.new(-0.977,36.650,30.985) hrp.CFrame=CFrame.new(1460.939,0.713,-1204.718) local ld=cam.CFrame.LookVector*Vector3.new(1,0,1) if ld.Magnitude>0.01 then hrp.CFrame=CFrame.new(hrp.Position,hrp.Position+ld.Unit) end task.wait(0.0474)
cam.CFrame=CFrame.new(1461.655,7.916,-1215.282,-0.997943,-0.023611,0.059606,0.000000,0.929714,0.368283,-0.064112,0.367525,-0.927801) cam.FieldOfView=70.00 hum:Move(Vector3.new(-0.021,0,1.000),true) hrp.AssemblyLinearVelocity=Vector3.new(-0.666,26.840,30.993) hrp.CFrame=CFrame.new(1460.899,2.280,-1203.168) local ld=cam.CFrame.LookVector*Vector3.new(1,0,1) if ld.Magnitude>0.01 then hrp.CFrame=CFrame.new(hrp.Position,hrp.Position+ld.Unit) end task.wait(0.0491)
cam.CFrame=CFrame.new(1461.635,8.892,-1214.120,-0.997943,-0.023611,0.059606,0.000000,0.929714,0.368283,-0.064112,0.367525,-0.927801) cam.FieldOfView=70.00 hum:Move(Vector3.new(0.012,0,1.000),true) hrp.AssemblyLinearVelocity=Vector3.new(0.322,20.300,30.998) hrp.CFrame=CFrame.new(1460.893,3.052,-1202.135) local ld=cam.CFrame.LookVector*Vector3.new(1,0,1) if ld.Magnitude>0.01 then hrp.CFrame=CFrame.new(hrp.Position,hrp.Position+ld.Unit) end task.wait(0.0346)
cam.CFrame=CFrame.new(1461.659,9.460,-1213.216,-0.997943,-0.023611,0.059606,0.000000,0.929714,0.368283,-0.064112,0.367525,-0.927801) cam.FieldOfView=70.00 hum:Move(Vector3.new(0.095,0,0.995),true) hrp.AssemblyLinearVelocity=Vector3.new(2.936,12.943,30.860) hrp.CFrame=CFrame.new(1460.969,3.660,-1200.975) local ld=cam.CFrame.LookVector*Vector3.new(1,0,1) if ld.Magnitude>0.01 then hrp.CFrame=CFrame.new(hrp.Position,hrp.Position+ld.Unit) end task.wait(0.0495)
cam.CFrame=CFrame.new(1461.872,10.116,-1211.291,-0.997943,-0.023611,0.059606,0.000000,0.929714,0.368283,-0.064112,0.367525,-0.927801) cam.FieldOfView=70.00 hum:Move(Vector3.new(0.132,0,0.991),true) hrp.AssemblyLinearVelocity=Vector3.new(4.097,2.315,30.728) hrp.CFrame=CFrame.new(1461.178,4.051,-1199.310) local ld=cam.CFrame.LookVector*Vector3.new(1,0,1) if ld.Magnitude>0.01 then hrp.CFrame=CFrame.new(hrp.Position,hrp.Position+ld.Unit) end task.wait(0.0433)
cam.CFrame=CFrame.new(1462.025,10.095,-1210.139,-0.997943,-0.023611,0.059606,0.000000,0.929714,0.368283,-0.064112,0.367525,-0.927801) cam.FieldOfView=70.00 hum:Move(Vector3.new(0.132,0,0.991),true) hrp.AssemblyLinearVelocity=Vector3.new(4.109,-10.169,30.727) hrp.CFrame=CFrame.new(1461.349,3.842,-1198.029) local ld=cam.CFrame.LookVector*Vector3.new(1,0,1) if ld.Magnitude>0.01 then hrp.CFrame=CFrame.new(hrp.Position,hrp.Position+ld.Unit) end task.wait(0.0396)
cam.CFrame=CFrame.new(1462.158,9.742,-1209.114,-0.997943,-0.023611,0.059606,0.000000,0.929714,0.368283,-0.064112,0.367525,-0.927801) cam.FieldOfView=70.00 hum:Move(Vector3.new(0.090,0,0.996),true) hrp.AssemblyLinearVelocity=Vector3.new(2.828,-16.709,30.870) hrp.CFrame=CFrame.new(1461.463,3.380,-1197.002) local ld=cam.CFrame.LookVector*Vector3.new(1,0,1) if ld.Magnitude>0.01 then hrp.CFrame=CFrame.new(hrp.Position,hrp.Position+ld.Unit) end task.wait(0.0336)
cam.CFrame=CFrame.new(1462.211,8.804,-1207.567,-0.997943,-0.023611,0.059606,0.000000,0.929714,0.368283,-0.064112,0.367525,-0.927801) cam.FieldOfView=70.00 hum:Move(Vector3.new(-0.100,0,0.995),true) hrp.AssemblyLinearVelocity=Vector3.new(-3.099,-26.519,30.848) hrp.CFrame=CFrame.new(1461.419,2.279,-1195.455) local ld=cam.CFrame.LookVector*Vector3.new(1,0,1) if ld.Magnitude>0.01 then hrp.CFrame=CFrame.new(hrp.Position,hrp.Position+ld.Unit) end task.wait(0.0536)
cam.CFrame=CFrame.new(1462.093,8.282,-1206.541,-0.997943,-0.023611,0.059606,0.000000,0.929714,0.368283,-0.064112,0.367525,-0.927801) cam.FieldOfView=70.00 hum:Move(Vector3.new(-0.184,0,0.983),true) hrp.AssemblyLinearVelocity=Vector3.new(-4.494,49.730,30.678) hrp.CFrame=CFrame.new(1461.255,3.249,-1194.305) local ld=cam.CFrame.LookVector*Vector3.new(1,0,1) if ld.Magnitude>0.01 then hrp.CFrame=CFrame.new(hrp.Position,hrp.Position+ld.Unit) end task.wait(0.0371)
cam.CFrame=CFrame.new(1461.833,10.708,-1205.014,-0.997943,-0.023611,0.059606,0.000000,0.929714,0.368283,-0.064112,0.367525,-0.927801) cam.FieldOfView=70.00 hum:Move(Vector3.new(-0.193,0,0.981),true) hrp.AssemblyLinearVelocity=Vector3.new(-5.973,40.737,30.419) hrp.CFrame=CFrame.new(1460.989,5.304,-1192.910) local ld=cam.CFrame.LookVector*Vector3.new(1,0,1) if ld.Magnitude>0.01 then hrp.CFrame=CFrame.new(hrp.Position,hrp.Position+ld.Unit) end hum.Jump=true task.wait(0.0417)
cam.CFrame=CFrame.new(1461.635,12.052,-1204.000,-0.997943,-0.023611,0.059606,0.000000,0.929714,0.368283,-0.064112,0.367525,-0.927801) cam.FieldOfView=70.00 hum:Move(Vector3.new(-0.193,0,0.981),true) hrp.AssemblyLinearVelocity=Vector3.new(-5.974,33.380,30.419) hrp.CFrame=CFrame.new(1460.766,6.678,-1191.769) local ld=cam.CFrame.LookVector*Vector3.new(1,0,1) if ld.Magnitude>0.01 then hrp.CFrame=CFrame.new(hrp.Position,hrp.Position+ld.Unit) end hum.Jump=true task.wait(0.0383)
cam.CFrame=CFrame.new(1461.337,13.660,-1202.480,-0.997943,-0.023611,0.059606,0.000000,0.929714,0.368283,-0.064112,0.367525,-0.927801) cam.FieldOfView=70.00 hum:Move(Vector3.new(-0.193,0,0.981),true) hrp.AssemblyLinearVelocity=Vector3.new(-5.974,24.387,30.419) hrp.CFrame=CFrame.new(1460.493,7.983,-1190.375) local ld=cam.CFrame.LookVector*Vector3.new(1,0,1) if ld.Magnitude>0.01 then hrp.CFrame=CFrame.new(hrp.Position,hrp.Position+ld.Unit) end task.wait(0.0457)
cam.CFrame=CFrame.new(1461.138,14.459,-1201.466,-0.997943,-0.023611,0.059606,0.000000,0.929714,0.368283,-0.064112,0.367525,-0.927801) cam.FieldOfView=70.00 hum:Move(Vector3.new(-0.197,0,0.980),true) hrp.AssemblyLinearVelocity=Vector3.new(-6.102,17.847,30.393) hrp.CFrame=CFrame.new(1460.292,8.673,-1189.362) local ld=cam.CFrame.LookVector*Vector3.new(1,0,1) if ld.Magnitude>0.01 then hrp.CFrame=CFrame.new(hrp.Position,hrp.Position+ld.Unit) end task.wait(0.0350)
cam.CFrame=CFrame.new(1460.932,15.040,-1200.453,-0.997943,-0.023611,0.059606,0.000000,0.929714,0.368283,-0.064112,0.367525,-0.927801) cam.FieldOfView=70.00 hum:Move(Vector3.new(-0.217,0,0.976),true) hrp.AssemblyLinearVelocity=Vector3.new(-6.732,10.490,30.260) hrp.CFrame=CFrame.new(1460.048,9.189,-1188.225) local ld=cam.CFrame.LookVector*Vector3.new(1,0,1) if ld.Magnitude>0.01 then hrp.CFrame=CFrame.new(hrp.Position,hrp.Position+ld.Unit) end task.wait(0.0354)
cam.CFrame=CFrame.new(1460.756,15.503,-1198.933,-0.996784,-0.029511,0.074499,0.000000,0.929714,0.368283,-0.080131,0.367099,-0.926724) cam.FieldOfView=70.00 hum:Move(Vector3.new(-0.282,0,0.959),true) hrp.AssemblyLinearVelocity=Vector3.new(-8.737,1.497,29.743) hrp.CFrame=CFrame.new(1459.680,9.445,-1186.853) local ld=cam.CFrame.LookVector*Vector3.new(1,0,1) if ld.Magnitude>0.01 then hrp.CFrame=CFrame.new(hrp.Position,hrp.Position+ld.Unit) end task.wait(0.0465)
cam.CFrame=CFrame.new(1460.661,15.540,-1197.926,-0.995194,-0.036061,0.091036,0.000000,0.929714,0.368283,-0.097918,0.366513,-0.925246) cam.FieldOfView=70.00 hum:Move(Vector3.zero,true) hrp.AssemblyLinearVelocity=Vector3.new(-8.806,-5.043,27.228) hrp.CFrame=CFrame.new(1459.372,9.373,-1185.893) local ld=cam.CFrame.LookVector*Vector3.new(1,0,1) if ld.Magnitude>0.01 then hrp.CFrame=CFrame.new(hrp.Position,hrp.Position+ld.Unit) end task.wait(0.0348)
cam.CFrame=CFrame.new(1460.560,15.358,-1197.008,-0.993464,-0.042037,0.106122,0.000000,0.929714,0.368283,-0.114144,0.365876,-0.923637) cam.FieldOfView=70.00 hum:Move(Vector3.zero,true) hrp.AssemblyLinearVelocity=Vector3.new(-7.155,-12.400,22.126) hrp.CFrame=CFrame.new(1459.076,9.030,-1184.978) local ld=cam.CFrame.LookVector*Vector3.new(1,0,1) if ld.Magnitude>0.01 then hrp.CFrame=CFrame.new(hrp.Position,hrp.Position+ld.Unit) end task.wait(0.0372)
cam.CFrame=CFrame.new(1460.270,14.598,-1195.862,-0.992675,-0.044495,0.112325,0.000000,0.929714,0.368283,-0.120816,0.365585,-0.922904) cam.FieldOfView=70.00 hum:Move(Vector3.zero,true) hrp.AssemblyLinearVelocity=Vector3.new(-5.139,-21.392,15.889) hrp.CFrame=CFrame.new(1458.799,8.237,-1184.120) local ld=cam.CFrame.LookVector*Vector3.new(1,0,1) if ld.Magnitude>0.01 then hrp.CFrame=CFrame.new(hrp.Position,hrp.Position+ld.Unit) end task.wait(0.0451)
cam.CFrame=CFrame.new(1460.059,13.505,-1195.212,-0.992675,-0.044495,0.112325,0.000000,0.929714,0.368283,-0.120816,0.365585,-0.922904) cam.FieldOfView=70.00 hum:Move(Vector3.zero,true) hrp.AssemblyLinearVelocity=Vector3.new(-0.376,-31.202,1.161) hrp.CFrame=CFrame.new(1458.630,6.902,-1183.597) local ld=cam.CFrame.LookVector*Vector3.new(1,0,1) if ld.Magnitude>0.01 then hrp.CFrame=CFrame.new(hrp.Position,hrp.Position+ld.Unit) end task.wait(0.0497)
cam.CFrame=CFrame.new(1460.033,12.494,-1195.130,-0.992675,-0.044495,0.112325,0.000000,0.929714,0.368283,-0.120816,0.365585,-0.922904) cam.FieldOfView=70.00 hum:Move(Vector3.zero,true) hrp.AssemblyLinearVelocity=Vector3.new(-0.000,3.542,0.000) hrp.CFrame=CFrame.new(1458.629,6.415,-1183.594) local ld=cam.CFrame.LookVector*Vector3.new(1,0,1) if ld.Magnitude>0.01 then hrp.CFrame=CFrame.new(hrp.Position,hrp.Position+ld.Unit) end task.wait(0.0344)
cam.CFrame=CFrame.new(1460.028,12.744,-1195.086,-0.992675,-0.045570,0.111893,0.000000,0.926140,0.377181,-0.120816,0.374418,-0.919356) cam.FieldOfView=70.00 hum:Move(Vector3.zero,true) hrp.AssemblyLinearVelocity=Vector3.new(-0.000,1.304,0.000) hrp.CFrame=CFrame.new(1458.629,6.556,-1183.594) local ld=cam.CFrame.LookVector*Vector3.new(1,0,1) if ld.Magnitude>0.01 then hrp.CFrame=CFrame.new(hrp.Position,hrp.Position+ld.Unit) end task.wait(0.0484)
cam.CFrame=CFrame.new(1459.805,13.907,-1194.590,-0.994327,-0.049583,0.094099,0.000000,0.884696,0.466169,-0.106364,0.463524,-0.879677) cam.FieldOfView=70.00 hum:Move(Vector3.zero,true) hrp.AssemblyLinearVelocity=Vector3.new(0.000,0.183,-0.000) hrp.CFrame=CFrame.new(1458.629,6.585,-1183.594) local ld=cam.CFrame.LookVector*Vector3.new(1,0,1) if ld.Magnitude>0.01 then hrp.CFrame=CFrame.new(hrp.Position,hrp.Position+ld.Unit) end task.wait(0.0531)
cam.CFrame=CFrame.new(1459.405,14.675,-1194.189,-0.997328,-0.038497,0.062084,0.000000,0.849871,0.526990,-0.073051,0.525582,-0.847601) cam.FieldOfView=70.00 hum:Move(Vector3.zero,true) hrp.AssemblyLinearVelocity=Vector3.new(0.000,0.034,-0.000) hrp.CFrame=CFrame.new(1458.629,6.589,-1183.594) local ld=cam.CFrame.LookVector*Vector3.new(1,0,1) if ld.Magnitude>0.01 then hrp.CFrame=CFrame.new(hrp.Position,hrp.Position+ld.Unit) end task.wait(0.0486)
cam.CFrame=CFrame.new(1459.405,14.677,-1194.189,-0.997328,-0.038497,0.062084,0.000000,0.849871,0.526990,-0.073051,0.525582,-0.847601) cam.FieldOfView=70.00 hum:Move(Vector3.new(0.042,0,0.999),true) hrp.AssemblyLinearVelocity=Vector3.new(0.511,-0.032,11.561) hrp.CFrame=CFrame.new(1458.634,6.589,-1183.474) local ld=cam.CFrame.LookVector*Vector3.new(1,0,1) if ld.Magnitude>0.01 then hrp.CFrame=CFrame.new(hrp.Position,hrp.Position+ld.Unit) end task.wait(0.0488)
cam.CFrame=CFrame.new(1459.451,14.674,-1193.650,-0.997328,-0.038497,0.062084,0.000000,0.849871,0.526990,-0.073051,0.525582,-0.847601) cam.FieldOfView=70.00 hum:Move(Vector3.new(0.158,0,0.988),true) hrp.AssemblyLinearVelocity=Vector3.new(4.898,-0.174,30.508) hrp.CFrame=CFrame.new(1458.750,6.584,-1182.559) local ld=cam.CFrame.LookVector*Vector3.new(1,0,1) if ld.Magnitude>0.01 then hrp.CFrame=CFrame.new(hrp.Position,hrp.Position+ld.Unit) end task.wait(0.0364)
cam.CFrame=CFrame.new(1459.679,15.553,-1192.263,-0.997328,-0.038497,0.062084,0.000000,0.849871,0.526990,-0.073051,0.525582,-0.847601) cam.FieldOfView=70.00 hum:Move(Vector3.new(0.218,0,0.976),true) hrp.AssemblyLinearVelocity=Vector3.new(5.301,53.000,30.552) hrp.CFrame=CFrame.new(1458.990,8.348,-1181.159) local ld=cam.CFrame.LookVector*Vector3.new(1,0,1) if ld.Magnitude>0.01 then hrp.CFrame=CFrame.new(hrp.Position,hrp.Position+ld.Unit) end hum.Jump=true task.wait(0.0462)
cam.CFrame=CFrame.new(1459.854,17.319,-1191.245,-0.997328,-0.038497,0.062084,0.000000,0.849871,0.526990,-0.073051,0.525582,-0.847601) cam.FieldOfView=70.00 hum:Move(Vector3.new(0.255,0,0.967),true) hrp.AssemblyLinearVelocity=Vector3.new(5.301,53.000,30.552) hrp.CFrame=CFrame.new(1459.165,10.115,-1180.140) local ld=cam.CFrame.LookVector*Vector3.new(1,0,1) if ld.Magnitude>0.01 then hrp.CFrame=CFrame.new(hrp.Position,hrp.Position+ld.Unit) end hum.Jump=true task.wait(0.0339)
cam.CFrame=CFrame.new(1460.190,19.847,-1189.733,-0.997328,-0.038497,0.062084,0.000000,0.849871,0.526990,-0.073051,0.525582,-0.847601) cam.FieldOfView=70.00 hum:Move(Vector3.new(0.270,0,0.963),true) hrp.AssemblyLinearVelocity=Vector3.new(8.372,43.190,29.848) hrp.CFrame=CFrame.new(1459.553,12.499,-1178.641) local ld=cam.CFrame.LookVector*Vector3.new(1,0,1) if ld.Magnitude>0.01 then hrp.CFrame=CFrame.new(hrp.Position,hrp.Position+ld.Unit) end task.wait(0.0492)
cam.CFrame=CFrame.new(1460.607,21.904,-1188.240,-0.997328,-0.038497,0.062084,0.000000,0.849871,0.526990,-0.073051,0.525582,-0.847601) cam.FieldOfView=70.00 hum:Move(Vector3.new(0.273,0,0.962),true) hrp.AssemblyLinearVelocity=Vector3.new(8.463,33.380,29.822) hrp.CFrame=CFrame.new(1459.972,14.393,-1177.148) local ld=cam.CFrame.LookVector*Vector3.new(1,0,1) if ld.Magnitude>0.01 then hrp.CFrame=CFrame.new(hrp.Position,hrp.Position+ld.Unit) end task.wait(0.0500)
cam.CFrame=CFrame.new(1460.904,23.003,-1187.250,-0.997328,-0.038497,0.062084,0.000000,0.849871,0.526990,-0.073051,0.525582,-0.847601) cam.FieldOfView=70.00 hum:Move(Vector3.new(0.359,0,0.933),true) hrp.AssemblyLinearVelocity=Vector3.new(11.069,26.840,28.954) hrp.CFrame=CFrame.new(1460.305,15.383,-1176.171) local ld=cam.CFrame.LookVector*Vector3.new(1,0,1) if ld.Magnitude>0.01 then hrp.CFrame=CFrame.new(hrp.Position,hrp.Position+ld.Unit) end task.wait(0.0358)
