-- V23 Full Path (269 acts) - 20260126_204137
local gs = game.GetService; local workspace = gs(game, 'Workspace'); local cam = workspace.CurrentCamera; local Players = gs(game, 'Players'); local plr = Players.LocalPlayer; task.wait(2); local char = plr.Character; if not char then return end; local hum = char:WaitForChild('Humanoid',5); local hrp = char:WaitForChild('HumanoidRootPart',5); if not(hum and hrp) then return end; hum.AutoRotate = false; cam.CameraType = Enum.CameraType.Scriptable; task.wait(1.5);

cam.CFrame = CFrame.new(56.922,251.810,-235.650,-0.997144,0.012808,-0.074434,0.000000,0.985516,0.169582,0.075528,0.169098,-0.982701); cam.FieldOfView = 70.00; hum:Move(Vector3.zero, true); hrp.AssemblyLinearVelocity = Vector3.new(-0.000,0.001,-0.000); hrp.CFrame = CFrame.new(57.852,248.190,-223.366); local lookDir = cam.CFrame.LookVector * Vector3.new(1,0,1); if lookDir.Magnitude > 0.01 then hrp.CFrame = CFrame.new(hrp.Position, hrp.Position + lookDir.Unit); end; task.wait(0.0000);
cam.CFrame = CFrame.new(56.922,251.810,-235.650,-0.997144,0.012808,-0.074434,0.000000,0.985516,0.169582,0.075528,0.169098,-0.982701); cam.FieldOfView = 70.00; hum:Move(Vector3.new(0.150,0,0.989), true); hrp.AssemblyLinearVelocity = Vector3.new(1.519,0.017,9.962); hrp.CFrame = CFrame.new(57.874,248.190,-223.222); local lookDir = cam.CFrame.LookVector * Vector3.new(1,0,1); if lookDir.Magnitude > 0.01 then hrp.CFrame = CFrame.new(hrp.Position, hrp.Position + lookDir.Unit); end; task.wait(0.0513);
cam.CFrame = CFrame.new(57.043,251.811,-235.000,-0.997144,0.012808,-0.074434,0.000000,0.985516,0.169582,0.075528,0.169098,-0.982701); cam.FieldOfView = 70.00; hum:Move(Vector3.new(0.223,0,0.975), true); hrp.AssemblyLinearVelocity = Vector3.new(8.474,0.267,36.960); hrp.CFrame = CFrame.new(58.110,248.195,-222.108); local lookDir = cam.CFrame.LookVector * Vector3.new(1,0,1); if lookDir.Magnitude > 0.01 then hrp.CFrame = CFrame.new(hrp.Position, hrp.Position + lookDir.Unit); end; task.wait(0.0335);
cam.CFrame = CFrame.new(57.232,251.821,-233.769,-0.996499,0.014178,-0.082393,0.000000,0.985516,0.169582,0.083603,0.168989,-0.982066); cam.FieldOfView = 70.00; hum:Move(Vector3.new(0.244,0,0.970), true); hrp.AssemblyLinearVelocity = Vector3.new(9.274,0.543,36.846); hrp.CFrame = CFrame.new(58.416,248.209,-220.879); local lookDir = cam.CFrame.LookVector * Vector3.new(1,0,1); if lookDir.Magnitude > 0.01 then hrp.CFrame = CFrame.new(hrp.Position, hrp.Position + lookDir.Unit); end; task.wait(0.0331);
cam.CFrame = CFrame.new(57.351,251.839,-232.524,-0.995076,0.016807,-0.097675,0.000000,0.985516,0.169582,0.099110,0.168747,-0.980664); cam.FieldOfView = 70.00; hum:Move(Vector3.new(0.228,0,0.974), true); hrp.AssemblyLinearVelocity = Vector3.new(8.674,0.713,36.989); hrp.CFrame = CFrame.new(58.718,248.231,-219.650); local lookDir = cam.CFrame.LookVector * Vector3.new(1,0,1); if lookDir.Magnitude > 0.01 then hrp.CFrame = CFrame.new(hrp.Position, hrp.Position + lookDir.Unit); end; task.wait(0.0330);
cam.CFrame = CFrame.new(57.636,251.863,-231.290,-0.995076,0.016807,-0.097675,0.000000,0.985516,0.169582,0.099110,0.168747,-0.980664); cam.FieldOfView = 70.00; hum:Move(Vector3.new(0.210,0,0.978), true); hrp.AssemblyLinearVelocity = Vector3.new(7.979,0.838,37.142); hrp.CFrame = CFrame.new(58.991,248.257,-218.413); local lookDir = cam.CFrame.LookVector * Vector3.new(1,0,1); if lookDir.Magnitude > 0.01 then hrp.CFrame = CFrame.new(hrp.Position, hrp.Position + lookDir.Unit); end; task.wait(0.0330);
cam.CFrame = CFrame.new(58.025,251.906,-229.431,-0.995076,0.016807,-0.097675,0.000000,0.985516,0.169582,0.099110,0.168747,-0.980664); cam.FieldOfView = 70.00; hum:Move(Vector3.new(0.198,0,0.980), true); hrp.AssemblyLinearVelocity = Vector3.new(7.541,0.883,37.234); hrp.CFrame = CFrame.new(59.371,248.301,-216.552); local lookDir = cam.CFrame.LookVector * Vector3.new(1,0,1); if lookDir.Magnitude > 0.01 then hrp.CFrame = CFrame.new(hrp.Position, hrp.Position + lookDir.Unit); end; task.wait(0.0503);
cam.CFrame = CFrame.new(58.274,251.935,-228.189,-0.995076,0.016807,-0.097675,0.000000,0.985516,0.169582,0.099110,0.168747,-0.980664); cam.FieldOfView = 70.00; hum:Move(Vector3.new(0.187,0,0.982), true); hrp.AssemblyLinearVelocity = Vector3.new(7.102,0.945,37.318); hrp.CFrame = CFrame.new(59.614,248.331,-215.309); local lookDir = cam.CFrame.LookVector * Vector3.new(1,0,1); if lookDir.Magnitude > 0.01 then hrp.CFrame = CFrame.new(hrp.Position, hrp.Position + lookDir.Unit); end; task.wait(0.0349);
cam.CFrame = CFrame.new(58.508,251.967,-226.945,-0.995076,0.016807,-0.097675,0.000000,0.985516,0.169582,0.099110,0.168747,-0.980664); cam.FieldOfView = 70.00; hum:Move(Vector3.zero, true); hrp.AssemblyLinearVelocity = Vector3.new(0.136,0.813,0.739); hrp.CFrame = CFrame.new(59.746,248.362,-214.595); local lookDir = cam.CFrame.LookVector * Vector3.new(1,0,1); if lookDir.Magnitude > 0.01 then hrp.CFrame = CFrame.new(hrp.Position, hrp.Position + lookDir.Unit); end; task.wait(0.0330);
cam.CFrame = CFrame.new(58.525,251.992,-226.852,-0.995076,0.016807,-0.097675,0.000000,0.985516,0.169582,0.099110,0.168747,-0.980664); cam.FieldOfView = 70.00; hum:Move(Vector3.zero, true); hrp.AssemblyLinearVelocity = Vector3.new(0.000,0.179,0.000); hrp.CFrame = CFrame.new(59.746,248.381,-214.593); local lookDir = cam.CFrame.LookVector * Vector3.new(1,0,1); if lookDir.Magnitude > 0.01 then hrp.CFrame = CFrame.new(hrp.Position, hrp.Position + lookDir.Unit); end; task.wait(0.0460);
cam.CFrame = CFrame.new(58.525,252.001,-226.852,-0.995076,0.016807,-0.097675,0.000000,0.985516,0.169582,0.099110,0.168747,-0.980664); cam.FieldOfView = 70.00; hum:Move(Vector3.zero, true); hrp.AssemblyLinearVelocity = Vector3.new(-0.000,0.062,0.000); hrp.CFrame = CFrame.new(59.746,248.384,-214.593); local lookDir = cam.CFrame.LookVector * Vector3.new(1,0,1); if lookDir.Magnitude > 0.01 then hrp.CFrame = CFrame.new(hrp.Position, hrp.Position + lookDir.Unit); end; task.wait(0.0348);
cam.CFrame = CFrame.new(58.525,252.005,-226.852,-0.995076,0.016807,-0.097675,0.000000,0.985516,0.169582,0.099110,0.168747,-0.980664); cam.FieldOfView = 70.00; hum:Move(Vector3.zero, true); hrp.AssemblyLinearVelocity = Vector3.new(-0.000,0.010,0.000); hrp.CFrame = CFrame.new(59.746,248.385,-214.593); local lookDir = cam.CFrame.LookVector * Vector3.new(1,0,1); if lookDir.Magnitude > 0.01 then hrp.CFrame = CFrame.new(hrp.Position, hrp.Position + lookDir.Unit); end; task.wait(0.0430);
cam.CFrame = CFrame.new(58.525,252.005,-226.852,-0.995076,0.016807,-0.097675,0.000000,0.985516,0.169582,0.099110,0.168747,-0.980664); cam.FieldOfView = 70.00; hum:Move(Vector3.zero, true); hrp.AssemblyLinearVelocity = Vector3.new(-0.000,0.004,0.000); hrp.CFrame = CFrame.new(59.746,248.385,-214.593); local lookDir = cam.CFrame.LookVector * Vector3.new(1,0,1); if lookDir.Magnitude > 0.01 then hrp.CFrame = CFrame.new(hrp.Position, hrp.Position + lookDir.Unit); end; task.wait(0.0330);
cam.CFrame = CFrame.new(58.525,252.005,-226.852,-0.995076,0.016807,-0.097675,0.000000,0.985516,0.169582,0.099110,0.168747,-0.980664); cam.FieldOfView = 70.00; hum:Move(Vector3.zero, true); hrp.AssemblyLinearVelocity = Vector3.new(0.000,0.001,-0.000); hrp.CFrame = CFrame.new(59.746,248.385,-214.593); local lookDir = cam.CFrame.LookVector * Vector3.new(1,0,1); if lookDir.Magnitude > 0.01 then hrp.CFrame = CFrame.new(hrp.Position, hrp.Position + lookDir.Unit); end; task.wait(0.0503);
cam.CFrame = CFrame.new(58.553,252.006,-226.578,-0.995076,0.016807,-0.097675,0.000000,0.985516,0.169582,0.099110,0.168747,-0.980664); cam.FieldOfView = 70.00; hum:Move(Vector3.new(0.089,0,0.996), true); hrp.AssemblyLinearVelocity = Vector3.new(3.363,0.373,37.791); hrp.CFrame = CFrame.new(59.855,248.392,-213.421); local lookDir = cam.CFrame.LookVector * Vector3.new(1,0,1); if lookDir.Magnitude > 0.01 then hrp.CFrame = CFrame.new(hrp.Position, hrp.Position + lookDir.Unit); end; task.wait(0.0605);
cam.CFrame = CFrame.new(58.692,252.020,-225.049,-0.995076,0.016807,-0.097675,0.000000,0.985516,0.169582,0.099110,0.168747,-0.980664); cam.FieldOfView = 70.00; hum:Move(Vector3.new(0.092,0,0.996), true); hrp.AssemblyLinearVelocity = Vector3.new(3.481,0.678,37.832); hrp.CFrame = CFrame.new(59.986,248.413,-212.002); local lookDir = cam.CFrame.LookVector * Vector3.new(1,0,1); if lookDir.Magnitude > 0.01 then hrp.CFrame = CFrame.new(hrp.Position, hrp.Position + lookDir.Unit); end; task.wait(0.0368);
cam.CFrame = CFrame.new(58.827,252.045,-223.630,-0.995076,0.016807,-0.097675,0.000000,0.985516,0.169582,0.099110,0.168747,-0.980664); cam.FieldOfView = 70.00; hum:Move(Vector3.new(0.119,0,0.993), true); hrp.AssemblyLinearVelocity = Vector3.new(4.489,0.855,37.721); hrp.CFrame = CFrame.new(60.121,248.439,-210.743); local lookDir = cam.CFrame.LookVector * Vector3.new(1,0,1); if lookDir.Magnitude > 0.01 then hrp.CFrame = CFrame.new(hrp.Position, hrp.Position + lookDir.Unit); end; task.wait(0.0330);
cam.CFrame = CFrame.new(58.963,252.070,-222.531,-0.995076,0.016807,-0.097675,0.000000,0.985516,0.169582,0.099110,0.168747,-0.980664); cam.FieldOfView = 70.00; hum:Move(Vector3.new(0.143,0,0.990), true); hrp.AssemblyLinearVelocity = Vector3.new(5.426,0.988,37.595); hrp.CFrame = CFrame.new(60.274,248.466,-209.646); local lookDir = cam.CFrame.LookVector * Vector3.new(1,0,1); if lookDir.Magnitude > 0.01 then hrp.CFrame = CFrame.new(hrp.Position, hrp.Position + lookDir.Unit); end; task.wait(0.0330);
cam.CFrame = CFrame.new(59.145,252.103,-221.278,-0.995076,0.016807,-0.097675,0.000000,0.985516,0.169582,0.099110,0.168747,-0.980664); cam.FieldOfView = 70.00; hum:Move(Vector3.new(0.146,0,0.989), true); hrp.AssemblyLinearVelocity = Vector3.new(5.558,1.028,37.578); hrp.CFrame = CFrame.new(60.459,248.501,-208.393); local lookDir = cam.CFrame.LookVector * Vector3.new(1,0,1); if lookDir.Magnitude > 0.01 then hrp.CFrame = CFrame.new(hrp.Position, hrp.Position + lookDir.Unit); end; task.wait(0.0338);
cam.CFrame = CFrame.new(59.238,252.120,-220.652,-0.995076,0.016807,-0.097675,0.000000,0.985516,0.169582,0.099110,0.168747,-0.980664); cam.FieldOfView = 70.00; hum:Move(Vector3.new(0.146,0,0.989), true); hrp.AssemblyLinearVelocity = Vector3.new(5.534,1.196,37.569); hrp.CFrame = CFrame.new(60.597,248.529,-207.454); local lookDir = cam.CFrame.LookVector * Vector3.new(1,0,1); if lookDir.Magnitude > 0.01 then hrp.CFrame = CFrame.new(hrp.Position, hrp.Position + lookDir.Unit); end; task.wait(0.0330);
cam.CFrame = CFrame.new(59.446,252.165,-219.243,-0.995076,0.016807,-0.097675,0.000000,0.985516,0.169582,0.099110,0.168747,-0.980664); cam.FieldOfView = 70.00; hum:Move(Vector3.new(0.145,0,0.989), true); hrp.AssemblyLinearVelocity = Vector3.new(5.518,1.636,37.543); hrp.CFrame = CFrame.new(60.758,248.571,-206.359); local lookDir = cam.CFrame.LookVector * Vector3.new(1,0,1); if lookDir.Magnitude > 0.01 then hrp.CFrame = CFrame.new(hrp.Position, hrp.Position + lookDir.Unit); end; task.wait(0.0330);
cam.CFrame = CFrame.new(59.629,252.220,-217.991,-0.995076,0.016807,-0.097675,0.000000,0.985516,0.169582,0.099110,0.168747,-0.980664); cam.FieldOfView = 70.00; hum:Move(Vector3.new(0.145,0,0.989), true); hrp.AssemblyLinearVelocity = Vector3.new(5.513,1.869,37.551); hrp.CFrame = CFrame.new(60.942,248.631,-205.107); local lookDir = cam.CFrame.LookVector * Vector3.new(1,0,1); if lookDir.Magnitude > 0.01 then hrp.CFrame = CFrame.new(hrp.Position, hrp.Position + lookDir.Unit); end; task.wait(0.0343);
cam.CFrame = CFrame.new(59.905,252.311,-216.114,-0.995076,0.016807,-0.097675,0.000000,0.985516,0.169582,0.099110,0.168747,-0.980664); cam.FieldOfView = 70.00; hum:Move(Vector3.new(0.145,0,0.989), true); hrp.AssemblyLinearVelocity = Vector3.new(5.520,1.675,37.561); hrp.CFrame = CFrame.new(61.240,248.726,-203.073); local lookDir = cam.CFrame.LookVector * Vector3.new(1,0,1); if lookDir.Magnitude > 0.01 then hrp.CFrame = CFrame.new(hrp.Position, hrp.Position + lookDir.Unit); end; task.wait(0.0505);
cam.CFrame = CFrame.new(60.112,252.375,-214.705,-0.995076,0.016807,-0.097675,0.000000,0.985516,0.169582,0.099110,0.168747,-0.980664); cam.FieldOfView = 70.00; hum:Move(Vector3.new(0.146,0,0.989), true); hrp.AssemblyLinearVelocity = Vector3.new(5.525,1.817,37.549); hrp.CFrame = CFrame.new(61.425,248.785,-201.821); local lookDir = cam.CFrame.LookVector * Vector3.new(1,0,1); if lookDir.Magnitude > 0.01 then hrp.CFrame = CFrame.new(hrp.Position, hrp.Position + lookDir.Unit); end; task.wait(0.0341);
cam.CFrame = CFrame.new(60.273,252.427,-213.610,-0.995076,0.016807,-0.097675,0.000000,0.985516,0.169582,0.099110,0.168747,-0.980664); cam.FieldOfView = 70.00; hum:Move(Vector3.new(0.142,0,0.990), true); hrp.AssemblyLinearVelocity = Vector3.new(5.403,1.647,37.586); hrp.CFrame = CFrame.new(61.584,248.835,-200.725); local lookDir = cam.CFrame.LookVector * Vector3.new(1,0,1); if lookDir.Magnitude > 0.01 then hrp.CFrame = CFrame.new(hrp.Position, hrp.Position + lookDir.Unit); end; task.wait(0.0330);
cam.CFrame = CFrame.new(60.441,252.481,-212.355,-0.995076,0.016807,-0.097675,0.000000,0.985516,0.169582,0.099110,0.168747,-0.980664); cam.FieldOfView = 70.00; hum:Move(Vector3.new(0.087,0,0.996), true); hrp.AssemblyLinearVelocity = Vector3.new(3.335,1.204,37.843); hrp.CFrame = CFrame.new(61.721,248.882,-199.467); local lookDir = cam.CFrame.LookVector * Vector3.new(1,0,1); if lookDir.Magnitude > 0.01 then hrp.CFrame = CFrame.new(hrp.Position, hrp.Position + lookDir.Unit); end; task.wait(0.0333);
cam.CFrame = CFrame.new(60.537,252.520,-211.093,-0.995076,0.016807,-0.097675,0.000000,0.985516,0.169582,0.099110,0.168747,-0.980664); cam.FieldOfView = 70.00; hum:Move(Vector3.new(0.017,0,1.000), true); hrp.AssemblyLinearVelocity = Vector3.new(0.673,0.772,37.992); hrp.CFrame = CFrame.new(61.773,248.914,-198.201); local lookDir = cam.CFrame.LookVector * Vector3.new(1,0,1); if lookDir.Magnitude > 0.01 then hrp.CFrame = CFrame.new(hrp.Position, hrp.Position + lookDir.Unit); end; task.wait(0.0334);
cam.CFrame = CFrame.new(60.541,252.545,-209.827,-0.995076,0.016807,-0.097675,0.000000,0.985516,0.169582,0.099110,0.168747,-0.980664); cam.FieldOfView = 70.00; hum:Move(Vector3.new(-0.069,0,0.998), true); hrp.AssemblyLinearVelocity = Vector3.new(-2.635,0.535,37.910); hrp.CFrame = CFrame.new(61.722,248.935,-196.936); local lookDir = cam.CFrame.LookVector * Vector3.new(1,0,1); if lookDir.Magnitude > 0.01 then hrp.CFrame = CFrame.new(hrp.Position, hrp.Position + lookDir.Unit); end; task.wait(0.0331);
cam.CFrame = CFrame.new(60.648,252.562,-208.585,-0.996684,0.013798,-0.080188,0.000000,0.985516,0.169582,0.081367,0.169020,-0.982248); cam.FieldOfView = 70.00; hum:Move(Vector3.new(-0.182,0,0.983), true); hrp.AssemblyLinearVelocity = Vector3.new(-6.913,0.379,37.373); hrp.CFrame = CFrame.new(61.541,248.949,-195.684); local lookDir = cam.CFrame.LookVector * Vector3.new(1,0,1); if lookDir.Magnitude > 0.01 then hrp.CFrame = CFrame.new(hrp.Position, hrp.Position + lookDir.Unit); end; task.wait(0.0340);
cam.CFrame = CFrame.new(60.724,252.575,-207.367,-0.998501,0.009283,-0.053949,0.000000,0.985516,0.169582,0.054742,0.169328,-0.984038); cam.FieldOfView = 70.00; hum:Move(Vector3.new(-0.265,0,0.964), true); hrp.AssemblyLinearVelocity = Vector3.new(-10.099,0.273,36.645); hrp.CFrame = CFrame.new(61.233,248.960,-194.455); local lookDir = cam.CFrame.LookVector * Vector3.new(1,0,1); if lookDir.Magnitude > 0.01 then hrp.CFrame = CFrame.new(hrp.Position, hrp.Position + lookDir.Unit); end; task.wait(0.0330);
cam.CFrame = CFrame.new(60.762,252.584,-206.164,-0.999721,0.004007,-0.023288,0.000000,0.985516,0.169582,0.023631,0.169535,-0.985241); cam.FieldOfView = 70.00; hum:Move(Vector3.new(-0.303,0,0.953), true); hrp.AssemblyLinearVelocity = Vector3.new(-11.549,0.224,36.212); hrp.CFrame = CFrame.new(60.863,248.968,-193.244); local lookDir = cam.CFrame.LookVector * Vector3.new(1,0,1); if lookDir.Magnitude > 0.01 then hrp.CFrame = CFrame.new(hrp.Position, hrp.Position + lookDir.Unit); end; task.wait(0.0343);
cam.CFrame = CFrame.new(60.762,252.591,-204.962,-0.999968,-0.001367,0.007942,0.000000,0.985516,0.169582,-0.008059,0.169577,-0.985484); cam.FieldOfView = 70.00; hum:Move(Vector3.new(-0.333,0,0.943), true); hrp.AssemblyLinearVelocity = Vector3.new(-12.683,0.202,35.828); hrp.CFrame = CFrame.new(60.453,248.975,-192.046); local lookDir = cam.CFrame.LookVector * Vector3.new(1,0,1); if lookDir.Magnitude > 0.01 then hrp.CFrame = CFrame.new(hrp.Position, hrp.Position + lookDir.Unit); end; task.wait(0.0330);
cam.CFrame = CFrame.new(60.691,252.601,-203.155,-0.998528,-0.009198,0.053455,0.000000,0.985516,0.169582,-0.054241,0.169333,-0.984065); cam.FieldOfView = 70.00; hum:Move(Vector3.new(-0.332,0,0.943), true); hrp.AssemblyLinearVelocity = Vector3.new(-12.661,0.143,35.832); hrp.CFrame = CFrame.new(59.811,248.984,-190.257); local lookDir = cam.CFrame.LookVector * Vector3.new(1,0,1); if lookDir.Magnitude > 0.01 then hrp.CFrame = CFrame.new(hrp.Position, hrp.Position + lookDir.Unit); end; task.wait(0.0500);
cam.CFrame = CFrame.new(60.600,252.606,-201.937,-0.996729,-0.013704,0.079641,0.000000,0.985516,0.169582,-0.080811,0.169028,-0.982293); cam.FieldOfView = 70.00; hum:Move(Vector3.new(-0.322,0,0.947), true); hrp.AssemblyLinearVelocity = Vector3.new(-12.266,0.133,35.967); hrp.CFrame = CFrame.new(59.400,248.988,-189.059); local lookDir = cam.CFrame.LookVector * Vector3.new(1,0,1); if lookDir.Magnitude > 0.01 then hrp.CFrame = CFrame.new(hrp.Position, hrp.Position + lookDir.Unit); end; task.wait(0.0334);
cam.CFrame = CFrame.new(60.479,252.610,-200.712,-0.994573,-0.017644,0.102537,0.000000,0.985516,0.169582,-0.104044,0.168662,-0.980167); cam.FieldOfView = 70.00; hum:Move(Vector3.new(-0.314,0,0.949), true); hrp.AssemblyLinearVelocity = Vector3.new(-11.957,0.133,36.070); hrp.CFrame = CFrame.new(58.997,248.993,-187.858); local lookDir = cam.CFrame.LookVector * Vector3.new(1,0,1); if lookDir.Magnitude > 0.01 then hrp.CFrame = CFrame.new(hrp.Position, hrp.Position + lookDir.Unit); end; task.wait(0.0344);
cam.CFrame = CFrame.new(60.248,252.618,-198.861,-0.991197,-0.022451,0.130475,0.000000,0.985516,0.169582,-0.132392,0.168090,-0.976841); cam.FieldOfView = 70.00; hum:Move(Vector3.new(-0.266,0,0.964), true); hrp.AssemblyLinearVelocity = Vector3.new(-10.141,0.612,36.606); hrp.CFrame = CFrame.new(58.445,249.007,-186.041); local lookDir = cam.CFrame.LookVector * Vector3.new(1,0,1); if lookDir.Magnitude > 0.01 then hrp.CFrame = CFrame.new(hrp.Position, hrp.Position + lookDir.Unit); end; task.wait(0.0496);
cam.CFrame = CFrame.new(60.009,252.651,-197.628,-0.990254,-0.023619,0.137258,0.000000,0.985516,0.169582,-0.139275,0.167930,-0.975911); cam.FieldOfView = 70.00; hum:Move(Vector3.new(-0.211,0,0.978), true); hrp.AssemblyLinearVelocity = Vector3.new(-7.987,2.806,36.976); hrp.CFrame = CFrame.new(58.158,249.073,-184.813); local lookDir = cam.CFrame.LookVector * Vector3.new(1,0,1); if lookDir.Magnitude > 0.01 then hrp.CFrame = CFrame.new(hrp.Position, hrp.Position + lookDir.Unit); end; task.wait(0.0332);
cam.CFrame = CFrame.new(59.271,253.581,-195.649,-0.993883,-0.025807,0.107377,0.000000,0.972312,0.233687,-0.110435,0.232257,-0.966365); cam.FieldOfView = 70.00; hum:Move(Vector3.new(-0.151,0,0.989), true); hrp.AssemblyLinearVelocity = Vector3.new(-5.721,-0.340,37.517); hrp.CFrame = CFrame.new(57.831,249.169,-182.945); local lookDir = cam.CFrame.LookVector * Vector3.new(1,0,1); if lookDir.Magnitude > 0.01 then hrp.CFrame = CFrame.new(hrp.Position, hrp.Position + lookDir.Unit); end; task.wait(0.0507);
cam.CFrame = CFrame.new(58.721,254.123,-194.283,-0.996735,-0.022498,0.077539,0.000000,0.960391,0.278657,-0.080737,0.277748,-0.957255); cam.FieldOfView = 70.00; hum:Move(Vector3.new(-0.101,0,0.995), true); hrp.AssemblyLinearVelocity = Vector3.new(-3.842,-2.155,37.746); hrp.CFrame = CFrame.new(57.686,249.105,-181.689); local lookDir = cam.CFrame.LookVector * Vector3.new(1,0,1); if lookDir.Magnitude > 0.01 then hrp.CFrame = CFrame.new(hrp.Position, hrp.Position + lookDir.Unit); end; task.wait(0.0331);
cam.CFrame = CFrame.new(58.444,254.233,-192.982,-0.997658,-0.020053,0.065400,0.000000,0.956065,0.293153,-0.068406,0.292467,-0.953826); cam.FieldOfView = 70.00; hum:Move(Vector3.new(-0.092,0,0.996), true); hrp.AssemblyLinearVelocity = Vector3.new(-3.475,0.027,37.842); hrp.CFrame = CFrame.new(57.554,249.063,-180.271); local lookDir = cam.CFrame.LookVector * Vector3.new(1,0,1); if lookDir.Magnitude > 0.01 then hrp.CFrame = CFrame.new(hrp.Position, hrp.Position + lookDir.Unit); end; task.wait(0.0542);
cam.CFrame = CFrame.new(57.807,254.602,-190.859,-0.999551,-0.009542,0.028400,0.000000,0.947928,0.318484,-0.029960,0.318341,-0.947503); cam.FieldOfView = 70.00; hum:Move(Vector3.new(-0.069,0,0.998), true); hrp.AssemblyLinearVelocity = Vector3.new(-2.581,3.919,37.551); hrp.CFrame = CFrame.new(57.408,249.181,-178.390); local lookDir = cam.CFrame.LookVector * Vector3.new(1,0,1); if lookDir.Magnitude > 0.01 then hrp.CFrame = CFrame.new(hrp.Position, hrp.Position + lookDir.Unit); end; task.wait(0.0330);
cam.CFrame = CFrame.new(57.297,255.014,-189.665,-0.999971,0.002607,-0.007158,0.000000,0.939605,0.342260,0.007618,0.342250,-0.939578); cam.FieldOfView = 70.00; hum:Move(Vector3.new(-0.021,0,1.000), true); hrp.AssemblyLinearVelocity = Vector3.new(-0.790,4.476,37.845); hrp.CFrame = CFrame.new(57.371,249.313,-177.291); local lookDir = cam.CFrame.LookVector * Vector3.new(1,0,1); if lookDir.Magnitude > 0.01 then hrp.CFrame = CFrame.new(hrp.Position, hrp.Position + lookDir.Unit); end; task.wait(0.0330);
cam.CFrame = CFrame.new(56.913,255.535,-188.245,-0.999233,0.014623,-0.036315,0.000000,0.927623,0.373518,0.039148,0.373232,-0.926912); cam.FieldOfView = 70.00; hum:Move(Vector3.new(0.013,0,1.000), true); hrp.AssemblyLinearVelocity = Vector3.new(0.484,-1.043,37.646); hrp.CFrame = CFrame.new(57.373,249.369,-176.031); local lookDir = cam.CFrame.LookVector * Vector3.new(1,0,1); if lookDir.Magnitude > 0.01 then hrp.CFrame = CFrame.new(hrp.Position, hrp.Position + lookDir.Unit); end; task.wait(0.0330);
cam.CFrame = CFrame.new(56.690,255.762,-186.869,-0.998141,0.024119,-0.055970,0.000000,0.918358,0.395751,0.060946,0.395015,-0.916651); cam.FieldOfView = 70.00; hum:Move(Vector3.new(0.045,0,0.999), true); hrp.AssemblyLinearVelocity = Vector3.new(1.717,-7.725,37.740); hrp.CFrame = CFrame.new(57.416,249.207,-174.783); local lookDir = cam.CFrame.LookVector * Vector3.new(1,0,1); if lookDir.Magnitude > 0.01 then hrp.CFrame = CFrame.new(hrp.Position, hrp.Position + lookDir.Unit); end; task.wait(0.0334);
cam.CFrame = CFrame.new(56.747,255.501,-185.610,-0.998141,0.024119,-0.055970,0.000000,0.918358,0.395751,0.060946,0.395015,-0.916651); cam.FieldOfView = 70.00; hum:Move(Vector3.new(0.051,0,0.999), true); hrp.AssemblyLinearVelocity = Vector3.new(1.951,0.930,37.905); hrp.CFrame = CFrame.new(57.479,249.040,-173.520); local lookDir = cam.CFrame.LookVector * Vector3.new(1,0,1); if lookDir.Magnitude > 0.01 then hrp.CFrame = CFrame.new(hrp.Position, hrp.Position + lookDir.Unit); end; task.wait(0.0330);
cam.CFrame = CFrame.new(56.864,255.541,-183.715,-0.998141,0.024119,-0.055970,0.000000,0.918358,0.395751,0.060946,0.395015,-0.916651); cam.FieldOfView = 70.00; hum:Move(Vector3.new(0.108,0,0.994), true); hrp.AssemblyLinearVelocity = Vector3.new(4.101,2.496,37.601); hrp.CFrame = CFrame.new(57.629,249.130,-171.629); local lookDir = cam.CFrame.LookVector * Vector3.new(1,0,1); if lookDir.Magnitude > 0.01 then hrp.CFrame = CFrame.new(hrp.Position, hrp.Position + lookDir.Unit); end; task.wait(0.0500);
cam.CFrame = CFrame.new(57.016,255.632,-182.465,-0.998141,0.024119,-0.055970,0.000000,0.918358,0.395751,0.060946,0.395015,-0.916651); cam.FieldOfView = 70.00; hum:Move(Vector3.new(0.190,0,0.982), true); hrp.AssemblyLinearVelocity = Vector3.new(7.056,5.514,36.544); hrp.CFrame = CFrame.new(57.829,249.267,-170.397); local lookDir = cam.CFrame.LookVector * Vector3.new(1,0,1); if lookDir.Magnitude > 0.01 then hrp.CFrame = CFrame.new(hrp.Position, hrp.Position + lookDir.Unit); end; task.wait(0.0338);
cam.CFrame = CFrame.new(57.266,255.818,-181.250,-0.998141,0.024119,-0.055970,0.000000,0.918358,0.395751,0.060946,0.395015,-0.916651); cam.FieldOfView = 70.00; hum:Move(Vector3.new(0.255,0,0.967), true); hrp.AssemblyLinearVelocity = Vector3.new(9.690,2.970,36.709); hrp.CFrame = CFrame.new(58.123,249.440,-169.181); local lookDir = cam.CFrame.LookVector * Vector3.new(1,0,1); if lookDir.Magnitude > 0.01 then hrp.CFrame = CFrame.new(hrp.Position, hrp.Position + lookDir.Unit); end; task.wait(0.0330);
cam.CFrame = CFrame.new(57.585,256.773,-180.027,-0.998141,0.024119,-0.055970,0.000000,0.918358,0.395751,0.060946,0.395015,-0.916651); cam.FieldOfView = 70.00; hum:Move(Vector3.new(0.300,0,0.954), true); hrp.AssemblyLinearVelocity = Vector3.new(9.690,53.153,36.709); hrp.CFrame = CFrame.new(58.445,251.212,-167.957); local lookDir = cam.CFrame.LookVector * Vector3.new(1,0,1); if lookDir.Magnitude > 0.01 then hrp.CFrame = CFrame.new(hrp.Position, hrp.Position + lookDir.Unit); end; hum.Jump = true; task.wait(0.0346);
cam.CFrame = CFrame.new(57.906,258.544,-178.803,-0.998141,0.024119,-0.055970,0.000000,0.918358,0.395751,0.060946,0.395015,-0.916651); cam.FieldOfView = 70.00; hum:Move(Vector3.new(0.312,0,0.950), true); hrp.AssemblyLinearVelocity = Vector3.new(11.697,49.883,36.147); hrp.CFrame = CFrame.new(58.790,252.949,-166.739); local lookDir = cam.CFrame.LookVector * Vector3.new(1,0,1); if lookDir.Magnitude > 0.01 then hrp.CFrame = CFrame.new(hrp.Position, hrp.Position + lookDir.Unit); end; task.wait(0.0330);
cam.CFrame = CFrame.new(58.288,260.193,-177.596,-0.998141,0.024119,-0.055970,0.000000,0.918358,0.395751,0.060946,0.395015,-0.916651); cam.FieldOfView = 70.00; hum:Move(Vector3.new(0.315,0,0.949), true); hrp.AssemblyLinearVelocity = Vector3.new(11.952,43.343,36.072); hrp.CFrame = CFrame.new(59.187,254.489,-165.537); local lookDir = cam.CFrame.LookVector * Vector3.new(1,0,1); if lookDir.Magnitude > 0.01 then hrp.CFrame = CFrame.new(hrp.Position, hrp.Position + lookDir.Unit); end; task.wait(0.0333);
cam.CFrame = CFrame.new(58.685,261.625,-176.393,-0.998141,0.024119,-0.055970,0.000000,0.918358,0.395751,0.060946,0.395015,-0.916651); cam.FieldOfView = 70.00; hum:Move(Vector3.new(0.315,0,0.949), true); hrp.AssemblyLinearVelocity = Vector3.new(11.951,36.803,36.072); hrp.CFrame = CFrame.new(59.584,255.812,-164.334); local lookDir = cam.CFrame.LookVector * Vector3.new(1,0,1); if lookDir.Magnitude > 0.01 then hrp.CFrame = CFrame.new(hrp.Position, hrp.Position + lookDir.Unit); end; task.wait(0.0330);
cam.CFrame = CFrame.new(59.087,262.838,-175.192,-0.998141,0.024119,-0.055970,0.000000,0.918358,0.395751,0.060946,0.395015,-0.916651); cam.FieldOfView = 70.00; hum:Move(Vector3.new(0.342,0,0.940), true); hrp.AssemblyLinearVelocity = Vector3.new(12.985,30.263,35.713); hrp.CFrame = CFrame.new(60.002,256.916,-163.138); local lookDir = cam.CFrame.LookVector * Vector3.new(1,0,1); if lookDir.Magnitude > 0.01 then hrp.CFrame = CFrame.new(hrp.Position, hrp.Position + lookDir.Unit); end; task.wait(0.0335);
cam.CFrame = CFrame.new(59.530,263.833,-174.005,-0.998141,0.024119,-0.055970,0.000000,0.918358,0.395751,0.060946,0.395015,-0.916651); cam.FieldOfView = 70.00; hum:Move(Vector3.new(0.400,0,0.916), true); hrp.AssemblyLinearVelocity = Vector3.new(15.158,23.723,34.845); hrp.CFrame = CFrame.new(60.477,257.802,-161.965); local lookDir = cam.CFrame.LookVector * Vector3.new(1,0,1); if lookDir.Magnitude > 0.01 then hrp.CFrame = CFrame.new(hrp.Position, hrp.Position + lookDir.Unit); end; task.wait(0.0335);
cam.CFrame = CFrame.new(60.049,264.610,-172.851,-0.998141,0.024119,-0.055970,0.000000,0.918358,0.395751,0.060946,0.395015,-0.916651); cam.FieldOfView = 70.00; hum:Move(Vector3.new(0.482,0,0.876), true); hrp.AssemblyLinearVelocity = Vector3.new(18.241,17.183,33.333); hrp.CFrame = CFrame.new(61.045,258.470,-160.833); local lookDir = cam.CFrame.LookVector * Vector3.new(1,0,1); if lookDir.Magnitude > 0.01 then hrp.CFrame = CFrame.new(hrp.Position, hrp.Position + lookDir.Unit); end; task.wait(0.0336);
cam.CFrame = CFrame.new(60.667,265.169,-171.746,-0.998141,0.024119,-0.055970,0.000000,0.918358,0.395751,0.060946,0.395015,-0.916651); cam.FieldOfView = 70.00; hum:Move(Vector3.new(0.553,0,0.833), true); hrp.AssemblyLinearVelocity = Vector3.new(20.975,10.643,31.685); hrp.CFrame = CFrame.new(61.710,258.920,-159.756); local lookDir = cam.CFrame.LookVector * Vector3.new(1,0,1); if lookDir.Magnitude > 0.01 then hrp.CFrame = CFrame.new(hrp.Position, hrp.Position + lookDir.Unit); end; task.wait(0.0331);
cam.CFrame = CFrame.new(61.766,265.599,-170.199,-0.998141,0.024119,-0.055970,0.000000,0.918358,0.395751,0.060946,0.395015,-0.916651); cam.FieldOfView = 70.00; hum:Move(Vector3.new(0.658,0,0.753), true); hrp.AssemblyLinearVelocity = Vector3.new(24.970,0.833,28.643); hrp.CFrame = CFrame.new(62.877,259.187,-158.260); local lookDir = cam.CFrame.LookVector * Vector3.new(1,0,1); if lookDir.Magnitude > 0.01 then hrp.CFrame = CFrame.new(hrp.Position, hrp.Position + lookDir.Unit); end; task.wait(0.0500);
cam.CFrame = CFrame.new(62.604,265.613,-169.250,-0.998141,0.024119,-0.055970,0.000000,0.918358,0.395751,0.060946,0.395015,-0.916651); cam.FieldOfView = 70.00; hum:Move(Vector3.new(0.693,0,0.721), true); hrp.AssemblyLinearVelocity = Vector3.new(26.336,-5.707,27.393); hrp.CFrame = CFrame.new(63.741,259.092,-157.334); local lookDir = cam.CFrame.LookVector * Vector3.new(1,0,1); if lookDir.Magnitude > 0.01 then hrp.CFrame = CFrame.new(hrp.Position, hrp.Position + lookDir.Unit); end; task.wait(0.0337);
cam.CFrame = CFrame.new(63.485,265.409,-168.340,-0.998141,0.024119,-0.055970,0.000000,0.918358,0.395751,0.060946,0.395015,-0.916651); cam.FieldOfView = 70.00; hum:Move(Vector3.new(0.710,0,0.704), true); hrp.AssemblyLinearVelocity = Vector3.new(26.983,-12.247,26.757); hrp.CFrame = CFrame.new(64.633,258.779,-156.435); local lookDir = cam.CFrame.LookVector * Vector3.new(1,0,1); if lookDir.Magnitude > 0.01 then hrp.CFrame = CFrame.new(hrp.Position, hrp.Position + lookDir.Unit); end; task.wait(0.0335);
cam.CFrame = CFrame.new(64.386,264.988,-167.451,-0.998141,0.024119,-0.055970,0.000000,0.918358,0.395751,0.060946,0.395015,-0.916651); cam.FieldOfView = 70.00; hum:Move(Vector3.new(0.722,0,0.692), true); hrp.AssemblyLinearVelocity = Vector3.new(27.440,-18.787,26.288); hrp.CFrame = CFrame.new(65.543,258.248,-155.554); local lookDir = cam.CFrame.LookVector * Vector3.new(1,0,1); if lookDir.Magnitude > 0.01 then hrp.CFrame = CFrame.new(hrp.Position, hrp.Position + lookDir.Unit); end; task.wait(0.0340);
cam.CFrame = CFrame.new(65.300,264.348,-166.574,-0.998141,0.024119,-0.055970,0.000000,0.918358,0.395751,0.060946,0.395015,-0.916651); cam.FieldOfView = 70.00; hum:Move(Vector3.new(0.722,0,0.692), true); hrp.AssemblyLinearVelocity = Vector3.new(27.441,-25.327,26.287); hrp.CFrame = CFrame.new(66.457,257.499,-154.678); local lookDir = cam.CFrame.LookVector * Vector3.new(1,0,1); if lookDir.Magnitude > 0.01 then hrp.CFrame = CFrame.new(hrp.Position, hrp.Position + lookDir.Unit); end; task.wait(0.0330);
cam.CFrame = CFrame.new(66.214,263.490,-165.697,-0.998141,0.024119,-0.055970,0.000000,0.918358,0.395751,0.060946,0.395015,-0.916651); cam.FieldOfView = 70.00; hum:Move(Vector3.new(0.720,0,0.694), true); hrp.AssemblyLinearVelocity = Vector3.new(27.347,-31.867,26.385); hrp.CFrame = CFrame.new(67.369,256.532,-153.799); local lookDir = cam.CFrame.LookVector * Vector3.new(1,0,1); if lookDir.Magnitude > 0.01 then hrp.CFrame = CFrame.new(hrp.Position, hrp.Position + lookDir.Unit); end; task.wait(0.0336);
cam.CFrame = CFrame.new(67.125,262.414,-164.816,-0.998141,0.024119,-0.055970,0.000000,0.918358,0.395751,0.060946,0.395015,-0.916651); cam.FieldOfView = 70.00; hum:Move(Vector3.new(0.717,0,0.697), true); hrp.AssemblyLinearVelocity = Vector3.new(27.244,-38.407,26.491); hrp.CFrame = CFrame.new(68.278,255.347,-152.917); local lookDir = cam.CFrame.LookVector * Vector3.new(1,0,1); if lookDir.Magnitude > 0.01 then hrp.CFrame = CFrame.new(hrp.Position, hrp.Position + lookDir.Unit); end; task.wait(0.0334);
cam.CFrame = CFrame.new(68.483,260.392,-163.488,-0.998141,0.024119,-0.055970,0.000000,0.918358,0.395751,0.060946,0.395015,-0.916651); cam.FieldOfView = 70.00; hum:Move(Vector3.new(0.700,0,0.714), true); hrp.AssemblyLinearVelocity = Vector3.new(26.619,-48.217,27.119); hrp.CFrame = CFrame.new(69.627,253.161,-151.579); local lookDir = cam.CFrame.LookVector * Vector3.new(1,0,1); if lookDir.Magnitude > 0.01 then hrp.CFrame = CFrame.new(hrp.Position, hrp.Position + lookDir.Unit); end; task.wait(0.0501);
cam.CFrame = CFrame.new(69.360,258.771,-162.574,-0.998141,0.024119,-0.055970,0.000000,0.918358,0.395751,0.060946,0.395015,-0.916651); cam.FieldOfView = 70.00; hum:Move(Vector3.new(0.655,0,0.755), true); hrp.AssemblyLinearVelocity = Vector3.new(24.932,-54.757,28.676); hrp.CFrame = CFrame.new(70.478,251.432,-150.640); local lookDir = cam.CFrame.LookVector * Vector3.new(1,0,1); if lookDir.Magnitude > 0.01 then hrp.CFrame = CFrame.new(hrp.Position, hrp.Position + lookDir.Unit); end; task.wait(0.0330);
cam.CFrame = CFrame.new(70.567,255.931,-161.108,-0.998141,0.024119,-0.055970,0.000000,0.918358,0.395751,0.060946,0.395015,-0.916651); cam.FieldOfView = 70.00; hum:Move(Vector3.new(0.576,0,0.818), true); hrp.AssemblyLinearVelocity = Vector3.new(21.911,-64.567,31.046); hrp.CFrame = CFrame.new(71.636,248.428,-149.136); local lookDir = cam.CFrame.LookVector * Vector3.new(1,0,1); if lookDir.Magnitude > 0.01 then hrp.CFrame = CFrame.new(hrp.Position, hrp.Position + lookDir.Unit); end; task.wait(0.0497);
cam.CFrame = CFrame.new(71.618,254.430,-159.527,-0.998141,0.024119,-0.055970,0.000000,0.918358,0.395751,0.060946,0.395015,-0.916651); cam.FieldOfView = 70.00; hum:Move(Vector3.new(0.505,0,0.863), true); hrp.AssemblyLinearVelocity = Vector3.new(19.177,4.680,32.811); hrp.CFrame = CFrame.new(72.639,248.073,-147.523); local lookDir = cam.CFrame.LookVector * Vector3.new(1,0,1); if lookDir.Magnitude > 0.01 then hrp.CFrame = CFrame.new(hrp.Position, hrp.Position + lookDir.Unit); end; task.wait(0.0518);
cam.CFrame = CFrame.new(72.254,254.577,-158.431,-0.998141,0.024119,-0.055970,0.000000,0.918358,0.395751,0.060946,0.395015,-0.916651); cam.FieldOfView = 70.00; hum:Move(Vector3.new(0.491,0,0.871), true); hrp.AssemblyLinearVelocity = Vector3.new(18.820,53.153,33.017); hrp.CFrame = CFrame.new(73.268,249.016,-146.423); local lookDir = cam.CFrame.LookVector * Vector3.new(1,0,1); if lookDir.Magnitude > 0.01 then hrp.CFrame = CFrame.new(hrp.Position, hrp.Position + lookDir.Unit); end; task.wait(0.0342);
cam.CFrame = CFrame.new(72.883,256.349,-157.331,-0.998141,0.024119,-0.055970,0.000000,0.918358,0.395751,0.060946,0.395015,-0.916651); cam.FieldOfView = 70.00; hum:Move(Vector3.new(0.489,0,0.872), true); hrp.AssemblyLinearVelocity = Vector3.new(18.820,50.701,33.017); hrp.CFrame = CFrame.new(73.896,250.768,-145.323); local lookDir = cam.CFrame.LookVector * Vector3.new(1,0,1); if lookDir.Magnitude > 0.01 then hrp.CFrame = CFrame.new(hrp.Position, hrp.Position + lookDir.Unit); end; hum.Jump = true; task.wait(0.0330);
cam.CFrame = CFrame.new(73.817,258.782,-155.677,-0.998141,0.024119,-0.055970,0.000000,0.918358,0.395751,0.060946,0.395015,-0.916651); cam.FieldOfView = 70.00; hum:Move(Vector3.new(0.489,0,0.872), true); hrp.AssemblyLinearVelocity = Vector3.new(18.592,40.891,33.141); hrp.CFrame = CFrame.new(74.827,253.037,-143.667); local lookDir = cam.CFrame.LookVector * Vector3.new(1,0,1); if lookDir.Magnitude > 0.01 then hrp.CFrame = CFrame.new(hrp.Position, hrp.Position + lookDir.Unit); end; task.wait(0.0511);
cam.CFrame = CFrame.new(74.437,260.131,-154.573,-0.998141,0.024119,-0.055970,0.000000,0.918358,0.395751,0.060946,0.395015,-0.916651); cam.FieldOfView = 70.00; hum:Move(Vector3.new(0.489,0,0.872), true); hrp.AssemblyLinearVelocity = Vector3.new(18.592,34.351,33.141); hrp.CFrame = CFrame.new(75.447,254.277,-142.562); local lookDir = cam.CFrame.LookVector * Vector3.new(1,0,1); if lookDir.Magnitude > 0.01 then hrp.CFrame = CFrame.new(hrp.Position, hrp.Position + lookDir.Unit); end; task.wait(0.0330);
cam.CFrame = CFrame.new(75.135,261.389,-153.330,-0.998141,0.024119,-0.055970,0.000000,0.918358,0.395751,0.060946,0.395015,-0.916651); cam.FieldOfView = 70.00; hum:Move(Vector3.new(0.489,0,0.872), true); hrp.AssemblyLinearVelocity = Vector3.new(18.592,26.993,33.141); hrp.CFrame = CFrame.new(76.144,255.412,-141.319); local lookDir = cam.CFrame.LookVector * Vector3.new(1,0,1); if lookDir.Magnitude > 0.01 then hrp.CFrame = CFrame.new(hrp.Position, hrp.Position + lookDir.Unit); end; task.wait(0.0374);
cam.CFrame = CFrame.new(76.067,262.636,-151.674,-0.998141,0.024119,-0.055970,0.000000,0.918358,0.395751,0.060946,0.395015,-0.916651); cam.FieldOfView = 70.00; hum:Move(Vector3.new(0.500,0,0.866), true); hrp.AssemblyLinearVelocity = Vector3.new(18.982,17.183,32.919); hrp.CFrame = CFrame.new(77.083,256.496,-139.667); local lookDir = cam.CFrame.LookVector * Vector3.new(1,0,1); if lookDir.Magnitude > 0.01 then hrp.CFrame = CFrame.new(hrp.Position, hrp.Position + lookDir.Unit); end; task.wait(0.0472);
cam.CFrame = CFrame.new(76.940,263.349,-150.167,-0.998141,0.024119,-0.055970,0.000000,0.918358,0.395751,0.060946,0.395015,-0.916651); cam.FieldOfView = 70.00; hum:Move(Vector3.new(0.503,0,0.864), true); hrp.AssemblyLinearVelocity = Vector3.new(19.121,8.191,32.839); hrp.CFrame = CFrame.new(77.959,257.059,-138.162); local lookDir = cam.CFrame.LookVector * Vector3.new(1,0,1); if lookDir.Magnitude > 0.01 then hrp.CFrame = CFrame.new(hrp.Position, hrp.Position + lookDir.Unit); end; task.wait(0.0490);
cam.CFrame = CFrame.new(77.577,263.608,-149.072,-0.998141,0.024119,-0.055970,0.000000,0.918358,0.395751,0.060946,0.395015,-0.916651); cam.FieldOfView = 70.00; hum:Move(Vector3.new(0.496,0,0.868), true); hrp.AssemblyLinearVelocity = Vector3.new(18.865,1.651,32.987); hrp.CFrame = CFrame.new(78.592,257.209,-137.065); local lookDir = cam.CFrame.LookVector * Vector3.new(1,0,1); if lookDir.Magnitude > 0.01 then hrp.CFrame = CFrame.new(hrp.Position, hrp.Position + lookDir.Unit); end; task.wait(0.0331);
cam.CFrame = CFrame.new(78.193,263.650,-147.966,-0.998141,0.024119,-0.055970,0.000000,0.918358,0.395751,0.060946,0.395015,-0.916651); cam.FieldOfView = 70.00; hum:Move(Vector3.new(0.436,0,0.900), true); hrp.AssemblyLinearVelocity = Vector3.new(16.589,-5.707,34.188); hrp.CFrame = CFrame.new(79.243,257.118,-135.798); local lookDir = cam.CFrame.LookVector * Vector3.new(1,0,1); if lookDir.Magnitude > 0.01 then hrp.CFrame = CFrame.new(hrp.Position, hrp.Position + lookDir.Unit); end; task.wait(0.0351);
cam.CFrame = CFrame.new(79.039,263.252,-146.091,-0.998141,0.024119,-0.055970,0.000000,0.918358,0.395751,0.060946,0.395015,-0.916651); cam.FieldOfView = 70.00; hum:Move(Vector3.new(0.345,0,0.939), true); hrp.AssemblyLinearVelocity = Vector3.new(13.158,-14.699,35.649); hrp.CFrame = CFrame.new(79.905,256.632,-134.188); local lookDir = cam.CFrame.LookVector * Vector3.new(1,0,1); if lookDir.Magnitude > 0.01 then hrp.CFrame = CFrame.new(hrp.Position, hrp.Position + lookDir.Unit); end; task.wait(0.0478);
cam.CFrame = CFrame.new(79.625,262.466,-144.451,-0.998141,0.024119,-0.055970,0.000000,0.918358,0.395751,0.060946,0.395015,-0.916651); cam.FieldOfView = 70.00; hum:Move(Vector3.new(0.318,0,0.948), true); hrp.AssemblyLinearVelocity = Vector3.new(12.084,-24.509,36.028); hrp.CFrame = CFrame.new(80.527,255.631,-132.393); local lookDir = cam.CFrame.LookVector * Vector3.new(1,0,1); if lookDir.Magnitude > 0.01 then hrp.CFrame = CFrame.new(hrp.Position, hrp.Position + lookDir.Unit); end; task.wait(0.0500);
