-- V23 Full Path (476 acts) - 20260126_181540
local cam=workspace.CurrentCamera plr=game.Players.LocalPlayer char=plr.Character or plr.CharacterAdded:Wait() local hum=char:WaitForChild('Humanoid',5) hrp=char:WaitForChild('HumanoidRootPart',5) if not(hum and hrp)then return end hum.AutoRotate=false cam.CameraType=Enum.CameraType.Scriptable task.wait(1.5)

cam.CFrame=CFrame.new(41.481,249.382,-328.028,-0.978471,0.043916,-0.201658,0.000000,0.977099,0.212786,0.206384,0.208205,-0.956063) cam.FieldOfView=70.00 hum:Move(Vector3.zero,true) hrp.AssemblyLinearVelocity=Vector3.new(0.000,0.001,0.000) hrp.CFrame=CFrame.new(44.001,245.222,-316.078) local lookDir=cam.CFrame.LookVector*Vector3.new(1,0,1) if lookDir.Magnitude>0.01 then hrp.CFrame=CFrame.new(hrp.Position,hrp.Position+lookDir.Unit) end task.wait(0.0000)
cam.CFrame=CFrame.new(41.530,249.379,-327.877,-0.978471,0.043916,-0.201658,0.000000,0.977099,0.212786,0.206384,0.208205,-0.956063) cam.FieldOfView=70.00 hum:Move(Vector3.new(0.360,0,0.933),true) hrp.AssemblyLinearVelocity=Vector3.new(13.767,-1.017,34.447) hrp.CFrame=CFrame.new(44.250,245.207,-315.407) local lookDir=cam.CFrame.LookVector*Vector3.new(1,0,1) if lookDir.Magnitude>0.01 then hrp.CFrame=CFrame.new(hrp.Position,hrp.Position+lookDir.Unit) end task.wait(0.0346)
cam.CFrame=CFrame.new(42.159,249.340,-326.104,-0.978471,0.043916,-0.201658,0.000000,0.977099,0.212786,0.206384,0.208205,-0.956063) cam.FieldOfView=70.00 hum:Move(Vector3.new(0.277,0,0.961),true) hrp.AssemblyLinearVelocity=Vector3.new(11.261,-0.679,38.781) hrp.CFrame=CFrame.new(44.869,245.169,-313.515) local lookDir=cam.CFrame.LookVector*Vector3.new(1,0,1) if lookDir.Magnitude>0.01 then hrp.CFrame=CFrame.new(hrp.Position,hrp.Position+lookDir.Unit) end task.wait(0.0492)
cam.CFrame=CFrame.new(42.522,249.318,-324.822,-0.978471,0.043916,-0.201658,0.000000,0.977099,0.212786,0.206384,0.208205,-0.956063) cam.FieldOfView=70.00 hum:Move(Vector3.new(0.241,0,0.970),true) hrp.AssemblyLinearVelocity=Vector3.new(9.662,-0.564,39.103) hrp.CFrame=CFrame.new(45.207,245.149,-312.225) local lookDir=cam.CFrame.LookVector*Vector3.new(1,0,1) if lookDir.Magnitude>0.01 then hrp.CFrame=CFrame.new(hrp.Position,hrp.Position+lookDir.Unit) end task.wait(0.0333)
cam.CFrame=CFrame.new(42.843,249.300,-323.527,-0.978471,0.043916,-0.201658,0.000000,0.977099,0.212786,0.206384,0.208205,-0.956063) cam.FieldOfView=70.00 hum:Move(Vector3.new(0.229,0,0.973),true) hrp.AssemblyLinearVelocity=Vector3.new(9.080,0.304,39.129) hrp.CFrame=CFrame.new(45.555,245.142,-310.765) local lookDir=cam.CFrame.LookVector*Vector3.new(1,0,1) if lookDir.Magnitude>0.01 then hrp.CFrame=CFrame.new(hrp.Position,hrp.Position+lookDir.Unit) end task.wait(0.0366)
cam.CFrame=CFrame.new(43.168,249.777,-322.119,-0.978471,0.051666,-0.199813,0.000000,0.968159,0.250338,0.206384,0.244948,-0.947315) cam.FieldOfView=70.00 hum:Move(Vector3.new(0.203,0,0.979),true) hrp.AssemblyLinearVelocity=Vector3.new(8.045,0.784,39.278) hrp.CFrame=CFrame.new(45.803,245.160,-309.625) local lookDir=cam.CFrame.LookVector*Vector3.new(1,0,1) if lookDir.Magnitude>0.01 then hrp.CFrame=CFrame.new(hrp.Position,hrp.Position+lookDir.Unit) end task.wait(0.0330)
cam.CFrame=CFrame.new(43.431,249.952,-320.772,-0.978471,0.054115,-0.199163,0.000000,0.965013,0.262203,0.206384,0.256558,-0.944237) cam.FieldOfView=70.00 hum:Move(Vector3.new(0.164,0,0.986),true) hrp.AssemblyLinearVelocity=Vector3.new(6.462,1.220,39.516) hrp.CFrame=CFrame.new(46.059,245.199,-308.148) local lookDir=cam.CFrame.LookVector*Vector3.new(1,0,1) if lookDir.Magnitude>0.01 then hrp.CFrame=CFrame.new(hrp.Position,hrp.Position+lookDir.Unit) end task.wait(0.0334)
cam.CFrame=CFrame.new(43.648,249.992,-319.457,-0.978471,0.054115,-0.199163,0.000000,0.965013,0.262203,0.206384,0.256558,-0.944237) cam.FieldOfView=70.00 hum:Move(Vector3.new(0.151,0,0.988),true) hrp.AssemblyLinearVelocity=Vector3.new(5.975,1.354,39.567) hrp.CFrame=CFrame.new(46.239,245.237,-306.996) local lookDir=cam.CFrame.LookVector*Vector3.new(1,0,1) if lookDir.Magnitude>0.01 then hrp.CFrame=CFrame.new(hrp.Position,hrp.Position+lookDir.Unit) end task.wait(0.0330)
cam.CFrame=CFrame.new(43.840,249.930,-318.168,-0.978471,0.052317,-0.199643,0.000000,0.967338,0.253491,0.206384,0.248034,-0.946512) cam.FieldOfView=70.00 hum:Move(Vector3.new(0.138,0,0.990),true) hrp.AssemblyLinearVelocity=Vector3.new(5.457,2.048,39.547) hrp.CFrame=CFrame.new(46.428,245.293,-305.678) local lookDir=cam.CFrame.LookVector*Vector3.new(1,0,1) if lookDir.Magnitude>0.01 then hrp.CFrame=CFrame.new(hrp.Position,hrp.Position+lookDir.Unit) end task.wait(0.0331)
cam.CFrame=CFrame.new(44.036,249.375,-317.004,-0.979216,0.041247,-0.198584,0.000000,0.979103,0.203366,0.202822,0.199139,-0.958753) cam.FieldOfView=70.00 hum:Move(Vector3.new(0.129,0,0.992),true) hrp.AssemblyLinearVelocity=Vector3.new(5.082,3.122,39.503) hrp.CFrame=CFrame.new(46.604,245.381,-304.362) local lookDir=cam.CFrame.LookVector*Vector3.new(1,0,1) if lookDir.Magnitude>0.01 then hrp.CFrame=CFrame.new(hrp.Position,hrp.Position+lookDir.Unit) end task.wait(0.0330)
cam.CFrame=CFrame.new(44.492,248.952,-315.178,-0.982858,0.028898,-0.182083,0.000000,0.987639,0.156747,0.184362,0.154060,-0.970709) cam.FieldOfView=70.00 hum:Move(Vector3.new(0.114,0,0.993),true) hrp.AssemblyLinearVelocity=Vector3.new(4.513,3.500,39.581) hrp.CFrame=CFrame.new(46.844,245.551,-302.384) local lookDir=cam.CFrame.LookVector*Vector3.new(1,0,1) if lookDir.Magnitude>0.01 then hrp.CFrame=CFrame.new(hrp.Position,hrp.Position+lookDir.Unit) end task.wait(0.0504)
cam.CFrame=CFrame.new(44.710,248.999,-313.883,-0.983930,0.026957,-0.176507,0.000000,0.988538,0.150973,0.178554,0.148547,-0.972652) cam.FieldOfView=70.00 hum:Move(Vector3.new(0.103,0,0.995),true) hrp.AssemblyLinearVelocity=Vector3.new(4.051,4.126,39.526) hrp.CFrame=CFrame.new(46.985,245.678,-301.066) local lookDir=cam.CFrame.LookVector*Vector3.new(1,0,1) if lookDir.Magnitude>0.01 then hrp.CFrame=CFrame.new(hrp.Position,hrp.Position+lookDir.Unit) end task.wait(0.0330)
cam.CFrame=CFrame.new(44.913,249.210,-311.906,-0.983930,0.026957,-0.176507,0.000000,0.988538,0.150973,0.178554,0.148547,-0.972652) cam.FieldOfView=70.00 hum:Move(Vector3.new(0.101,0,0.995),true) hrp.AssemblyLinearVelocity=Vector3.new(3.992,4.184,39.604) hrp.CFrame=CFrame.new(47.187,245.893,-299.088) local lookDir=cam.CFrame.LookVector*Vector3.new(1,0,1) if lookDir.Magnitude>0.01 then hrp.CFrame=CFrame.new(hrp.Position,hrp.Position+lookDir.Unit) end task.wait(0.0502)
cam.CFrame=CFrame.new(45.050,249.435,-310.573,-0.983930,0.028204,-0.176312,0.000000,0.987446,0.157955,0.178554,0.155417,-0.971578) cam.FieldOfView=70.00 hum:Move(Vector3.new(0.099,0,0.995),true) hrp.AssemblyLinearVelocity=Vector3.new(3.926,3.841,39.633) hrp.CFrame=CFrame.new(47.319,246.025,-297.767) local lookDir=cam.CFrame.LookVector*Vector3.new(1,0,1) if lookDir.Magnitude>0.01 then hrp.CFrame=CFrame.new(hrp.Position,hrp.Position+lookDir.Unit) end task.wait(0.0344)
cam.CFrame=CFrame.new(45.320,249.818,-309.232,-0.985803,0.029937,-0.165213,0.000000,0.983976,0.178300,0.167903,0.175769,-0.970007) cam.FieldOfView=70.00 hum:Move(Vector3.new(0.097,0,0.995),true) hrp.AssemblyLinearVelocity=Vector3.new(3.856,3.816,39.630) hrp.CFrame=CFrame.new(47.498,246.201,-295.951) local lookDir=cam.CFrame.LookVector*Vector3.new(1,0,1) if lookDir.Magnitude>0.01 then hrp.CFrame=CFrame.new(hrp.Position,hrp.Position+lookDir.Unit) end task.wait(0.0448)
cam.CFrame=CFrame.new(45.731,250.208,-307.574,-0.989019,0.029136,-0.144890,0.000000,0.980374,0.197145,0.147791,0.194980,-0.969609) cam.FieldOfView=70.00 hum:Move(Vector3.new(0.079,0,0.997),true) hrp.AssemblyLinearVelocity=Vector3.new(3.167,2.562,39.856) hrp.CFrame=CFrame.new(47.583,246.278,-294.956) local lookDir=cam.CFrame.LookVector*Vector3.new(1,0,1) if lookDir.Magnitude>0.01 then hrp.CFrame=CFrame.new(hrp.Position,hrp.Position+lookDir.Unit) end task.wait(0.0330)
cam.CFrame=CFrame.new(45.826,250.306,-306.573,-0.989246,0.029276,-0.143305,0.000000,0.979764,0.200157,0.146265,0.198005,-0.969227) cam.FieldOfView=70.00 hum:Move(Vector3.new(0.066,0,0.998),true) hrp.AssemblyLinearVelocity=Vector3.new(2.628,1.205,39.913) hrp.CFrame=CFrame.new(47.662,246.328,-293.792) local lookDir=cam.CFrame.LookVector*Vector3.new(1,0,1) if lookDir.Magnitude>0.01 then hrp.CFrame=CFrame.new(hrp.Position,hrp.Position+lookDir.Unit) end task.wait(0.0330)
cam.CFrame=CFrame.new(45.918,250.346,-305.243,-0.989246,0.029276,-0.143305,0.000000,0.979764,0.200157,0.146265,0.198005,-0.969227) cam.FieldOfView=70.00 hum:Move(Vector3.new(0.087,0,0.996),true) hrp.AssemblyLinearVelocity=Vector3.new(3.470,0.561,39.848) hrp.CFrame=CFrame.new(47.766,246.354,-292.463) local lookDir=cam.CFrame.LookVector*Vector3.new(1,0,1) if lookDir.Magnitude>0.01 then hrp.CFrame=CFrame.new(hrp.Position,hrp.Position+lookDir.Unit) end task.wait(0.0335)
cam.CFrame=CFrame.new(46.043,250.362,-303.915,-0.989246,0.029276,-0.143305,0.000000,0.979764,0.200157,0.146265,0.198005,-0.969227) cam.FieldOfView=70.00 hum:Move(Vector3.new(0.121,0,0.993),true) hrp.AssemblyLinearVelocity=Vector3.new(4.845,-1.163,39.688) hrp.CFrame=CFrame.new(47.913,246.344,-291.138) local lookDir=cam.CFrame.LookVector*Vector3.new(1,0,1) if lookDir.Magnitude>0.01 then hrp.CFrame=CFrame.new(hrp.Position,hrp.Position+lookDir.Unit) end task.wait(0.0337)
cam.CFrame=CFrame.new(46.321,250.276,-301.937,-0.989246,0.029276,-0.143305,0.000000,0.979764,0.200157,0.146265,0.198005,-0.969227) cam.FieldOfView=70.00 hum:Move(Vector3.new(0.202,0,0.979),true) hrp.AssemblyLinearVelocity=Vector3.new(8.036,-2.432,39.110) hrp.CFrame=CFrame.new(48.243,246.234,-289.169) local lookDir=cam.CFrame.LookVector*Vector3.new(1,0,1) if lookDir.Magnitude>0.01 then hrp.CFrame=CFrame.new(hrp.Position,hrp.Position+lookDir.Unit) end task.wait(0.0497)
cam.CFrame=CFrame.new(46.609,250.195,-300.638,-0.989246,0.029276,-0.143305,0.000000,0.979764,0.200157,0.146265,0.198005,-0.969227) cam.FieldOfView=70.00 hum:Move(Vector3.new(0.279,0,0.960),true) hrp.AssemblyLinearVelocity=Vector3.new(11.134,-2.255,38.356) hrp.CFrame=CFrame.new(48.582,246.155,-287.883) local lookDir=cam.CFrame.LookVector*Vector3.new(1,0,1) if lookDir.Magnitude>0.01 then hrp.CFrame=CFrame.new(hrp.Position,hrp.Position+lookDir.Unit) end task.wait(0.0332)
cam.CFrame=CFrame.new(46.993,250.120,-299.364,-0.989246,0.029276,-0.143305,0.000000,0.979764,0.200157,0.146265,0.198005,-0.969227) cam.FieldOfView=70.00 hum:Move(Vector3.new(0.335,0,0.942),true) hrp.AssemblyLinearVelocity=Vector3.new(13.403,-2.225,37.627) hrp.CFrame=CFrame.new(49.005,246.081,-286.621) local lookDir=cam.CFrame.LookVector*Vector3.new(1,0,1) if lookDir.Magnitude>0.01 then hrp.CFrame=CFrame.new(hrp.Position,hrp.Position+lookDir.Unit) end task.wait(0.0334)
cam.CFrame=CFrame.new(47.450,250.043,-298.114,-0.989246,0.029276,-0.143305,0.000000,0.979764,0.200157,0.146265,0.198005,-0.969227) cam.FieldOfView=70.00 hum:Move(Vector3.new(0.394,0,0.919),true) hrp.AssemblyLinearVelocity=Vector3.new(15.753,-1.770,36.730) hrp.CFrame=CFrame.new(49.500,246.010,-285.385) local lookDir=cam.CFrame.LookVector*Vector3.new(1,0,1) if lookDir.Magnitude>0.01 then hrp.CFrame=CFrame.new(hrp.Position,hrp.Position+lookDir.Unit) end task.wait(0.0339)
cam.CFrame=CFrame.new(47.995,250.001,-296.898,-0.989246,0.029276,-0.143305,0.000000,0.979764,0.200157,0.146265,0.198005,-0.969227) cam.FieldOfView=70.00 hum:Move(Vector3.new(0.469,0,0.883),true) hrp.AssemblyLinearVelocity=Vector3.new(18.764,0.228,35.322) hrp.CFrame=CFrame.new(50.095,246.000,-284.193) local lookDir=cam.CFrame.LookVector*Vector3.new(1,0,1) if lookDir.Magnitude>0.01 then hrp.CFrame=CFrame.new(hrp.Position,hrp.Position+lookDir.Unit) end task.wait(0.0344)
cam.CFrame=CFrame.new(48.941,250.019,-295.137,-0.989246,0.029276,-0.143305,0.000000,0.979764,0.200157,0.146265,0.198005,-0.969227) cam.FieldOfView=70.00 hum:Move(Vector3.new(0.480,0,0.877),true) hrp.AssemblyLinearVelocity=Vector3.new(19.224,1.177,35.028) hrp.CFrame=CFrame.new(51.052,246.033,-282.438) local lookDir=cam.CFrame.LookVector*Vector3.new(1,0,1) if lookDir.Magnitude>0.01 then hrp.CFrame=CFrame.new(hrp.Position,hrp.Position+lookDir.Unit) end task.wait(0.0486)
cam.CFrame=CFrame.new(49.576,250.063,-293.967,-0.989246,0.029276,-0.143305,0.000000,0.979764,0.200157,0.146265,0.198005,-0.969227) cam.FieldOfView=70.00 hum:Move(Vector3.new(0.459,0,0.888),true) hrp.AssemblyLinearVelocity=Vector3.new(18.315,2.735,35.365) hrp.CFrame=CFrame.new(51.673,246.103,-281.263) local lookDir=cam.CFrame.LookVector*Vector3.new(1,0,1) if lookDir.Magnitude>0.01 then hrp.CFrame=CFrame.new(hrp.Position,hrp.Position+lookDir.Unit) end task.wait(0.0332)
cam.CFrame=CFrame.new(50.454,250.210,-292.180,-0.989246,0.029276,-0.143305,0.000000,0.979764,0.200157,0.146265,0.198005,-0.969227) cam.FieldOfView=70.00 hum:Move(Vector3.new(0.386,0,0.923),true) hrp.AssemblyLinearVelocity=Vector3.new(15.368,3.703,36.688) hrp.CFrame=CFrame.new(52.504,246.268,-279.455) local lookDir=cam.CFrame.LookVector*Vector3.new(1,0,1) if lookDir.Magnitude>0.01 then hrp.CFrame=CFrame.new(hrp.Position,hrp.Position+lookDir.Unit) end task.wait(0.0499)
cam.CFrame=CFrame.new(51.148,250.407,-290.319,-0.989246,0.029276,-0.143305,0.000000,0.979764,0.200157,0.146265,0.198005,-0.969227) cam.FieldOfView=70.00 hum:Move(Vector3.new(0.244,0,0.970),true) hrp.AssemblyLinearVelocity=Vector3.new(9.718,4.542,38.536) hrp.CFrame=CFrame.new(53.106,246.480,-277.563) local lookDir=cam.CFrame.LookVector*Vector3.new(1,0,1) if lookDir.Magnitude>0.01 then hrp.CFrame=CFrame.new(hrp.Position,hrp.Position+lookDir.Unit) end task.wait(0.0499)
cam.CFrame=CFrame.new(51.441,250.559,-289.029,-0.989246,0.029276,-0.143305,0.000000,0.979764,0.200157,0.146265,0.198005,-0.969227) cam.FieldOfView=70.00 hum:Move(Vector3.new(0.105,0,0.994),true) hrp.AssemblyLinearVelocity=Vector3.new(4.193,4.637,39.532) hrp.CFrame=CFrame.new(53.309,246.634,-276.256) local lookDir=cam.CFrame.LookVector*Vector3.new(1,0,1) if lookDir.Magnitude>0.01 then hrp.CFrame=CFrame.new(hrp.Position,hrp.Position+lookDir.Unit) end task.wait(0.0334)
cam.CFrame=CFrame.new(51.556,250.715,-287.710,-0.989246,0.029276,-0.143305,0.000000,0.979764,0.200157,0.146265,0.198005,-0.969227) cam.FieldOfView=70.00 hum:Move(Vector3.new(0.023,0,1.000),true) hrp.AssemblyLinearVelocity=Vector3.new(0.870,4.845,39.694) hrp.CFrame=CFrame.new(53.366,246.793,-274.934) local lookDir=cam.CFrame.LookVector*Vector3.new(1,0,1) if lookDir.Magnitude>0.01 then hrp.CFrame=CFrame.new(hrp.Position,hrp.Position+lookDir.Unit) end task.wait(0.0342)
cam.CFrame=CFrame.new(51.585,250.877,-286.388,-0.989246,0.029276,-0.143305,0.000000,0.979764,0.200157,0.146265,0.198005,-0.969227) cam.FieldOfView=70.00 hum:Move(Vector3.new(0.016,0,1.000),true) hrp.AssemblyLinearVelocity=Vector3.new(0.581,4.952,39.704) hrp.CFrame=CFrame.new(53.387,246.958,-273.611) local lookDir=cam.CFrame.LookVector*Vector3.new(1,0,1) if lookDir.Magnitude>0.01 then hrp.CFrame=CFrame.new(hrp.Position,hrp.Position+lookDir.Unit) end task.wait(0.0330)
cam.CFrame=CFrame.new(51.606,251.042,-285.064,-0.989246,0.029276,-0.143305,0.000000,0.979764,0.200157,0.146265,0.198005,-0.969227) cam.FieldOfView=70.00 hum:Move(Vector3.new(0.024,0,1.000),true) hrp.AssemblyLinearVelocity=Vector3.new(0.905,4.715,39.735) hrp.CFrame=CFrame.new(53.413,247.119,-272.287) local lookDir=cam.CFrame.LookVector*Vector3.new(1,0,1) if lookDir.Magnitude>0.01 then hrp.CFrame=CFrame.new(hrp.Position,hrp.Position+lookDir.Unit) end task.wait(0.0332)
cam.CFrame=CFrame.new(51.641,251.199,-283.740,-0.989246,0.029276,-0.143305,0.000000,0.979764,0.200157,0.146265,0.198005,-0.969227) cam.FieldOfView=70.00 hum:Move(Vector3.new(0.045,0,0.999),true) hrp.AssemblyLinearVelocity=Vector3.new(1.757,4.651,39.678) hrp.CFrame=CFrame.new(53.461,247.274,-270.963) local lookDir=cam.CFrame.LookVector*Vector3.new(1,0,1) if lookDir.Magnitude>0.01 then hrp.CFrame=CFrame.new(hrp.Position,hrp.Position+lookDir.Unit) end task.wait(0.0333)
cam.CFrame=CFrame.new(51.760,251.459,-281.594,-0.989246,0.029276,-0.143305,0.000000,0.979764,0.200157,0.146265,0.198005,-0.969227) cam.FieldOfView=70.00 hum:Move(Vector3.new(0.084,0,0.996),true) hrp.AssemblyLinearVelocity=Vector3.new(3.315,4.942,39.562) hrp.CFrame=CFrame.new(53.605,247.540,-268.819) local lookDir=cam.CFrame.LookVector*Vector3.new(1,0,1) if lookDir.Magnitude>0.01 then hrp.CFrame=CFrame.new(hrp.Position,hrp.Position+lookDir.Unit) end task.wait(0.0539)
cam.CFrame=CFrame.new(51.862,251.603,-280.440,-0.989246,0.029276,-0.143305,0.000000,0.979764,0.200157,0.146265,0.198005,-0.969227) cam.FieldOfView=70.00 hum:Move(Vector3.new(0.119,0,0.993),true) hrp.AssemblyLinearVelocity=Vector3.new(4.710,4.741,39.458) hrp.CFrame=CFrame.new(53.730,247.681,-267.667) local lookDir=cam.CFrame.LookVector*Vector3.new(1,0,1) if lookDir.Magnitude>0.01 then hrp.CFrame=CFrame.new(hrp.Position,hrp.Position+lookDir.Unit) end task.wait(0.0330)
cam.CFrame=CFrame.new(52.026,251.761,-279.126,-0.989246,0.029276,-0.143305,0.000000,0.979764,0.200157,0.146265,0.198005,-0.969227) cam.FieldOfView=70.00 hum:Move(Vector3.new(0.144,0,0.990),true) hrp.AssemblyLinearVelocity=Vector3.new(5.730,4.523,39.342) hrp.CFrame=CFrame.new(53.912,247.835,-266.355) local lookDir=cam.CFrame.LookVector*Vector3.new(1,0,1) if lookDir.Magnitude>0.01 then hrp.CFrame=CFrame.new(hrp.Position,hrp.Position+lookDir.Unit) end task.wait(0.0330)
cam.CFrame=CFrame.new(52.322,251.985,-277.160,-0.989246,0.029276,-0.143305,0.000000,0.979764,0.200157,0.146265,0.198005,-0.969227) cam.FieldOfView=70.00 hum:Move(Vector3.new(0.168,0,0.986),true) hrp.AssemblyLinearVelocity=Vector3.new(6.676,4.256,39.220) hrp.CFrame=CFrame.new(54.224,248.054,-264.391) local lookDir=cam.CFrame.LookVector*Vector3.new(1,0,1) if lookDir.Magnitude>0.01 then hrp.CFrame=CFrame.new(hrp.Position,hrp.Position+lookDir.Unit) end task.wait(0.0506)
cam.CFrame=CFrame.new(52.549,252.126,-275.853,-0.989246,0.029276,-0.143305,0.000000,0.979764,0.200157,0.146265,0.198005,-0.969227) cam.FieldOfView=70.00 hum:Move(Vector3.new(0.182,0,0.983),true) hrp.AssemblyLinearVelocity=Vector3.new(7.270,4.013,39.146) hrp.CFrame=CFrame.new(54.461,248.192,-263.085) local lookDir=cam.CFrame.LookVector*Vector3.new(1,0,1) if lookDir.Magnitude>0.01 then hrp.CFrame=CFrame.new(hrp.Position,hrp.Position+lookDir.Unit) end task.wait(0.0332)
cam.CFrame=CFrame.new(52.792,252.258,-274.548,-0.989246,0.029276,-0.143305,0.000000,0.979764,0.200157,0.146265,0.198005,-0.969227) cam.FieldOfView=70.00 hum:Move(Vector3.new(0.187,0,0.982),true) hrp.AssemblyLinearVelocity=Vector3.new(7.450,3.424,39.181) hrp.CFrame=CFrame.new(54.738,248.330,-261.616) local lookDir=cam.CFrame.LookVector*Vector3.new(1,0,1) if lookDir.Magnitude>0.01 then hrp.CFrame=CFrame.new(hrp.Position,hrp.Position+lookDir.Unit) end task.wait(0.0358)
cam.CFrame=CFrame.new(53.164,252.423,-272.588,-0.989246,0.029276,-0.143305,0.000000,0.979764,0.200157,0.146265,0.198005,-0.969227) cam.FieldOfView=70.00 hum:Move(Vector3.new(0.187,0,0.982),true) hrp.AssemblyLinearVelocity=Vector3.new(7.451,2.818,39.210) hrp.CFrame=CFrame.new(55.080,248.469,-259.819) local lookDir=cam.CFrame.LookVector*Vector3.new(1,0,1) if lookDir.Magnitude>0.01 then hrp.CFrame=CFrame.new(hrp.Position,hrp.Position+lookDir.Unit) end task.wait(0.0479)
cam.CFrame=CFrame.new(53.413,252.517,-271.281,-0.989246,0.029276,-0.143305,0.000000,0.979764,0.200157,0.146265,0.198005,-0.969227) cam.FieldOfView=70.00 hum:Move(Vector3.new(0.187,0,0.982),true) hrp.AssemblyLinearVelocity=Vector3.new(7.458,2.365,39.254) hrp.CFrame=CFrame.new(55.328,248.556,-258.511) local lookDir=cam.CFrame.LookVector*Vector3.new(1,0,1) if lookDir.Magnitude>0.01 then hrp.CFrame=CFrame.new(hrp.Position,hrp.Position+lookDir.Unit) end task.wait(0.0330)
cam.CFrame=CFrame.new(53.661,252.594,-269.972,-0.989246,0.029276,-0.143305,0.000000,0.979764,0.200157,0.146265,0.198005,-0.969227) cam.FieldOfView=70.00 hum:Move(Vector3.new(0.187,0,0.982),true) hrp.AssemblyLinearVelocity=Vector3.new(7.460,1.731,39.274) hrp.CFrame=CFrame.new(55.577,248.622,-257.202) local lookDir=cam.CFrame.LookVector*Vector3.new(1,0,1) if lookDir.Magnitude>0.01 then hrp.CFrame=CFrame.new(hrp.Position,hrp.Position+lookDir.Unit) end task.wait(0.0344)
cam.CFrame=CFrame.new(53.910,252.651,-268.663,-0.989246,0.029276,-0.143305,0.000000,0.979764,0.200157,0.146265,0.198005,-0.969227) cam.FieldOfView=70.00 hum:Move(Vector3.new(0.187,0,0.982),true) hrp.AssemblyLinearVelocity=Vector3.new(7.460,1.466,39.277) hrp.CFrame=CFrame.new(55.825,248.674,-255.893) local lookDir=cam.CFrame.LookVector*Vector3.new(1,0,1) if lookDir.Magnitude>0.01 then hrp.CFrame=CFrame.new(hrp.Position,hrp.Position+lookDir.Unit) end task.wait(0.0336)
cam.CFrame=CFrame.new(54.158,252.700,-267.354,-0.989246,0.029276,-0.143305,0.000000,0.979764,0.200157,0.146265,0.198005,-0.969227) cam.FieldOfView=70.00 hum:Move(Vector3.new(0.187,0,0.982),true) hrp.AssemblyLinearVelocity=Vector3.new(7.461,1.264,39.282) hrp.CFrame=CFrame.new(56.074,248.720,-254.584) local lookDir=cam.CFrame.LookVector*Vector3.new(1,0,1) if lookDir.Magnitude>0.01 then hrp.CFrame=CFrame.new(hrp.Position,hrp.Position+lookDir.Unit) end task.wait(0.0345)
cam.CFrame=CFrame.new(54.283,252.722,-266.699,-0.989246,0.029276,-0.143305,0.000000,0.979764,0.200157,0.146265,0.198005,-0.969227) cam.FieldOfView=70.00 hum:Move(Vector3.new(0.187,0,0.982),true) hrp.AssemblyLinearVelocity=Vector3.new(7.460,1.157,39.283) hrp.CFrame=CFrame.new(56.291,248.755,-253.438) local lookDir=cam.CFrame.LookVector*Vector3.new(1,0,1) if lookDir.Magnitude>0.01 then hrp.CFrame=CFrame.new(hrp.Position,hrp.Position+lookDir.Unit) end task.wait(0.0330)
cam.CFrame=CFrame.new(54.500,252.757,-265.553,-0.989246,0.029276,-0.143305,0.000000,0.979764,0.200157,0.146265,0.198005,-0.969227) cam.FieldOfView=70.00 hum:Move(Vector3.new(0.179,0,0.984),true) hrp.AssemblyLinearVelocity=Vector3.new(7.168,1.151,39.336) hrp.CFrame=CFrame.new(56.531,248.793,-252.127) local lookDir=cam.CFrame.LookVector*Vector3.new(1,0,1) if lookDir.Magnitude>0.01 then hrp.CFrame=CFrame.new(hrp.Position,hrp.Position+lookDir.Unit) end task.wait(0.0330)
cam.CFrame=CFrame.new(54.740,252.795,-264.242,-0.989246,0.029276,-0.143305,0.000000,0.979764,0.200157,0.146265,0.198005,-0.969227) cam.FieldOfView=70.00 hum:Move(Vector3.new(0.159,0,0.987),true) hrp.AssemblyLinearVelocity=Vector3.new(6.356,1.036,39.478) hrp.CFrame=CFrame.new(56.692,248.820,-251.140) local lookDir=cam.CFrame.LookVector*Vector3.new(1,0,1) if lookDir.Magnitude>0.01 then hrp.CFrame=CFrame.new(hrp.Position,hrp.Position+lookDir.Unit) end task.wait(0.0330)
cam.CFrame=CFrame.new(55.089,252.858,-261.936,-0.989246,0.029276,-0.143305,0.000000,0.979764,0.200157,0.146265,0.198005,-0.969227) cam.FieldOfView=70.00 hum:Move(Vector3.new(0.131,0,0.991),true) hrp.AssemblyLinearVelocity=Vector3.new(5.237,1.164,39.638) hrp.CFrame=CFrame.new(56.946,248.870,-249.326) local lookDir=cam.CFrame.LookVector*Vector3.new(1,0,1) if lookDir.Magnitude>0.01 then hrp.CFrame=CFrame.new(hrp.Position,hrp.Position+lookDir.Unit) end task.wait(0.0464)
cam.CFrame=CFrame.new(55.670,253.484,-260.699,-0.993653,0.027848,-0.108989,0.000000,0.968873,0.247557,0.112490,0.245986,-0.962724) cam.FieldOfView=70.00 hum:Move(Vector3.new(0.119,0,0.993),true) hrp.AssemblyLinearVelocity=Vector3.new(4.770,0.944,39.709) hrp.CFrame=CFrame.new(57.113,248.906,-248.003) local lookDir=cam.CFrame.LookVector*Vector3.new(1,0,1) if lookDir.Magnitude>0.01 then hrp.CFrame=CFrame.new(hrp.Position,hrp.Position+lookDir.Unit) end task.wait(0.0330)
cam.CFrame=CFrame.new(56.149,254.178,-259.217,-0.996266,0.025965,-0.082342,0.000000,0.953709,0.300731,0.086339,0.299608,-0.950148) cam.FieldOfView=70.00 hum:Move(Vector3.new(0.077,0,0.997),true) hrp.AssemblyLinearVelocity=Vector3.new(3.090,0.409,39.881) hrp.CFrame=CFrame.new(57.232,248.927,-246.675) local lookDir=cam.CFrame.LookVector*Vector3.new(1,0,1) if lookDir.Magnitude>0.01 then hrp.CFrame=CFrame.new(hrp.Position,hrp.Position+lookDir.Unit) end task.wait(0.0330)
cam.CFrame=CFrame.new(56.286,254.307,-257.853,-0.996514,0.025866,-0.079315,0.000000,0.950723,0.310043,0.083426,0.308962,-0.947408) cam.FieldOfView=70.00 hum:Move(Vector3.new(0.059,0,0.998),true) hrp.AssemblyLinearVelocity=Vector3.new(2.355,0.085,39.931) hrp.CFrame=CFrame.new(57.317,248.933,-245.345) local lookDir=cam.CFrame.LookVector*Vector3.new(1,0,1) if lookDir.Magnitude>0.01 then hrp.CFrame=CFrame.new(hrp.Position,hrp.Position+lookDir.Unit) end task.wait(0.0341)
cam.CFrame=CFrame.new(56.424,254.344,-256.515,-0.996923,0.024525,-0.074454,0.000000,0.949798,0.312864,0.078389,0.311901,-0.946875) cam.FieldOfView=70.00 hum:Move(Vector3.new(0.049,0,0.999),true) hrp.AssemblyLinearVelocity=Vector3.new(1.964,-0.409,39.950) hrp.CFrame=CFrame.new(57.388,248.927,-244.013) local lookDir=cam.CFrame.LookVector*Vector3.new(1,0,1) if lookDir.Magnitude>0.01 then hrp.CFrame=CFrame.new(hrp.Position,hrp.Position+lookDir.Unit) end task.wait(0.0334)
cam.CFrame=CFrame.new(56.572,254.332,-255.188,-0.997468,0.022277,-0.067544,0.000000,0.949679,0.313223,0.071123,0.312430,-0.947275) cam.FieldOfView=70.00 hum:Move(Vector3.new(0.036,0,0.999),true) hrp.AssemblyLinearVelocity=Vector3.new(1.435,-1.187,39.957) hrp.CFrame=CFrame.new(57.441,248.898,-242.681) local lookDir=cam.CFrame.LookVector*Vector3.new(1,0,1) if lookDir.Magnitude>0.01 then hrp.CFrame=CFrame.new(hrp.Position,hrp.Position+lookDir.Unit) end task.wait(0.0330)
cam.CFrame=CFrame.new(56.691,254.322,-253.850,-0.997890,0.020510,-0.061609,0.000000,0.948804,0.315865,0.064934,0.315198,-0.946802) cam.FieldOfView=70.00 hum:Move(Vector3.new(0.026,0,1.000),true) hrp.AssemblyLinearVelocity=Vector3.new(1.030,-1.430,39.962) hrp.CFrame=CFrame.new(57.479,248.850,-241.349) local lookDir=cam.CFrame.LookVector*Vector3.new(1,0,1) if lookDir.Magnitude>0.01 then hrp.CFrame=CFrame.new(hrp.Position,hrp.Position+lookDir.Unit) end task.wait(0.0334)
cam.CFrame=CFrame.new(56.738,254.367,-252.488,-0.997960,0.020637,-0.060418,0.000000,0.946321,0.323228,0.063845,0.322569,-0.944390) cam.FieldOfView=70.00 hum:Move(Vector3.new(0.020,0,1.000),true) hrp.AssemblyLinearVelocity=Vector3.new(0.788,-1.512,39.964) hrp.CFrame=CFrame.new(57.507,248.802,-240.017) local lookDir=cam.CFrame.LookVector*Vector3.new(1,0,1) if lookDir.Magnitude>0.01 then hrp.CFrame=CFrame.new(hrp.Position,hrp.Position+lookDir.Unit) end task.wait(0.0330)
cam.CFrame=CFrame.new(56.765,254.369,-251.138,-0.997960,0.020913,-0.060323,0.000000,0.944831,0.327558,0.063845,0.326889,-0.942904) cam.FieldOfView=70.00 hum:Move(Vector3.new(0.019,0,1.000),true) hrp.AssemblyLinearVelocity=Vector3.new(0.761,-1.891,39.948) hrp.CFrame=CFrame.new(57.532,248.744,-238.685) local lookDir=cam.CFrame.LookVector*Vector3.new(1,0,1) if lookDir.Magnitude>0.01 then hrp.CFrame=CFrame.new(hrp.Position,hrp.Position+lookDir.Unit) end task.wait(0.0332)
cam.CFrame=CFrame.new(56.791,254.316,-249.802,-0.997960,0.020970,-0.060303,0.000000,0.944522,0.328448,0.063845,0.327778,-0.942595) cam.FieldOfView=70.00 hum:Move(Vector3.new(0.019,0,1.000),true) hrp.AssemblyLinearVelocity=Vector3.new(0.763,-2.005,39.943) hrp.CFrame=CFrame.new(57.558,248.677,-237.354) local lookDir=cam.CFrame.LookVector*Vector3.new(1,0,1) if lookDir.Magnitude>0.01 then hrp.CFrame=CFrame.new(hrp.Position,hrp.Position+lookDir.Unit) end task.wait(0.0339)
cam.CFrame=CFrame.new(56.817,254.250,-248.471,-0.997960,0.020970,-0.060303,0.000000,0.944522,0.328448,0.063845,0.327778,-0.942595) cam.FieldOfView=70.00 hum:Move(Vector3.new(0.019,0,1.000),true) hrp.AssemblyLinearVelocity=Vector3.new(0.764,-1.994,39.943) hrp.CFrame=CFrame.new(57.583,248.611,-236.022) local lookDir=cam.CFrame.LookVector*Vector3.new(1,0,1) if lookDir.Magnitude>0.01 then hrp.CFrame=CFrame.new(hrp.Position,hrp.Position+lookDir.Unit) end task.wait(0.0338)
cam.CFrame=CFrame.new(56.855,254.145,-246.474,-0.997960,0.020970,-0.060303,0.000000,0.944522,0.328448,0.063845,0.327778,-0.942595) cam.FieldOfView=70.00 hum:Move(Vector3.new(0.019,0,1.000),true) hrp.AssemblyLinearVelocity=Vector3.new(0.765,-2.337,39.924) hrp.CFrame=CFrame.new(57.622,248.501,-234.026) local lookDir=cam.CFrame.LookVector*Vector3.new(1,0,1) if lookDir.Magnitude>0.01 then hrp.CFrame=CFrame.new(hrp.Position,hrp.Position+lookDir.Unit) end task.wait(0.0490)
cam.CFrame=CFrame.new(56.894,254.037,-244.477,-0.997960,0.020970,-0.060303,0.000000,0.944522,0.328448,0.063845,0.327778,-0.942595) cam.FieldOfView=70.00 hum:Move(Vector3.new(0.019,0,1.000),true) hrp.AssemblyLinearVelocity=Vector3.new(0.766,-1.770,39.953) hrp.CFrame=CFrame.new(57.660,248.402,-232.029) local lookDir=cam.CFrame.LookVector*Vector3.new(1,0,1) if lookDir.Magnitude>0.01 then hrp.CFrame=CFrame.new(hrp.Position,hrp.Position+lookDir.Unit) end task.wait(0.0505)
cam.CFrame=CFrame.new(56.919,253.978,-243.145,-0.997960,0.020970,-0.060303,0.000000,0.944522,0.328448,0.063845,0.327778,-0.942595) cam.FieldOfView=70.00 hum:Move(Vector3.new(0.019,0,1.000),true) hrp.AssemblyLinearVelocity=Vector3.new(0.767,-1.835,39.951) hrp.CFrame=CFrame.new(57.686,248.341,-230.697) local lookDir=cam.CFrame.LookVector*Vector3.new(1,0,1) if lookDir.Magnitude>0.01 then hrp.CFrame=CFrame.new(hrp.Position,hrp.Position+lookDir.Unit) end task.wait(0.0330)
cam.CFrame=CFrame.new(56.945,253.916,-241.814,-0.997960,0.020970,-0.060303,0.000000,0.944522,0.328448,0.063845,0.327778,-0.942595) cam.FieldOfView=70.00 hum:Move(Vector3.new(0.022,0,1.000),true) hrp.AssemblyLinearVelocity=Vector3.new(0.862,-1.467,39.964) hrp.CFrame=CFrame.new(57.713,248.285,-229.365) local lookDir=cam.CFrame.LookVector*Vector3.new(1,0,1) if lookDir.Magnitude>0.01 then hrp.CFrame=CFrame.new(hrp.Position,hrp.Position+lookDir.Unit) end task.wait(0.0334)
cam.CFrame=CFrame.new(56.976,253.869,-240.482,-0.997960,0.020970,-0.060303,0.000000,0.944522,0.328448,0.063845,0.327778,-0.942595) cam.FieldOfView=70.00 hum:Move(Vector3.new(0.030,0,1.000),true) hrp.AssemblyLinearVelocity=Vector3.new(1.194,-0.833,39.973) hrp.CFrame=CFrame.new(57.749,248.249,-228.033) local lookDir=cam.CFrame.LookVector*Vector3.new(1,0,1) if lookDir.Magnitude>0.01 then hrp.CFrame=CFrame.new(hrp.Position,hrp.Position+lookDir.Unit) end task.wait(0.0333)
cam.CFrame=CFrame.new(56.936,253.611,-239.221,-0.997521,0.021820,-0.066907,0.000000,0.950721,0.310048,0.070375,0.309280,-0.948364) cam.FieldOfView=70.00 hum:Move(Vector3.new(0.044,0,0.999),true) hrp.AssemblyLinearVelocity=Vector3.new(1.768,-0.731,39.954) hrp.CFrame=CFrame.new(57.801,248.223,-226.701) local lookDir=cam.CFrame.LookVector*Vector3.new(1,0,1) if lookDir.Magnitude>0.01 then hrp.CFrame=CFrame.new(hrp.Position,hrp.Position+lookDir.Unit) end task.wait(0.0335)
cam.CFrame=CFrame.new(56.968,253.404,-237.946,-0.997365,0.021431,-0.069314,0.000000,0.955378,0.295387,0.072551,0.294609,-0.952860) cam.FieldOfView=70.00 hum:Move(Vector3.new(0.053,0,0.999),true) hrp.AssemblyLinearVelocity=Vector3.new(2.116,-0.450,39.942) hrp.CFrame=CFrame.new(57.869,248.204,-225.369) local lookDir=cam.CFrame.LookVector*Vector3.new(1,0,1) if lookDir.Magnitude>0.01 then hrp.CFrame=CFrame.new(hrp.Position,hrp.Position+lookDir.Unit) end task.wait(0.0345)
cam.CFrame=CFrame.new(57.036,253.295,-236.644,-0.997365,0.020867,-0.069486,0.000000,0.957747,0.287613,0.072551,0.286855,-0.955223) cam.FieldOfView=70.00 hum:Move(Vector3.new(0.053,0,0.999),true) hrp.AssemblyLinearVelocity=Vector3.new(2.117,-0.024,39.944) hrp.CFrame=CFrame.new(57.940,248.199,-224.038) local lookDir=cam.CFrame.LookVector*Vector3.new(1,0,1) if lookDir.Magnitude>0.01 then hrp.CFrame=CFrame.new(hrp.Position,hrp.Position+lookDir.Unit) end task.wait(0.0330)
cam.CFrame=CFrame.new(57.103,253.144,-235.357,-0.997365,0.019995,-0.069742,0.000000,0.961274,0.275594,0.072551,0.274867,-0.958741) cam.FieldOfView=70.00 hum:Move(Vector3.new(0.053,0,0.999),true) hrp.AssemblyLinearVelocity=Vector3.new(2.116,0.141,39.944) hrp.CFrame=CFrame.new(58.010,248.202,-222.707) local lookDir=cam.CFrame.LookVector*Vector3.new(1,0,1) if lookDir.Magnitude>0.01 then hrp.CFrame=CFrame.new(hrp.Position,hrp.Position+lookDir.Unit) end task.wait(0.0334)
cam.CFrame=CFrame.new(57.172,253.046,-234.054,-0.997365,0.019393,-0.069912,0.000000,0.963615,0.267295,0.072551,0.266591,-0.961075) cam.FieldOfView=70.00 hum:Move(Vector3.new(0.053,0,0.999),true) hrp.AssemblyLinearVelocity=Vector3.new(2.116,0.271,39.943) hrp.CFrame=CFrame.new(58.089,248.211,-221.209) local lookDir=cam.CFrame.LookVector*Vector3.new(1,0,1) if lookDir.Magnitude>0.01 then hrp.CFrame=CFrame.new(hrp.Position,hrp.Position+lookDir.Unit) end task.wait(0.0370)
cam.CFrame=CFrame.new(57.242,253.056,-232.723,-0.997365,0.019393,-0.069912,0.000000,0.963615,0.267295,0.072551,0.266591,-0.961075) cam.FieldOfView=70.00 hum:Move(Vector3.new(0.053,0,0.999),true) hrp.AssemblyLinearVelocity=Vector3.new(2.115,0.084,39.942) hrp.CFrame=CFrame.new(58.151,248.216,-220.044) local lookDir=cam.CFrame.LookVector*Vector3.new(1,0,1) if lookDir.Magnitude>0.01 then hrp.CFrame=CFrame.new(hrp.Position,hrp.Position+lookDir.Unit) end task.wait(0.0330)
cam.CFrame=CFrame.new(57.348,253.065,-230.726,-0.997365,0.019393,-0.069912,0.000000,0.963615,0.267295,0.072551,0.266591,-0.961075) cam.FieldOfView=70.00 hum:Move(Vector3.new(0.053,0,0.999),true) hrp.AssemblyLinearVelocity=Vector3.new(2.114,0.457,39.940) hrp.CFrame=CFrame.new(58.257,248.231,-218.047) local lookDir=cam.CFrame.LookVector*Vector3.new(1,0,1) if lookDir.Magnitude>0.01 then hrp.CFrame=CFrame.new(hrp.Position,hrp.Position+lookDir.Unit) end task.wait(0.0475)
cam.CFrame=CFrame.new(57.418,253.080,-229.394,-0.997365,0.019393,-0.069912,0.000000,0.963615,0.267295,0.072551,0.266591,-0.961075) cam.FieldOfView=70.00 hum:Move(Vector3.new(0.053,0,0.999),true) hrp.AssemblyLinearVelocity=Vector3.new(2.114,0.554,39.940) hrp.CFrame=CFrame.new(58.327,248.248,-216.715) local lookDir=cam.CFrame.LookVector*Vector3.new(1,0,1) if lookDir.Magnitude>0.01 then hrp.CFrame=CFrame.new(hrp.Position,hrp.Position+lookDir.Unit) end task.wait(0.0336)
cam.CFrame=CFrame.new(57.489,253.099,-228.063,-0.997365,0.019393,-0.069912,0.000000,0.963615,0.267295,0.072551,0.266591,-0.961075) cam.FieldOfView=70.00 hum:Move(Vector3.new(0.053,0,0.999),true) hrp.AssemblyLinearVelocity=Vector3.new(2.114,0.665,39.937) hrp.CFrame=CFrame.new(58.398,248.268,-215.384) local lookDir=cam.CFrame.LookVector*Vector3.new(1,0,1) if lookDir.Magnitude>0.01 then hrp.CFrame=CFrame.new(hrp.Position,hrp.Position+lookDir.Unit) end task.wait(0.0344)
cam.CFrame=CFrame.new(57.568,253.125,-226.566,-0.997365,0.019393,-0.069912,0.000000,0.963615,0.267295,0.072551,0.266591,-0.961075) cam.FieldOfView=70.00 hum:Move(Vector3.new(0.053,0,0.999),true) hrp.AssemblyLinearVelocity=Vector3.new(2.114,0.858,39.934) hrp.CFrame=CFrame.new(58.477,248.298,-213.887) local lookDir=cam.CFrame.LookVector*Vector3.new(1,0,1) if lookDir.Magnitude>0.01 then hrp.CFrame=CFrame.new(hrp.Position,hrp.Position+lookDir.Unit) end task.wait(0.0366)
cam.CFrame=CFrame.new(57.629,253.150,-225.401,-0.997365,0.019393,-0.069912,0.000000,0.963615,0.267295,0.072551,0.266591,-0.961075) cam.FieldOfView=70.00 hum:Move(Vector3.new(0.053,0,0.999),true) hrp.AssemblyLinearVelocity=Vector3.new(2.114,0.800,39.937) hrp.CFrame=CFrame.new(58.539,248.322,-212.722) local lookDir=cam.CFrame.LookVector*Vector3.new(1,0,1) if lookDir.Magnitude>0.01 then hrp.CFrame=CFrame.new(hrp.Position,hrp.Position+lookDir.Unit) end task.wait(0.0330)
cam.CFrame=CFrame.new(57.699,253.177,-224.070,-0.997365,0.019393,-0.069912,0.000000,0.963615,0.267295,0.072551,0.266591,-0.961075) cam.FieldOfView=70.00 hum:Move(Vector3.new(0.048,0,0.999),true) hrp.AssemblyLinearVelocity=Vector3.new(1.909,0.971,39.938) hrp.CFrame=CFrame.new(58.613,248.355,-211.224) local lookDir=cam.CFrame.LookVector*Vector3.new(1,0,1) if lookDir.Magnitude>0.01 then hrp.CFrame=CFrame.new(hrp.Position,hrp.Position+lookDir.Unit) end task.wait(0.0343)
cam.CFrame=CFrame.new(57.767,253.275,-222.555,-0.997365,0.019743,-0.069813,0.000000,0.962261,0.272127,0.072551,0.271410,-0.959725) cam.FieldOfView=70.00 hum:Move(Vector3.new(0.034,0,0.999),true) hrp.AssemblyLinearVelocity=Vector3.new(1.349,1.269,39.958) hrp.CFrame=CFrame.new(58.668,248.400,-209.726) local lookDir=cam.CFrame.LookVector*Vector3.new(1,0,1) if lookDir.Magnitude>0.01 then hrp.CFrame=CFrame.new(hrp.Position,hrp.Position+lookDir.Unit) end task.wait(0.0405)
cam.CFrame=CFrame.new(57.796,253.338,-221.712,-0.997365,0.019955,-0.069753,0.000000,0.961433,0.275041,0.072551,0.274316,-0.958899) cam.FieldOfView=70.00 hum:Move(Vector3.new(0.031,0,1.000),true) hrp.AssemblyLinearVelocity=Vector3.new(1.222,1.053,39.971) hrp.CFrame=CFrame.new(58.704,248.433,-208.560) local lookDir=cam.CFrame.LookVector*Vector3.new(1,0,1) if lookDir.Magnitude>0.01 then hrp.CFrame=CFrame.new(hrp.Position,hrp.Position+lookDir.Unit) end task.wait(0.0330)
cam.CFrame=CFrame.new(57.833,253.403,-220.537,-0.997365,0.020139,-0.069700,0.000000,0.960700,0.277589,0.072551,0.276858,-0.958168) cam.FieldOfView=70.00 hum:Move(Vector3.new(0.026,0,1.000),true) hrp.AssemblyLinearVelocity=Vector3.new(1.046,1.157,39.967) hrp.CFrame=CFrame.new(58.739,248.470,-207.228) local lookDir=cam.CFrame.LookVector*Vector3.new(1,0,1) if lookDir.Magnitude>0.01 then hrp.CFrame=CFrame.new(hrp.Position,hrp.Position+lookDir.Unit) end task.wait(0.0330)
cam.CFrame=CFrame.new(57.887,253.572,-218.508,-0.997365,0.020751,-0.069521,0.000000,0.958226,0.286013,0.072551,0.285259,-0.955701) cam.FieldOfView=70.00 hum:Move(Vector3.new(0.024,0,1.000),true) hrp.AssemblyLinearVelocity=Vector3.new(0.975,2.006,39.928) hrp.CFrame=CFrame.new(58.769,248.522,-206.063) local lookDir=cam.CFrame.LookVector*Vector3.new(1,0,1) if lookDir.Magnitude>0.01 then hrp.CFrame=CFrame.new(hrp.Position,hrp.Position+lookDir.Unit) end task.wait(0.0330)
cam.CFrame=CFrame.new(57.916,253.631,-217.344,-0.997365,0.020751,-0.069521,0.000000,0.958226,0.286013,0.072551,0.285259,-0.955701) cam.FieldOfView=70.00 hum:Move(Vector3.new(0.023,0,1.000),true) hrp.AssemblyLinearVelocity=Vector3.new(0.913,1.998,39.943) hrp.CFrame=CFrame.new(58.800,248.589,-204.732) local lookDir=cam.CFrame.LookVector*Vector3.new(1,0,1) if lookDir.Magnitude>0.01 then hrp.CFrame=CFrame.new(hrp.Position,hrp.Position+lookDir.Unit) end task.wait(0.0330)
cam.CFrame=CFrame.new(57.946,253.698,-216.012,-0.997365,0.020751,-0.069521,0.000000,0.958226,0.286013,0.072551,0.285259,-0.955701) cam.FieldOfView=70.00 hum:Move(Vector3.new(0.023,0,1.000),true) hrp.AssemblyLinearVelocity=Vector3.new(0.912,2.014,39.936) hrp.CFrame=CFrame.new(58.831,248.656,-203.401) local lookDir=cam.CFrame.LookVector*Vector3.new(1,0,1) if lookDir.Magnitude>0.01 then hrp.CFrame=CFrame.new(hrp.Position,hrp.Position+lookDir.Unit) end task.wait(0.0345)
cam.CFrame=CFrame.new(57.977,253.765,-214.681,-0.997365,0.020751,-0.069521,0.000000,0.958226,0.286013,0.072551,0.285259,-0.955701) cam.FieldOfView=70.00 hum:Move(Vector3.new(0.021,0,1.000),true) hrp.AssemblyLinearVelocity=Vector3.new(0.827,2.068,39.939) hrp.CFrame=CFrame.new(58.860,248.725,-202.069) local lookDir=cam.CFrame.LookVector*Vector3.new(1,0,1) if lookDir.Magnitude>0.01 then hrp.CFrame=CFrame.new(hrp.Position,hrp.Position+lookDir.Unit) end task.wait(0.0348)
cam.CFrame=CFrame.new(58.017,253.867,-212.684,-0.997365,0.020751,-0.069521,0.000000,0.958226,0.286013,0.072551,0.285259,-0.955701) cam.FieldOfView=70.00 hum:Move(Vector3.new(0.019,0,1.000),true) hrp.AssemblyLinearVelocity=Vector3.new(0.757,1.868,39.957) hrp.CFrame=CFrame.new(58.899,248.823,-200.072) local lookDir=cam.CFrame.LookVector*Vector3.new(1,0,1) if lookDir.Magnitude>0.01 then hrp.CFrame=CFrame.new(hrp.Position,hrp.Position+lookDir.Unit) end task.wait(0.0493)
cam.CFrame=CFrame.new(58.037,253.950,-211.427,-0.997365,0.020751,-0.069521,0.000000,0.958226,0.286013,0.072551,0.285259,-0.955701) cam.FieldOfView=70.00 hum:Move(Vector3.new(0.019,0,1.000),true) hrp.AssemblyLinearVelocity=Vector3.new(0.740,1.420,39.980) hrp.CFrame=CFrame.new(58.924,248.878,-198.740) local lookDir=cam.CFrame.LookVector*Vector3.new(1,0,1) if lookDir.Magnitude>0.01 then hrp.CFrame=CFrame.new(hrp.Position,hrp.Position+lookDir.Unit) end task.wait(0.0332)
