-- V23 Full Path (647 acts) - 20260126_175842
local cam=workspace.CurrentCamera plr=game.Players.LocalPlayer char=plr.Character or plr.CharacterAdded:Wait() local hum=char:WaitForChild('Humanoid',5) hrp=char:WaitForChild('HumanoidRootPart',5) if not(hum and hrp)then return end hum.AutoRotate=false cam.CameraType=Enum.CameraType.Scriptable task.wait(1.5)

cam.CFrame=CFrame.new(1259.838,640.973,1795.268,0.692583,-0.154841,0.704523,0.000000,0.976689,0.214658,-0.721338,-0.148668,0.676439) cam.FieldOfView=70.00 hum:Move(Vector3.new(-0.404,0,-0.915),true) hrp.AssemblyLinearVelocity=Vector3.new(-12.932,0.002,-29.278) hrp.CFrame=CFrame.new(1248.544,636.197,1784.142) local lookDir=cam.CFrame.LookVector*Vector3.new(1,0,1) if lookDir.Magnitude>0.01 then hrp.CFrame=CFrame.new(hrp.Position,hrp.Position+lookDir.Unit) end task.wait(0.0000)
cam.CFrame=CFrame.new(1259.400,640.973,1794.295,0.692583,-0.154841,0.704523,0.000000,0.976689,0.214658,-0.721338,-0.148668,0.676439) cam.FieldOfView=70.00 hum:Move(Vector3.new(-0.438,0,-0.899),true) hrp.AssemblyLinearVelocity=Vector3.new(-14.014,0.002,-28.783) hrp.CFrame=CFrame.new(1248.088,636.197,1783.178) local lookDir=cam.CFrame.LookVector*Vector3.new(1,0,1) if lookDir.Magnitude>0.01 then hrp.CFrame=CFrame.new(hrp.Position,hrp.Position+lookDir.Unit) end task.wait(0.0330)
cam.CFrame=CFrame.new(1258.927,640.973,1793.340,0.692583,-0.154841,0.704523,0.000000,0.976689,0.214658,-0.721338,-0.148668,0.676439) cam.FieldOfView=70.00 hum:Move(Vector3.new(-0.472,0,-0.882),true) hrp.AssemblyLinearVelocity=Vector3.new(-15.069,0.002,-28.250) hrp.CFrame=CFrame.new(1247.660,636.197,1782.348) local lookDir=cam.CFrame.LookVector*Vector3.new(1,0,1) if lookDir.Magnitude>0.01 then hrp.CFrame=CFrame.new(hrp.Position,hrp.Position+lookDir.Unit) end task.wait(0.0330)
cam.CFrame=CFrame.new(1258.222,640.973,1792.053,0.692583,-0.154841,0.704523,0.000000,0.976689,0.214658,-0.721338,-0.148668,0.676439) cam.FieldOfView=70.00 hum:Move(Vector3.new(-0.497,0,-0.868),true) hrp.AssemblyLinearVelocity=Vector3.new(-15.895,0.002,-27.796) hrp.CFrame=CFrame.new(1246.812,636.197,1780.837) local lookDir=cam.CFrame.LookVector*Vector3.new(1,0,1) if lookDir.Magnitude>0.01 then hrp.CFrame=CFrame.new(hrp.Position,hrp.Position+lookDir.Unit) end task.wait(0.0512)
cam.CFrame=CFrame.new(1257.624,640.973,1791.013,0.692583,-0.154841,0.704523,0.000000,0.976689,0.214658,-0.721338,-0.148668,0.676439) cam.FieldOfView=70.00 hum:Move(Vector3.new(-0.509,0,-0.861),true) hrp.AssemblyLinearVelocity=Vector3.new(-16.273,0.002,-27.573) hrp.CFrame=CFrame.new(1246.274,636.197,1779.916) local lookDir=cam.CFrame.LookVector*Vector3.new(1,0,1) if lookDir.Magnitude>0.01 then hrp.CFrame=CFrame.new(hrp.Position,hrp.Position+lookDir.Unit) end task.wait(0.0333)
cam.CFrame=CFrame.new(1257.353,640.973,1790.553,0.692583,-0.154841,0.704523,0.000000,0.976689,0.214658,-0.721338,-0.148668,0.676439) cam.FieldOfView=70.00 hum:Move(Vector3.new(-0.514,0,-0.858),true) hrp.AssemblyLinearVelocity=Vector3.new(-16.451,0.002,-27.466) hrp.CFrame=CFrame.new(1245.520,636.197,1778.657) local lookDir=cam.CFrame.LookVector*Vector3.new(1,0,1) if lookDir.Magnitude>0.01 then hrp.CFrame=CFrame.new(hrp.Position,hrp.Position+lookDir.Unit) end task.wait(0.0482)
cam.CFrame=CFrame.new(1255.970,640.973,1788.273,0.692583,-0.154841,0.704523,0.000000,0.976689,0.214658,-0.721338,-0.148668,0.676439) cam.FieldOfView=70.00 hum:Move(Vector3.new(-0.528,0,-0.849),true) hrp.AssemblyLinearVelocity=Vector3.new(-16.888,0.002,-27.193) hrp.CFrame=CFrame.new(1244.609,636.197,1777.182) local lookDir=cam.CFrame.LookVector*Vector3.new(1,0,1) if lookDir.Magnitude>0.01 then hrp.CFrame=CFrame.new(hrp.Position,hrp.Position+lookDir.Unit) end task.wait(0.0513)
cam.CFrame=CFrame.new(1255.407,640.973,1787.367,0.692583,-0.154841,0.704523,0.000000,0.976689,0.214658,-0.721338,-0.148668,0.676439) cam.FieldOfView=70.00 hum:Move(Vector3.new(-0.542,0,-0.840),true) hrp.AssemblyLinearVelocity=Vector3.new(-17.356,0.002,-26.898) hrp.CFrame=CFrame.new(1243.967,636.197,1776.169) local lookDir=cam.CFrame.LookVector*Vector3.new(1,0,1) if lookDir.Magnitude>0.01 then hrp.CFrame=CFrame.new(hrp.Position,hrp.Position+lookDir.Unit) end task.wait(0.0529)
cam.CFrame=CFrame.new(1255.046,640.973,1786.807,0.692583,-0.154841,0.704523,0.000000,0.976689,0.214658,-0.721338,-0.148668,0.676439) cam.FieldOfView=70.00 hum:Move(Vector3.new(-0.558,0,-0.830),true) hrp.AssemblyLinearVelocity=Vector3.new(-17.855,0.002,-26.573) hrp.CFrame=CFrame.new(1243.299,636.197,1775.172) local lookDir=cam.CFrame.LookVector*Vector3.new(1,0,1) if lookDir.Magnitude>0.01 then hrp.CFrame=CFrame.new(hrp.Position,hrp.Position+lookDir.Unit) end task.wait(0.0330)
cam.CFrame=CFrame.new(1254.378,640.973,1785.810,0.692583,-0.154841,0.704523,0.000000,0.976689,0.214658,-0.721338,-0.148668,0.676439) cam.FieldOfView=70.00 hum:Move(Vector3.new(-0.583,0,-0.812),true) hrp.AssemblyLinearVelocity=Vector3.new(-18.660,0.002,-26.017) hrp.CFrame=CFrame.new(1242.834,636.197,1774.521) local lookDir=cam.CFrame.LookVector*Vector3.new(1,0,1) if lookDir.Magnitude>0.01 then hrp.CFrame=CFrame.new(hrp.Position,hrp.Position+lookDir.Unit) end task.wait(0.0330)
cam.CFrame=CFrame.new(1253.275,640.973,1784.305,0.692583,-0.154841,0.704523,0.000000,0.976689,0.214658,-0.721338,-0.148668,0.676439) cam.FieldOfView=70.00 hum:Move(Vector3.new(-0.615,0,-0.788),true) hrp.AssemblyLinearVelocity=Vector3.new(-19.694,0.002,-25.245) hrp.CFrame=CFrame.new(1241.868,636.197,1773.246) local lookDir=cam.CFrame.LookVector*Vector3.new(1,0,1) if lookDir.Magnitude>0.01 then hrp.CFrame=CFrame.new(hrp.Position,hrp.Position+lookDir.Unit) end task.wait(0.0459)
cam.CFrame=CFrame.new(1252.614,640.973,1783.468,0.692583,-0.154841,0.704523,0.000000,0.976689,0.214658,-0.721338,-0.148668,0.676439) cam.FieldOfView=70.00 hum:Move(Vector3.new(-0.637,0,-0.771),true) hrp.AssemblyLinearVelocity=Vector3.new(-20.381,0.002,-24.696) hrp.CFrame=CFrame.new(1241.195,636.197,1772.418) local lookDir=cam.CFrame.LookVector*Vector3.new(1,0,1) if lookDir.Magnitude>0.01 then hrp.CFrame=CFrame.new(hrp.Position,hrp.Position+lookDir.Unit) end task.wait(0.0330)
cam.CFrame=CFrame.new(1252.014,640.973,1782.753,0.692583,-0.154841,0.704523,0.000000,0.976689,0.214658,-0.721338,-0.148668,0.676439) cam.FieldOfView=70.00 hum:Move(Vector3.new(-0.668,0,-0.744),true) hrp.AssemblyLinearVelocity=Vector3.new(-21.384,0.002,-23.839) hrp.CFrame=CFrame.new(1240.490,636.197,1771.618) local lookDir=cam.CFrame.LookVector*Vector3.new(1,0,1) if lookDir.Magnitude>0.01 then hrp.CFrame=CFrame.new(hrp.Position,hrp.Position+lookDir.Unit) end task.wait(0.0330)
cam.CFrame=CFrame.new(1250.786,641.034,1782.453,0.725181,-0.150470,0.671917,0.000000,0.975830,0.218529,-0.688559,-0.158473,0.707653) cam.FieldOfView=70.00 hum:Move(Vector3.new(-0.687,0,-0.727),true) hrp.AssemblyLinearVelocity=Vector3.new(-21.985,0.002,-23.285) hrp.CFrame=CFrame.new(1239.762,636.197,1770.839) local lookDir=cam.CFrame.LookVector*Vector3.new(1,0,1) if lookDir.Magnitude>0.01 then hrp.CFrame=CFrame.new(hrp.Position,hrp.Position+lookDir.Unit) end task.wait(0.0330)
cam.CFrame=CFrame.new(1247.943,641.193,1783.149,0.830175,-0.127448,0.542740,0.000000,0.973519,0.228605,-0.557503,-0.189782,0.808191) cam.FieldOfView=70.00 hum:Move(Vector3.new(-0.597,0,-0.802),true) hrp.AssemblyLinearVelocity=Vector3.new(-19.156,0.002,-25.628) hrp.CFrame=CFrame.new(1239.085,636.197,1770.015) local lookDir=cam.CFrame.LookVector*Vector3.new(1,0,1) if lookDir.Magnitude>0.01 then hrp.CFrame=CFrame.new(hrp.Position,hrp.Position+lookDir.Unit) end task.wait(0.0346)
cam.CFrame=CFrame.new(1246.468,641.164,1782.977,0.868127,-0.112561,0.483411,0.000000,0.973946,0.226782,-0.496343,-0.196875,0.845508) cam.FieldOfView=70.00 hum:Move(Vector3.new(-0.499,0,-0.867),true) hrp.AssemblyLinearVelocity=Vector3.new(-15.962,0.002,-27.695) hrp.CFrame=CFrame.new(1238.530,636.197,1769.105) local lookDir=cam.CFrame.LookVector*Vector3.new(1,0,1) if lookDir.Magnitude>0.01 then hrp.CFrame=CFrame.new(hrp.Position,hrp.Position+lookDir.Unit) end task.wait(0.0330)
cam.CFrame=CFrame.new(1245.697,640.973,1782.236,0.877758,-0.102828,0.467940,0.000000,0.976697,0.214625,-0.479105,-0.188389,0.857303) cam.FieldOfView=70.00 hum:Move(Vector3.new(-0.463,0,-0.886),true) hrp.AssemblyLinearVelocity=Vector3.new(-14.811,0.002,-28.324) hrp.CFrame=CFrame.new(1238.028,636.197,1768.163) local lookDir=cam.CFrame.LookVector*Vector3.new(1,0,1) if lookDir.Magnitude>0.01 then hrp.CFrame=CFrame.new(hrp.Position,hrp.Position+lookDir.Unit) end task.wait(0.0347)
cam.CFrame=CFrame.new(1245.186,640.950,1781.306,0.878483,-0.101841,0.466793,0.000000,0.977018,0.213158,-0.477773,-0.187256,0.858294) cam.FieldOfView=70.00 hum:Move(Vector3.new(-0.457,0,-0.890),true) hrp.AssemblyLinearVelocity=Vector3.new(-14.598,0.002,-28.442) hrp.CFrame=CFrame.new(1237.541,636.197,1767.215) local lookDir=cam.CFrame.LookVector*Vector3.new(1,0,1) if lookDir.Magnitude>0.01 then hrp.CFrame=CFrame.new(hrp.Position,hrp.Position+lookDir.Unit) end task.wait(0.0330)
cam.CFrame=CFrame.new(1244.884,640.861,1780.276,0.872154,-0.101529,0.478580,0.000000,0.978229,0.207527,-0.489231,-0.180996,0.853167) cam.FieldOfView=70.00 hum:Move(Vector3.new(-0.460,0,-0.888),true) hrp.AssemblyLinearVelocity=Vector3.new(-14.703,0.002,-28.398) hrp.CFrame=CFrame.new(1237.052,636.197,1766.267) local lookDir=cam.CFrame.LookVector*Vector3.new(1,0,1) if lookDir.Magnitude>0.01 then hrp.CFrame=CFrame.new(hrp.Position,hrp.Position+lookDir.Unit) end task.wait(0.0345)
cam.CFrame=CFrame.new(1244.814,640.795,1779.100,0.856433,-0.104955,0.505476,0.000000,0.979117,0.203300,-0.516258,-0.174113,0.838548) cam.FieldOfView=70.00 hum:Move(Vector3.new(-0.483,0,-0.875),true) hrp.AssemblyLinearVelocity=Vector3.new(-15.464,0.002,-28.004) hrp.CFrame=CFrame.new(1236.544,636.197,1765.329) local lookDir=cam.CFrame.LookVector*Vector3.new(1,0,1) if lookDir.Magnitude>0.01 then hrp.CFrame=CFrame.new(hrp.Position,hrp.Position+lookDir.Unit) end task.wait(0.0330)
cam.CFrame=CFrame.new(1244.470,640.780,1778.066,0.849593,-0.106731,0.516527,0.000000,0.979312,0.202358,-0.527438,-0.171922,0.832017) cam.FieldOfView=70.00 hum:Move(Vector3.new(-0.511,0,-0.860),true) hrp.AssemblyLinearVelocity=Vector3.new(-16.352,0.002,-27.507) hrp.CFrame=CFrame.new(1236.007,636.197,1764.407) local lookDir=cam.CFrame.LookVector*Vector3.new(1,0,1) if lookDir.Magnitude>0.01 then hrp.CFrame=CFrame.new(hrp.Position,hrp.Position+lookDir.Unit) end task.wait(0.0360)
cam.CFrame=CFrame.new(1244.043,640.736,1776.927,0.841509,-0.107819,0.529375,0.000000,0.979882,0.199575,-0.540243,-0.167944,0.824580) cam.FieldOfView=70.00 hum:Move(Vector3.new(-0.588,0,-0.809),true) hrp.AssemblyLinearVelocity=Vector3.new(-18.806,0.002,-25.912) hrp.CFrame=CFrame.new(1235.408,636.197,1763.526) local lookDir=cam.CFrame.LookVector*Vector3.new(1,0,1) if lookDir.Magnitude>0.01 then hrp.CFrame=CFrame.new(hrp.Position,hrp.Position+lookDir.Unit) end task.wait(0.0330)
cam.CFrame=CFrame.new(1243.734,640.669,1776.033,0.831147,-0.108613,0.545341,0.000000,0.980738,0.195330,-0.556052,-0.162348,0.815138) cam.FieldOfView=70.00 hum:Move(Vector3.new(-0.680,0,-0.733),true) hrp.AssemblyLinearVelocity=Vector3.new(-21.758,0.002,-23.520) hrp.CFrame=CFrame.new(1234.709,636.197,1762.722) local lookDir=cam.CFrame.LookVector*Vector3.new(1,0,1) if lookDir.Magnitude>0.01 then hrp.CFrame=CFrame.new(hrp.Position,hrp.Position+lookDir.Unit) end task.wait(0.0344)
cam.CFrame=CFrame.new(1243.199,640.639,1775.133,0.822491,-0.110013,0.558037,0.000000,0.981116,0.193421,-0.568778,-0.159087,0.806959) cam.FieldOfView=70.00 hum:Move(Vector3.new(-0.763,0,-0.647),true) hrp.AssemblyLinearVelocity=Vector3.new(-24.422,0.002,-20.764) hrp.CFrame=CFrame.new(1233.918,636.197,1762.008) local lookDir=cam.CFrame.LookVector*Vector3.new(1,0,1) if lookDir.Magnitude>0.01 then hrp.CFrame=CFrame.new(hrp.Position,hrp.Position+lookDir.Unit) end task.wait(0.0330)
cam.CFrame=CFrame.new(1242.462,640.617,1774.400,0.818751,-0.110241,0.563466,0.000000,0.981393,0.192008,-0.574149,-0.157207,0.803517) cam.FieldOfView=70.00 hum:Move(Vector3.new(-0.832,0,-0.555),true) hrp.AssemblyLinearVelocity=Vector3.new(-26.650,0.002,-17.832) hrp.CFrame=CFrame.new(1233.049,636.197,1761.390) local lookDir=cam.CFrame.LookVector*Vector3.new(1,0,1) if lookDir.Magnitude>0.01 then hrp.CFrame=CFrame.new(hrp.Position,hrp.Position+lookDir.Unit) end task.wait(0.0331)
cam.CFrame=CFrame.new(1241.558,640.587,1773.685,0.814135,-0.110401,0.570084,0.000000,0.981760,0.190125,-0.580675,-0.154788,0.799285) cam.FieldOfView=70.00 hum:Move(Vector3.new(-0.885,0,-0.466),true) hrp.AssemblyLinearVelocity=Vector3.new(-28.345,0.002,-14.998) hrp.CFrame=CFrame.new(1232.122,636.197,1760.863) local lookDir=cam.CFrame.LookVector*Vector3.new(1,0,1) if lookDir.Magnitude>0.01 then hrp.CFrame=CFrame.new(hrp.Position,hrp.Position+lookDir.Unit) end task.wait(0.0347)
cam.CFrame=CFrame.new(1240.186,640.573,1772.941,0.811165,-0.110636,0.574256,0.000000,0.981942,0.189181,-0.584817,-0.153457,0.796518) cam.FieldOfView=70.00 hum:Move(Vector3.new(-0.921,0,-0.390),true) hrp.AssemblyLinearVelocity=Vector3.new(-29.507,0.002,-12.547) hrp.CFrame=CFrame.new(1230.787,636.197,1760.258) local lookDir=cam.CFrame.LookVector*Vector3.new(1,0,1) if lookDir.Magnitude>0.01 then hrp.CFrame=CFrame.new(hrp.Position,hrp.Position+lookDir.Unit) end task.wait(0.0490)
cam.CFrame=CFrame.new(1239.326,640.573,1772.578,0.811165,-0.110636,0.574256,0.000000,0.981942,0.189181,-0.584817,-0.153457,0.796518) cam.FieldOfView=70.00 hum:Move(Vector3.new(-0.924,0,-0.383),true) hrp.AssemblyLinearVelocity=Vector3.new(-29.597,0.002,-12.304) hrp.CFrame=CFrame.new(1229.802,636.197,1759.848) local lookDir=cam.CFrame.LookVector*Vector3.new(1,0,1) if lookDir.Magnitude>0.01 then hrp.CFrame=CFrame.new(hrp.Position,hrp.Position+lookDir.Unit) end task.wait(0.0330)
cam.CFrame=CFrame.new(1238.217,640.573,1772.118,0.811165,-0.110636,0.574256,0.000000,0.981942,0.189181,-0.584817,-0.153457,0.796518) cam.FieldOfView=70.00 hum:Move(Vector3.new(-0.915,0,-0.403),true) hrp.AssemblyLinearVelocity=Vector3.new(-29.324,0.002,-12.899) hrp.CFrame=CFrame.new(1228.698,636.197,1759.379) local lookDir=cam.CFrame.LookVector*Vector3.new(1,0,1) if lookDir.Magnitude>0.01 then hrp.CFrame=CFrame.new(hrp.Position,hrp.Position+lookDir.Unit) end task.wait(0.0339)
cam.CFrame=CFrame.new(1237.247,640.573,1771.675,0.811165,-0.110636,0.574256,0.000000,0.981942,0.189181,-0.584817,-0.153457,0.796518) cam.FieldOfView=70.00 hum:Move(Vector3.new(-0.868,0,-0.497),true) hrp.AssemblyLinearVelocity=Vector3.new(-27.828,0.002,-15.812) hrp.CFrame=CFrame.new(1227.867,636.197,1758.955) local lookDir=cam.CFrame.LookVector*Vector3.new(1,0,1) if lookDir.Magnitude>0.01 then hrp.CFrame=CFrame.new(hrp.Position,hrp.Position+lookDir.Unit) end task.wait(0.0330)
cam.CFrame=CFrame.new(1236.348,640.573,1771.104,0.811165,-0.110636,0.574256,0.000000,0.981942,0.189181,-0.584817,-0.153457,0.796518) cam.FieldOfView=70.00 hum:Move(Vector3.new(-0.757,0,-0.654),true) hrp.AssemblyLinearVelocity=Vector3.new(-24.232,0.002,-20.834) hrp.CFrame=CFrame.new(1226.907,636.197,1758.237) local lookDir=cam.CFrame.LookVector*Vector3.new(1,0,1) if lookDir.Magnitude>0.01 then hrp.CFrame=CFrame.new(hrp.Position,hrp.Position+lookDir.Unit) end task.wait(0.0333)
cam.CFrame=CFrame.new(1235.300,640.573,1770.083,0.811165,-0.110636,0.574256,0.000000,0.981942,0.189181,-0.584817,-0.153457,0.796518) cam.FieldOfView=70.00 hum:Move(Vector3.new(-0.636,0,-0.772),true) hrp.AssemblyLinearVelocity=Vector3.new(-20.317,0.002,-24.633) hrp.CFrame=CFrame.new(1225.843,636.197,1757.044) local lookDir=cam.CFrame.LookVector*Vector3.new(1,0,1) if lookDir.Magnitude>0.01 then hrp.CFrame=CFrame.new(hrp.Position,hrp.Position+lookDir.Unit) end task.wait(0.0497)
cam.CFrame=CFrame.new(1234.538,640.573,1769.156,0.811165,-0.110636,0.574256,0.000000,0.981942,0.189181,-0.584817,-0.153457,0.796518) cam.FieldOfView=70.00 hum:Move(Vector3.new(-0.630,0,-0.777),true) hrp.AssemblyLinearVelocity=Vector3.new(-20.114,0.002,-24.816) hrp.CFrame=CFrame.new(1225.255,636.197,1756.319) local lookDir=cam.CFrame.LookVector*Vector3.new(1,0,1) if lookDir.Magnitude>0.01 then hrp.CFrame=CFrame.new(hrp.Position,hrp.Position+lookDir.Unit) end task.wait(0.0330)
cam.CFrame=CFrame.new(1233.866,640.573,1768.327,0.811165,-0.110636,0.574256,0.000000,0.981942,0.189181,-0.584817,-0.153457,0.796518) cam.FieldOfView=70.00 hum:Move(Vector3.new(-0.630,0,-0.777),true) hrp.AssemblyLinearVelocity=Vector3.new(-20.124,0.002,-24.826) hrp.CFrame=CFrame.new(1224.583,636.197,1755.490) local lookDir=cam.CFrame.LookVector*Vector3.new(1,0,1) if lookDir.Magnitude>0.01 then hrp.CFrame=CFrame.new(hrp.Position,hrp.Position+lookDir.Unit) end task.wait(0.0666)
cam.CFrame=CFrame.new(1232.691,640.573,1766.877,0.811165,-0.110636,0.574256,0.000000,0.981942,0.189181,-0.584817,-0.153457,0.796518) cam.FieldOfView=70.00 hum:Move(Vector3.new(-0.630,0,-0.777),true) hrp.AssemblyLinearVelocity=Vector3.new(-20.134,0.002,-24.838) hrp.CFrame=CFrame.new(1223.408,636.197,1754.040) local lookDir=cam.CFrame.LookVector*Vector3.new(1,0,1) if lookDir.Magnitude>0.01 then hrp.CFrame=CFrame.new(hrp.Position,hrp.Position+lookDir.Unit) end task.wait(0.0330)
cam.CFrame=CFrame.new(1232.187,640.573,1766.255,0.811165,-0.110636,0.574256,0.000000,0.981942,0.189181,-0.584817,-0.153457,0.796518) cam.FieldOfView=70.00 hum:Move(Vector3.new(-0.630,0,-0.777),true) hrp.AssemblyLinearVelocity=Vector3.new(-20.139,0.002,-24.846) hrp.CFrame=CFrame.new(1222.821,636.197,1753.315) local lookDir=cam.CFrame.LookVector*Vector3.new(1,0,1) if lookDir.Magnitude>0.01 then hrp.CFrame=CFrame.new(hrp.Position,hrp.Position+lookDir.Unit) end task.wait(0.0330)
cam.CFrame=CFrame.new(1231.600,640.573,1765.530,0.811165,-0.110636,0.574256,0.000000,0.981942,0.189181,-0.584817,-0.153457,0.796518) cam.FieldOfView=70.00 hum:Move(Vector3.new(-0.630,0,-0.777),true) hrp.AssemblyLinearVelocity=Vector3.new(-20.141,0.002,-24.849) hrp.CFrame=CFrame.new(1222.234,636.197,1752.590) local lookDir=cam.CFrame.LookVector*Vector3.new(1,0,1) if lookDir.Magnitude>0.01 then hrp.CFrame=CFrame.new(hrp.Position,hrp.Position+lookDir.Unit) end task.wait(0.0330)
cam.CFrame=CFrame.new(1230.509,640.573,1764.184,0.811165,-0.110636,0.574256,0.000000,0.981942,0.189181,-0.584817,-0.153457,0.796518) cam.FieldOfView=70.00 hum:Move(Vector3.new(-0.630,0,-0.776),true) hrp.AssemblyLinearVelocity=Vector3.new(-20.160,0.002,-24.840) hrp.CFrame=CFrame.new(1221.226,636.197,1751.347) local lookDir=cam.CFrame.LookVector*Vector3.new(1,0,1) if lookDir.Magnitude>0.01 then hrp.CFrame=CFrame.new(hrp.Position,hrp.Position+lookDir.Unit) end task.wait(0.0508)
cam.CFrame=CFrame.new(1229.585,640.573,1763.045,0.811165,-0.110636,0.574256,0.000000,0.981942,0.189181,-0.584817,-0.153457,0.796518) cam.FieldOfView=70.00 hum:Move(Vector3.new(-0.630,0,-0.777),true) hrp.AssemblyLinearVelocity=Vector3.new(-20.142,0.002,-24.859) hrp.CFrame=CFrame.new(1220.218,636.197,1750.104) local lookDir=cam.CFrame.LookVector*Vector3.new(1,0,1) if lookDir.Magnitude>0.01 then hrp.CFrame=CFrame.new(hrp.Position,hrp.Position+lookDir.Unit) end task.wait(0.0494)
cam.CFrame=CFrame.new(1228.829,640.573,1762.112,0.811165,-0.110636,0.574256,0.000000,0.981942,0.189181,-0.584817,-0.153457,0.796518) cam.FieldOfView=70.00 hum:Move(Vector3.new(-0.630,0,-0.777),true) hrp.AssemblyLinearVelocity=Vector3.new(-20.143,0.002,-24.860) hrp.CFrame=CFrame.new(1219.462,636.197,1749.171) local lookDir=cam.CFrame.LookVector*Vector3.new(1,0,1) if lookDir.Magnitude>0.01 then hrp.CFrame=CFrame.new(hrp.Position,hrp.Position+lookDir.Unit) end task.wait(0.0548)
cam.CFrame=CFrame.new(1227.819,640.573,1760.871,0.811165,-0.110636,0.574256,0.000000,0.981942,0.189181,-0.584817,-0.153457,0.796518) cam.FieldOfView=70.00 hum:Move(Vector3.new(-0.645,0,-0.764),true) hrp.AssemblyLinearVelocity=Vector3.new(-20.648,0.002,-24.450) hrp.CFrame=CFrame.new(1218.101,636.197,1747.529) local lookDir=cam.CFrame.LookVector*Vector3.new(1,0,1) if lookDir.Magnitude>0.01 then hrp.CFrame=CFrame.new(hrp.Position,hrp.Position+lookDir.Unit) end task.wait(0.0469)
cam.CFrame=CFrame.new(1227.132,640.573,1760.055,0.811165,-0.110636,0.574256,0.000000,0.981942,0.189181,-0.584817,-0.153457,0.796518) cam.FieldOfView=70.00 hum:Move(Vector3.new(-0.657,0,-0.754),true) hrp.AssemblyLinearVelocity=Vector3.new(-21.024,0.002,-24.131) hrp.CFrame=CFrame.new(1217.751,636.197,1747.126) local lookDir=cam.CFrame.LookVector*Vector3.new(1,0,1) if lookDir.Magnitude>0.01 then hrp.CFrame=CFrame.new(hrp.Position,hrp.Position+lookDir.Unit) end task.wait(0.0330)
cam.CFrame=CFrame.new(1226.340,640.573,1759.153,0.811165,-0.110636,0.574256,0.000000,0.981942,0.189181,-0.584817,-0.153457,0.796518) cam.FieldOfView=70.00 hum:Move(Vector3.new(-0.672,0,-0.741),true) hrp.AssemblyLinearVelocity=Vector3.new(-21.490,0.002,-23.721) hrp.CFrame=CFrame.new(1217.041,636.197,1746.330) local lookDir=cam.CFrame.LookVector*Vector3.new(1,0,1) if lookDir.Magnitude>0.01 then hrp.CFrame=CFrame.new(hrp.Position,hrp.Position+lookDir.Unit) end task.wait(0.0330)
cam.CFrame=CFrame.new(1225.350,640.573,1758.071,0.811165,-0.110636,0.574256,0.000000,0.981942,0.189181,-0.584817,-0.153457,0.796518) cam.FieldOfView=70.00 hum:Move(Vector3.new(-0.679,0,-0.735),true) hrp.AssemblyLinearVelocity=Vector3.new(-21.719,0.002,-23.512) hrp.CFrame=CFrame.new(1215.958,636.197,1745.152) local lookDir=cam.CFrame.LookVector*Vector3.new(1,0,1) if lookDir.Magnitude>0.01 then hrp.CFrame=CFrame.new(hrp.Position,hrp.Position+lookDir.Unit) end task.wait(0.0465)
cam.CFrame=CFrame.new(1224.717,640.573,1757.385,0.811165,-0.110636,0.574256,0.000000,0.981942,0.189181,-0.584817,-0.153457,0.796518) cam.FieldOfView=70.00 hum:Move(Vector3.new(-0.678,0,-0.735),true) hrp.AssemblyLinearVelocity=Vector3.new(-21.706,0.002,-23.521) hrp.CFrame=CFrame.new(1215.234,636.197,1744.369) local lookDir=cam.CFrame.LookVector*Vector3.new(1,0,1) if lookDir.Magnitude>0.01 then hrp.CFrame=CFrame.new(hrp.Position,hrp.Position+lookDir.Unit) end task.wait(0.0330)
cam.CFrame=CFrame.new(1223.994,640.573,1756.601,0.811165,-0.110636,0.574256,0.000000,0.981942,0.189181,-0.584817,-0.153457,0.796518) cam.FieldOfView=70.00 hum:Move(Vector3.new(-0.678,0,-0.735),true) hrp.AssemblyLinearVelocity=Vector3.new(-21.706,0.002,-23.519) hrp.CFrame=CFrame.new(1214.601,636.197,1743.682) local lookDir=cam.CFrame.LookVector*Vector3.new(1,0,1) if lookDir.Magnitude>0.01 then hrp.CFrame=CFrame.new(hrp.Position,hrp.Position+lookDir.Unit) end task.wait(0.0330)
cam.CFrame=CFrame.new(1223.270,640.573,1755.817,0.811165,-0.110636,0.574256,0.000000,0.981942,0.189181,-0.584817,-0.153457,0.796518) cam.FieldOfView=70.00 hum:Move(Vector3.new(-0.678,0,-0.735),true) hrp.AssemblyLinearVelocity=Vector3.new(-21.705,0.002,-23.518) hrp.CFrame=CFrame.new(1213.787,636.197,1742.800) local lookDir=cam.CFrame.LookVector*Vector3.new(1,0,1) if lookDir.Magnitude>0.01 then hrp.CFrame=CFrame.new(hrp.Position,hrp.Position+lookDir.Unit) end task.wait(0.0345)
cam.CFrame=CFrame.new(1222.181,640.573,1754.644,0.811165,-0.110636,0.574256,0.000000,0.981942,0.189181,-0.584817,-0.153457,0.796518) cam.FieldOfView=70.00 hum:Move(Vector3.new(-0.685,0,-0.729),true) hrp.AssemblyLinearVelocity=Vector3.new(-21.914,0.002,-23.325) hrp.CFrame=CFrame.new(1212.694,636.197,1741.632) local lookDir=cam.CFrame.LookVector*Vector3.new(1,0,1) if lookDir.Magnitude>0.01 then hrp.CFrame=CFrame.new(hrp.Position,hrp.Position+lookDir.Unit) end task.wait(0.0500)
cam.CFrame=CFrame.new(1220.991,640.573,1753.384,0.811165,-0.110636,0.574256,0.000000,0.981942,0.189181,-0.584817,-0.153457,0.796518) cam.FieldOfView=70.00 hum:Move(Vector3.new(-0.697,0,-0.718),true) hrp.AssemblyLinearVelocity=Vector3.new(-22.281,0.002,-22.976) hrp.CFrame=CFrame.new(1211.682,636.197,1740.570) local lookDir=cam.CFrame.LookVector*Vector3.new(1,0,1) if lookDir.Magnitude>0.01 then hrp.CFrame=CFrame.new(hrp.Position,hrp.Position+lookDir.Unit) end task.wait(0.0494)
cam.CFrame=CFrame.new(1219.969,640.573,1752.332,0.811165,-0.110636,0.574256,0.000000,0.981942,0.189181,-0.584817,-0.153457,0.796518) cam.FieldOfView=70.00 hum:Move(Vector3.new(-0.700,0,-0.714),true) hrp.AssemblyLinearVelocity=Vector3.new(-22.405,0.002,-22.855) hrp.CFrame=CFrame.new(1210.565,636.197,1739.425) local lookDir=cam.CFrame.LookVector*Vector3.new(1,0,1) if lookDir.Magnitude>0.01 then hrp.CFrame=CFrame.new(hrp.Position,hrp.Position+lookDir.Unit) end task.wait(0.0505)
cam.CFrame=CFrame.new(1219.222,640.573,1751.571,0.811165,-0.110636,0.574256,0.000000,0.981942,0.189181,-0.584817,-0.153457,0.796518) cam.FieldOfView=70.00 hum:Move(Vector3.new(-0.700,0,-0.714),true) hrp.AssemblyLinearVelocity=Vector3.new(-22.405,0.002,-22.853) hrp.CFrame=CFrame.new(1209.818,636.197,1738.664) local lookDir=cam.CFrame.LookVector*Vector3.new(1,0,1) if lookDir.Magnitude>0.01 then hrp.CFrame=CFrame.new(hrp.Position,hrp.Position+lookDir.Unit) end task.wait(0.0330)
cam.CFrame=CFrame.new(1218.102,640.573,1750.428,0.811165,-0.110636,0.574256,0.000000,0.981942,0.189181,-0.584817,-0.153457,0.796518) cam.FieldOfView=70.00 hum:Move(Vector3.new(-0.700,0,-0.714),true) hrp.AssemblyLinearVelocity=Vector3.new(-22.405,0.002,-22.852) hrp.CFrame=CFrame.new(1208.698,636.197,1737.521) local lookDir=cam.CFrame.LookVector*Vector3.new(1,0,1) if lookDir.Magnitude>0.01 then hrp.CFrame=CFrame.new(hrp.Position,hrp.Position+lookDir.Unit) end task.wait(0.0499)
cam.CFrame=CFrame.new(1216.981,640.573,1749.286,0.811165,-0.110636,0.574256,0.000000,0.981942,0.189181,-0.584817,-0.153457,0.796518) cam.FieldOfView=70.00 hum:Move(Vector3.new(-0.687,0,-0.727),true) hrp.AssemblyLinearVelocity=Vector3.new(-21.988,0.002,-23.247) hrp.CFrame=CFrame.new(1207.583,636.197,1736.373) local lookDir=cam.CFrame.LookVector*Vector3.new(1,0,1) if lookDir.Magnitude>0.01 then hrp.CFrame=CFrame.new(hrp.Position,hrp.Position+lookDir.Unit) end task.wait(0.0518)
cam.CFrame=CFrame.new(1215.900,640.573,1748.107,0.811165,-0.110636,0.574256,0.000000,0.981942,0.189181,-0.584817,-0.153457,0.796518) cam.FieldOfView=70.00 hum:Move(Vector3.new(-0.643,0,-0.766),true) hrp.AssemblyLinearVelocity=Vector3.new(-20.580,0.002,-24.486) hrp.CFrame=CFrame.new(1206.525,636.197,1735.173) local lookDir=cam.CFrame.LookVector*Vector3.new(1,0,1) if lookDir.Magnitude>0.01 then hrp.CFrame=CFrame.new(hrp.Position,hrp.Position+lookDir.Unit) end task.wait(0.0496)
cam.CFrame=CFrame.new(1215.217,640.573,1747.287,0.811165,-0.110636,0.574256,0.000000,0.981942,0.189181,-0.584817,-0.153457,0.796518) cam.FieldOfView=70.00 hum:Move(Vector3.new(-0.623,0,-0.782),true) hrp.AssemblyLinearVelocity=Vector3.new(-19.941,0.002,-25.005) hrp.CFrame=CFrame.new(1205.853,636.197,1734.344) local lookDir=cam.CFrame.LookVector*Vector3.new(1,0,1) if lookDir.Magnitude>0.01 then hrp.CFrame=CFrame.new(hrp.Position,hrp.Position+lookDir.Unit) end task.wait(0.0335)
cam.CFrame=CFrame.new(1214.554,640.573,1746.452,0.811165,-0.110636,0.574256,0.000000,0.981942,0.189181,-0.584817,-0.153457,0.796518) cam.FieldOfView=70.00 hum:Move(Vector3.new(-0.612,0,-0.791),true) hrp.AssemblyLinearVelocity=Vector3.new(-19.592,0.002,-25.280) hrp.CFrame=CFrame.new(1205.196,636.197,1733.504) local lookDir=cam.CFrame.LookVector*Vector3.new(1,0,1) if lookDir.Magnitude>0.01 then hrp.CFrame=CFrame.new(hrp.Position,hrp.Position+lookDir.Unit) end task.wait(0.0337)
cam.CFrame=CFrame.new(1213.579,640.573,1745.183,0.811165,-0.110636,0.574256,0.000000,0.981942,0.189181,-0.584817,-0.153457,0.796518) cam.FieldOfView=70.00 hum:Move(Vector3.new(-0.600,0,-0.800),true) hrp.AssemblyLinearVelocity=Vector3.new(-19.190,0.002,-25.590) hrp.CFrame=CFrame.new(1204.228,636.197,1732.230) local lookDir=cam.CFrame.LookVector*Vector3.new(1,0,1) if lookDir.Magnitude>0.01 then hrp.CFrame=CFrame.new(hrp.Position,hrp.Position+lookDir.Unit) end task.wait(0.0494)
cam.CFrame=CFrame.new(1212.939,640.573,1744.330,0.811165,-0.110636,0.574256,0.000000,0.981942,0.189181,-0.584817,-0.153457,0.796518) cam.FieldOfView=70.00 hum:Move(Vector3.new(-0.590,0,-0.807),true) hrp.AssemblyLinearVelocity=Vector3.new(-18.881,0.002,-25.820) hrp.CFrame=CFrame.new(1203.514,636.197,1731.266) local lookDir=cam.CFrame.LookVector*Vector3.new(1,0,1) if lookDir.Magnitude>0.01 then hrp.CFrame=CFrame.new(hrp.Position,hrp.Position+lookDir.Unit) end task.wait(0.0362)
cam.CFrame=CFrame.new(1212.231,640.573,1743.362,0.811165,-0.110636,0.574256,0.000000,0.981942,0.189181,-0.584817,-0.153457,0.796518) cam.FieldOfView=70.00 hum:Move(Vector3.new(-0.587,0,-0.809),true) hrp.AssemblyLinearVelocity=Vector3.new(-18.787,0.002,-25.891) hrp.CFrame=CFrame.new(1202.886,636.197,1730.404) local lookDir=cam.CFrame.LookVector*Vector3.new(1,0,1) if lookDir.Magnitude>0.01 then hrp.CFrame=CFrame.new(hrp.Position,hrp.Position+lookDir.Unit) end task.wait(0.0667)
cam.CFrame=CFrame.new(1211.060,640.573,1741.740,0.811165,-0.110636,0.574256,0.000000,0.981942,0.189181,-0.584817,-0.153457,0.796518) cam.FieldOfView=70.00 hum:Move(Vector3.new(-0.580,0,-0.815),true) hrp.AssemblyLinearVelocity=Vector3.new(-18.542,0.002,-26.071) hrp.CFrame=CFrame.new(1201.643,636.197,1728.671) local lookDir=cam.CFrame.LookVector*Vector3.new(1,0,1) if lookDir.Magnitude>0.01 then hrp.CFrame=CFrame.new(hrp.Position,hrp.Position+lookDir.Unit) end task.wait(0.0358)
cam.CFrame=CFrame.new(1210.364,640.573,1740.762,0.811165,-0.110636,0.574256,0.000000,0.981942,0.189181,-0.584817,-0.153457,0.796518) cam.FieldOfView=70.00 hum:Move(Vector3.new(-0.580,0,-0.815),true) hrp.AssemblyLinearVelocity=Vector3.new(-18.542,0.002,-26.074) hrp.CFrame=CFrame.new(1201.024,636.197,1727.802) local lookDir=cam.CFrame.LookVector*Vector3.new(1,0,1) if lookDir.Magnitude>0.01 then hrp.CFrame=CFrame.new(hrp.Position,hrp.Position+lookDir.Unit) end task.wait(0.0330)
cam.CFrame=CFrame.new(1210.055,640.573,1740.328,0.811165,-0.110636,0.574256,0.000000,0.981942,0.189181,-0.584817,-0.153457,0.796518) cam.FieldOfView=70.00 hum:Move(Vector3.new(-0.580,0,-0.815),true) hrp.AssemblyLinearVelocity=Vector3.new(-18.542,0.002,-26.075) hrp.CFrame=CFrame.new(1200.715,636.197,1727.367) local lookDir=cam.CFrame.LookVector*Vector3.new(1,0,1) if lookDir.Magnitude>0.01 then hrp.CFrame=CFrame.new(hrp.Position,hrp.Position+lookDir.Unit) end task.wait(0.0330)
cam.CFrame=CFrame.new(1209.282,640.573,1739.241,0.811165,-0.110636,0.574256,0.000000,0.981942,0.189181,-0.584817,-0.153457,0.796518) cam.FieldOfView=70.00 hum:Move(Vector3.new(-0.580,0,-0.815),true) hrp.AssemblyLinearVelocity=Vector3.new(-18.543,0.002,-26.076) hrp.CFrame=CFrame.new(1200.020,636.197,1726.389) local lookDir=cam.CFrame.LookVector*Vector3.new(1,0,1) if lookDir.Magnitude>0.01 then hrp.CFrame=CFrame.new(hrp.Position,hrp.Position+lookDir.Unit) end task.wait(0.0330)
cam.CFrame=CFrame.new(1208.742,640.573,1738.481,0.811165,-0.110636,0.574256,0.000000,0.981942,0.189181,-0.584817,-0.153457,0.796518) cam.FieldOfView=70.00 hum:Move(Vector3.new(-0.580,0,-0.815),true) hrp.AssemblyLinearVelocity=Vector3.new(-18.543,0.002,-26.077) hrp.CFrame=CFrame.new(1199.479,636.197,1725.628) local lookDir=cam.CFrame.LookVector*Vector3.new(1,0,1) if lookDir.Magnitude>0.01 then hrp.CFrame=CFrame.new(hrp.Position,hrp.Position+lookDir.Unit) end task.wait(0.0330)
cam.CFrame=CFrame.new(1208.278,640.573,1737.829,0.811165,-0.110636,0.574256,0.000000,0.981942,0.189181,-0.584817,-0.153457,0.796518) cam.FieldOfView=70.00 hum:Move(Vector3.new(-0.580,0,-0.815),true) hrp.AssemblyLinearVelocity=Vector3.new(-18.543,0.002,-26.077) hrp.CFrame=CFrame.new(1198.861,636.197,1724.759) local lookDir=cam.CFrame.LookVector*Vector3.new(1,0,1) if lookDir.Magnitude>0.01 then hrp.CFrame=CFrame.new(hrp.Position,hrp.Position+lookDir.Unit) end task.wait(0.0330)
cam.CFrame=CFrame.new(1207.660,640.573,1736.960,0.811165,-0.110636,0.574256,0.000000,0.981942,0.189181,-0.584817,-0.153457,0.796518) cam.FieldOfView=70.00 hum:Move(Vector3.new(-0.580,0,-0.815),true) hrp.AssemblyLinearVelocity=Vector3.new(-18.543,0.002,-26.078) hrp.CFrame=CFrame.new(1198.320,636.197,1723.999) local lookDir=cam.CFrame.LookVector*Vector3.new(1,0,1) if lookDir.Magnitude>0.01 then hrp.CFrame=CFrame.new(hrp.Position,hrp.Position+lookDir.Unit) end task.wait(0.0330)
cam.CFrame=CFrame.new(1207.042,640.573,1736.090,0.811165,-0.110636,0.574256,0.000000,0.981942,0.189181,-0.584817,-0.153457,0.796518) cam.FieldOfView=70.00 hum:Move(Vector3.new(-0.580,0,-0.815),true) hrp.AssemblyLinearVelocity=Vector3.new(-18.544,0.002,-26.078) hrp.CFrame=CFrame.new(1197.624,636.197,1723.021) local lookDir=cam.CFrame.LookVector*Vector3.new(1,0,1) if lookDir.Magnitude>0.01 then hrp.CFrame=CFrame.new(hrp.Position,hrp.Position+lookDir.Unit) end task.wait(0.0345)
cam.CFrame=CFrame.new(1206.423,640.573,1735.221,0.811165,-0.110636,0.574256,0.000000,0.981942,0.189181,-0.584817,-0.153457,0.796518) cam.FieldOfView=70.00 hum:Move(Vector3.new(-0.580,0,-0.815),true) hrp.AssemblyLinearVelocity=Vector3.new(-18.544,0.002,-26.078) hrp.CFrame=CFrame.new(1197.083,636.197,1722.260) local lookDir=cam.CFrame.LookVector*Vector3.new(1,0,1) if lookDir.Magnitude>0.01 then hrp.CFrame=CFrame.new(hrp.Position,hrp.Position+lookDir.Unit) end task.wait(0.0330)
cam.CFrame=CFrame.new(1205.496,640.573,1733.917,0.811165,-0.110636,0.574256,0.000000,0.981942,0.189181,-0.584817,-0.153457,0.796518) cam.FieldOfView=70.00 hum:Move(Vector3.new(-0.580,0,-0.815),true) hrp.AssemblyLinearVelocity=Vector3.new(-18.544,0.002,-26.079) hrp.CFrame=CFrame.new(1196.156,636.197,1720.957) local lookDir=cam.CFrame.LookVector*Vector3.new(1,0,1) if lookDir.Magnitude>0.01 then hrp.CFrame=CFrame.new(hrp.Position,hrp.Position+lookDir.Unit) end task.wait(0.0489)
cam.CFrame=CFrame.new(1204.878,640.573,1733.048,0.811165,-0.110636,0.574256,0.000000,0.981942,0.189181,-0.584817,-0.153457,0.796518) cam.FieldOfView=70.00 hum:Move(Vector3.new(-0.580,0,-0.815),true) hrp.AssemblyLinearVelocity=Vector3.new(-18.544,0.002,-26.079) hrp.CFrame=CFrame.new(1195.538,636.197,1720.088) local lookDir=cam.CFrame.LookVector*Vector3.new(1,0,1) if lookDir.Magnitude>0.01 then hrp.CFrame=CFrame.new(hrp.Position,hrp.Position+lookDir.Unit) end task.wait(0.0343)
cam.CFrame=CFrame.new(1204.260,640.573,1732.179,0.811165,-0.110636,0.574256,0.000000,0.981942,0.189181,-0.584817,-0.153457,0.796518) cam.FieldOfView=70.00 hum:Move(Vector3.new(-0.580,0,-0.815),true) hrp.AssemblyLinearVelocity=Vector3.new(-18.544,0.002,-26.079) hrp.CFrame=CFrame.new(1194.920,636.197,1719.218) local lookDir=cam.CFrame.LookVector*Vector3.new(1,0,1) if lookDir.Magnitude>0.01 then hrp.CFrame=CFrame.new(hrp.Position,hrp.Position+lookDir.Unit) end task.wait(0.0330)
cam.CFrame=CFrame.new(1203.642,640.573,1731.310,0.811165,-0.110636,0.574256,0.000000,0.981942,0.189181,-0.584817,-0.153457,0.796518) cam.FieldOfView=70.00 hum:Move(Vector3.new(-0.580,0,-0.815),true) hrp.AssemblyLinearVelocity=Vector3.new(-18.544,0.002,-26.079) hrp.CFrame=CFrame.new(1194.302,636.197,1718.349) local lookDir=cam.CFrame.LookVector*Vector3.new(1,0,1) if lookDir.Magnitude>0.01 then hrp.CFrame=CFrame.new(hrp.Position,hrp.Position+lookDir.Unit) end task.wait(0.0338)
cam.CFrame=CFrame.new(1202.714,640.573,1730.006,0.811165,-0.110636,0.574256,0.000000,0.981942,0.189181,-0.584817,-0.153457,0.796518) cam.FieldOfView=70.00 hum:Move(Vector3.new(-0.577,0,-0.817),true) hrp.AssemblyLinearVelocity=Vector3.new(-18.470,0.002,-26.131) hrp.CFrame=CFrame.new(1193.299,636.197,1716.936) local lookDir=cam.CFrame.LookVector*Vector3.new(1,0,1) if lookDir.Magnitude>0.01 then hrp.CFrame=CFrame.new(hrp.Position,hrp.Position+lookDir.Unit) end task.wait(0.0514)
cam.CFrame=CFrame.new(1202.101,640.573,1729.134,0.811165,-0.110636,0.574256,0.000000,0.981942,0.189181,-0.584817,-0.153457,0.796518) cam.FieldOfView=70.00 hum:Move(Vector3.new(-0.568,0,-0.823),true) hrp.AssemblyLinearVelocity=Vector3.new(-18.172,0.002,-26.336) hrp.CFrame=CFrame.new(1192.691,636.197,1716.059) local lookDir=cam.CFrame.LookVector*Vector3.new(1,0,1) if lookDir.Magnitude>0.01 then hrp.CFrame=CFrame.new(hrp.Position,hrp.Position+lookDir.Unit) end task.wait(0.0330)
cam.CFrame=CFrame.new(1201.496,640.573,1728.255,0.811165,-0.110636,0.574256,0.000000,0.981942,0.189181,-0.584817,-0.153457,0.796518) cam.FieldOfView=70.00 hum:Move(Vector3.new(-0.562,0,-0.827),true) hrp.AssemblyLinearVelocity=Vector3.new(-17.988,0.002,-26.461) hrp.CFrame=CFrame.new(1192.090,636.197,1715.178) local lookDir=cam.CFrame.LookVector*Vector3.new(1,0,1) if lookDir.Magnitude>0.01 then hrp.CFrame=CFrame.new(hrp.Position,hrp.Position+lookDir.Unit) end task.wait(0.0353)
cam.CFrame=CFrame.new(1200.896,640.573,1727.373,0.811165,-0.110636,0.574256,0.000000,0.981942,0.189181,-0.584817,-0.153457,0.796518) cam.FieldOfView=70.00 hum:Move(Vector3.new(-0.562,0,-0.827),true) hrp.AssemblyLinearVelocity=Vector3.new(-17.979,0.002,-26.468) hrp.CFrame=CFrame.new(1191.490,636.197,1714.296) local lookDir=cam.CFrame.LookVector*Vector3.new(1,0,1) if lookDir.Magnitude>0.01 then hrp.CFrame=CFrame.new(hrp.Position,hrp.Position+lookDir.Unit) end task.wait(0.0330)
cam.CFrame=CFrame.new(1200.224,640.573,1726.380,0.811165,-0.110636,0.574256,0.000000,0.981942,0.189181,-0.584817,-0.153457,0.796518) cam.FieldOfView=70.00 hum:Move(Vector3.new(-0.553,0,-0.833),true) hrp.AssemblyLinearVelocity=Vector3.new(-17.708,0.002,-26.649) hrp.CFrame=CFrame.new(1190.971,636.197,1713.521) local lookDir=cam.CFrame.LookVector*Vector3.new(1,0,1) if lookDir.Magnitude>0.01 then hrp.CFrame=CFrame.new(hrp.Position,hrp.Position+lookDir.Unit) end task.wait(0.0334)
cam.CFrame=CFrame.new(1199.415,640.573,1725.156,0.811165,-0.110636,0.574256,0.000000,0.981942,0.189181,-0.584817,-0.153457,0.796518) cam.FieldOfView=70.00 hum:Move(Vector3.new(-0.544,0,-0.839),true) hrp.AssemblyLinearVelocity=Vector3.new(-17.409,0.002,-26.844) hrp.CFrame=CFrame.new(1190.094,636.197,1712.182) local lookDir=cam.CFrame.LookVector*Vector3.new(1,0,1) if lookDir.Magnitude>0.01 then hrp.CFrame=CFrame.new(hrp.Position,hrp.Position+lookDir.Unit) end task.wait(0.0493)
cam.CFrame=CFrame.new(1198.835,640.573,1724.261,0.811165,-0.110636,0.574256,0.000000,0.981942,0.189181,-0.584817,-0.153457,0.796518) cam.FieldOfView=70.00 hum:Move(Vector3.new(-0.545,0,-0.839),true) hrp.AssemblyLinearVelocity=Vector3.new(-17.433,0.002,-26.829) hrp.CFrame=CFrame.new(1189.441,636.197,1711.176) local lookDir=cam.CFrame.LookVector*Vector3.new(1,0,1) if lookDir.Magnitude>0.01 then hrp.CFrame=CFrame.new(hrp.Position,hrp.Position+lookDir.Unit) end task.wait(0.0340)
cam.CFrame=CFrame.new(1198.253,640.573,1723.367,0.811165,-0.110636,0.574256,0.000000,0.981942,0.189181,-0.584817,-0.153457,0.796518) cam.FieldOfView=70.00 hum:Move(Vector3.new(-0.544,0,-0.839),true) hrp.AssemblyLinearVelocity=Vector3.new(-17.395,0.002,-26.855) hrp.CFrame=CFrame.new(1188.860,636.197,1710.281) local lookDir=cam.CFrame.LookVector*Vector3.new(1,0,1) if lookDir.Magnitude>0.01 then hrp.CFrame=CFrame.new(hrp.Position,hrp.Position+lookDir.Unit) end task.wait(0.0330)
cam.CFrame=CFrame.new(1197.674,640.573,1722.471,0.811165,-0.110636,0.574256,0.000000,0.981942,0.189181,-0.584817,-0.153457,0.796518) cam.FieldOfView=70.00 hum:Move(Vector3.new(-0.538,0,-0.843),true) hrp.AssemblyLinearVelocity=Vector3.new(-17.229,0.002,-26.962) hrp.CFrame=CFrame.new(1188.284,636.197,1709.384) local lookDir=cam.CFrame.LookVector*Vector3.new(1,0,1) if lookDir.Magnitude>0.01 then hrp.CFrame=CFrame.new(hrp.Position,hrp.Position+lookDir.Unit) end task.wait(0.0352)
cam.CFrame=CFrame.new(1197.099,640.573,1721.573,0.811165,-0.110636,0.574256,0.000000,0.981942,0.189181,-0.584817,-0.153457,0.796518) cam.FieldOfView=70.00 hum:Move(Vector3.new(-0.538,0,-0.843),true) hrp.AssemblyLinearVelocity=Vector3.new(-17.200,0.002,-26.980) hrp.CFrame=CFrame.new(1187.782,636.197,1708.597) local lookDir=cam.CFrame.LookVector*Vector3.new(1,0,1) if lookDir.Magnitude>0.01 then hrp.CFrame=CFrame.new(hrp.Position,hrp.Position+lookDir.Unit) end task.wait(0.0330)
