-- V23 Reverse (mundur dari awal, kamera fix ke belakang)
local RunService=game:GetService("RunService")
local lp=game.Players.LocalPlayer
local cam=workspace.CurrentCamera
local char=lp.Character or lp.CharacterAdded:Wait()
local hrp=char:WaitForChild("HumanoidRootPart")
local hum=char:WaitForChild("Humanoid")
hum.AutoRotate=false
cam.CameraType=Enum.CameraType.Scriptable
local frames={{Pos=Vector3.new(-37.692,3.197,-1.911),Vel=Vector3.new(0.000,-0.000,-0.000),Move=Vector3.new(-0.000,0,-0.000),Jump=false,CFrame=CFrame.new(-48.946,10.032,-2.142,0.020568,-0.434630,0.900374,-0.000000,0.900565,0.434722,-0.999789,-0.008941,0.018523),FOV=70.00,Time=0.0000},{Pos=Vector3.new(-37.692,3.197,-1.911),Vel=Vector3.new(0.000,-0.000,-0.000),Move=Vector3.new(-0.000,0,-0.000),Jump=false,CFrame=CFrame.new(-48.946,10.032,-2.142,0.020568,-0.434630,0.900374,-0.000000,0.900565,0.434722,-0.999788,-0.008941,0.018523),FOV=70.00,Time=0.0167},{Pos=Vector3.new(-37.692,3.197,-1.911),Vel=Vector3.new(0.000,-0.000,-0.000),Move=Vector3.new(-0.000,0,-0.000),Jump=false,CFrame=CFrame.new(-48.946,10.032,-2.142,0.020568,-0.434630,0.900374,-0.000000,0.900565,0.434722,-0.999789,-0.008941,0.018523),FOV=70.00,Time=0.0330},{Pos=Vector3.new(-37.692,3.197,-1.911),Vel=Vector3.new(-0.000,-0.000,0.000),Move=Vector3.new(-0.000,0,-0.000),Jump=false,CFrame=CFrame.new(-48.946,10.032,-2.142,0.020568,-0.434630,0.900374,-0.000000,0.900565,0.434722,-0.999788,-0.008941,0.018523),FOV=70.00,Time=0.0496},{Pos=Vector3.new(-37.692,3.197,-1.911),Vel=Vector3.new(-0.000,-0.000,0.000),Move=Vector3.new(-0.000,0,-0.000),Jump=false,CFrame=CFrame.new(-48.946,10.032,-2.142,0.020568,-0.434630,0.900374,-0.000000,0.900565,0.434722,-0.999789,-0.008941,0.018523),FOV=70.00,Time=0.0666},{Pos=Vector3.new(-37.692,3.197,-1.911),Vel=Vector3.new(-0.000,-0.000,0.000),Move=Vector3.new(-0.000,0,-0.000),Jump=false,CFrame=CFrame.new(-48.946,10.032,-2.142,0.020568,-0.434630,0.900374,-0.000000,0.900565,0.434722,-0.999788,-0.008941,0.018523),FOV=70.00,Time=0.0834},{Pos=Vector3.new(-37.692,3.197,-1.911),Vel=Vector3.new(-0.000,-0.000,0.000),Move=Vector3.new(-0.000,0,-0.000),Jump=false,CFrame=CFrame.new(-48.946,10.032,-2.142,0.020568,-0.434630,0.900374,-0.000000,0.900565,0.434722,-0.999789,-0.008941,0.018523),FOV=70.00,Time=0.1001},{Pos=Vector3.new(-37.692,3.197,-1.911),Vel=Vector3.new(-0.000,-0.000,0.000),Move=Vector3.new(-0.000,0,-0.000),Jump=false,CFrame=CFrame.new(-48.946,10.032,-2.142,0.020568,-0.434630,0.900374,-0.000000,0.900565,0.434722,-0.999788,-0.008941,0.018523),FOV=70.00,Time=0.1166},{Pos=Vector3.new(-37.692,3.197,-1.911),Vel=Vector3.new(-0.000,-0.000,0.000),Move=Vector3.new(-0.000,0,-0.000),Jump=false,CFrame=CFrame.new(-48.946,10.032,-2.142,0.020568,-0.434630,0.900374,-0.000000,0.900565,0.434722,-0.999789,-0.008941,0.018523),FOV=70.00,Time=0.1334},{Pos=Vector3.new(-37.692,3.197,-1.911),Vel=Vector3.new(0.000,-0.000,-0.000),Move=Vector3.new(-0.000,0,-0.000),Jump=false,CFrame=CFrame.new(-48.946,10.032,-2.142,0.020568,-0.434630,0.900374,-0.000000,0.900565,0.434722,-0.999788,-0.008941,0.018523),FOV=70.00,Time=0.1500},{Pos=Vector3.new(-37.692,3.197,-1.911),Vel=Vector3.new(0.000,-0.000,-0.000),Move=Vector3.new(-0.000,0,-0.000),Jump=false,CFrame=CFrame.new(-48.946,10.032,-2.142,0.020568,-0.434630,0.900374,-0.000000,0.900565,0.434722,-0.999789,-0.008941,0.018523),FOV=70.00,Time=0.1666},{Pos=Vector3.new(-37.692,3.197,-1.911),Vel=Vector3.new(0.000,-0.000,-0.000),Move=Vector3.new(-0.000,0,-0.000),Jump=false,CFrame=CFrame.new(-48.946,10.032,-2.142,0.020568,-0.434630,0.900374,-0.000000,0.900565,0.434722,-0.999788,-0.008941,0.018523),FOV=70.00,Time=0.1832},{Pos=Vector3.new(-37.692,3.197,-1.911),Vel=Vector3.new(0.000,-0.000,-0.000),Move=Vector3.new(-0.000,0,-0.000),Jump=false,CFrame=CFrame.new(-48.946,10.032,-2.142,0.020568,-0.434630,0.900374,-0.000000,0.900565,0.434722,-0.999789,-0.008941,0.018523),FOV=70.00,Time=0.2000},{Pos=Vector3.new(-37.692,3.197,-1.911),Vel=Vector3.new(0.000,-0.000,-0.000),Move=Vector3.new(-0.000,0,-0.000),Jump=false,CFrame=CFrame.new(-48.946,10.032,-2.142,0.020568,-0.434630,0.900374,-0.000000,0.900565,0.434722,-0.999788,-0.008941,0.018523),FOV=70.00,Time=0.2166},{Pos=Vector3.new(-37.692,3.197,-1.911),Vel=Vector3.new(0.000,-0.000,-0.000),Move=Vector3.new(-0.000,0,-0.000),Jump=false,CFrame=CFrame.new(-48.946,10.032,-2.142,0.020568,-0.434630,0.900374,-0.000000,0.900565,0.434722,-0.999789,-0.008941,0.018523),FOV=70.00,Time=0.2333},{Pos=Vector3.new(-37.692,3.197,-1.911),Vel=Vector3.new(0.000,-0.000,-0.000),Move=Vector3.new(-0.000,0,-0.000),Jump=false,CFrame=CFrame.new(-48.946,10.032,-2.142,0.020568,-0.434630,0.900374,-0.000000,0.900565,0.434722,-0.999788,-0.008941,0.018523),FOV=70.00,Time=0.2500},{Pos=Vector3.new(-37.692,3.197,-1.911),Vel=Vector3.new(-0.000,-0.000,0.000),Move=Vector3.new(-0.000,0,-0.000),Jump=false,CFrame=CFrame.new(-48.946,10.032,-2.142,0.020568,-0.434630,0.900374,-0.000000,0.900565,0.434722,-0.999789,-0.008941,0.018523),FOV=70.00,Time=0.2665},{Pos=Vector3.new(-37.692,3.197,-1.911),Vel=Vector3.new(-0.000,-0.000,0.000),Move=Vector3.new(-0.000,0,-0.000),Jump=false,CFrame=CFrame.new(-48.946,10.032,-2.142,0.020568,-0.434630,0.900374,-0.000000,0.900565,0.434722,-0.999788,-0.008941,0.018523),FOV=70.00,Time=0.2836},{Pos=Vector3.new(-37.692,3.197,-1.911),Vel=Vector3.new(-0.000,-0.000,0.000),Move=Vector3.new(-0.000,0,-0.000),Jump=false,CFrame=CFrame.new(-48.946,10.032,-2.142,0.020568,-0.434630,0.900374,-0.000000,0.900565,0.434722,-0.999789,-0.008941,0.018523),FOV=70.00,Time=0.3000},{Pos=Vector3.new(-37.692,3.197,-1.911),Vel=Vector3.new(-0.000,-0.000,0.000),Move=Vector3.new(-0.000,0,-0.000),Jump=false,CFrame=CFrame.new(-48.946,10.032,-2.142,0.020568,-0.434630,0.900374,-0.000000,0.900565,0.434722,-0.999788,-0.008941,0.018523),FOV=70.00,Time=0.3166},{Pos=Vector3.new(-37.692,3.197,-1.911),Vel=Vector3.new(-0.000,-0.000,0.000),Move=Vector3.new(-0.000,0,-0.000),Jump=false,CFrame=CFrame.new(-48.946,10.032,-2.142,0.020568,-0.434630,0.900374,-0.000000,0.900565,0.434722,-0.999789,-0.008941,0.018523),FOV=70.00,Time=0.3334},{Pos=Vector3.new(-37.692,3.197,-1.911),Vel=Vector3.new(-0.000,-0.000,0.000),Move=Vector3.new(-0.000,0,-0.000),Jump=false,CFrame=CFrame.new(-48.946,10.032,-2.142,0.020568,-0.434630,0.900374,-0.000000,0.900565,0.434722,-0.999788,-0.008941,0.018523),FOV=70.00,Time=0.3500},{Pos=Vector3.new(-37.692,3.197,-1.911),Vel=Vector3.new(0.000,-0.000,-0.000),Move=Vector3.new(-0.000,0,-0.000),Jump=false,CFrame=CFrame.new(-48.946,10.032,-2.142,0.020568,-0.434630,0.900374,-0.000000,0.900565,0.434722,-0.999789,-0.008941,0.018523),FOV=70.00,Time=0.3666},{Pos=Vector3.new(-37.628,3.197,-1.928),Vel=Vector3.new(-5.036,-0.000,1.331),Move=Vector3.new(-0.967,0,0.254),Jump=false,CFrame=CFrame.new(-48.946,10.032,-2.142,0.020568,-0.434630,0.900374,-0.000000,0.900565,0.434722,-0.999788,-0.008941,0.018523),FOV=70.00,Time=0.3835},{Pos=Vector3.new(-37.482,3.197,-1.973),Vel=Vector3.new(-9.898,-0.000,3.200),Move=Vector3.new(-0.946,0,0.325),Jump=false,CFrame=CFrame.new(-48.882,10.032,-2.159,0.020568,-0.434630,0.900374,-0.000000,0.900565,0.434722,-0.999789,-0.008941,0.018523),FOV=70.00,Time=0.4021},{Pos=Vector3.new(-37.262,3.197,-2.060),Vel=Vector3.new(-14.153,-0.000,5.794),Move=Vector3.new(-0.923,0,0.385),Jump=false,CFrame=CFrame.new(-48.736,10.032,-2.205,0.020568,-0.434630,0.900374,-0.000000,0.900565,0.434722,-0.999788,-0.008941,0.018523),FOV=70.00,Time=0.4175},{Pos=Vector3.new(-37.020,3.197,-2.171),Vel=Vector3.new(-14.458,-0.000,6.681),Move=Vector3.new(-0.907,0,0.421),Jump=false,CFrame=CFrame.new(-48.518,10.032,-2.202,0.012611,-0.434688,0.900493,0.000000,0.900564,0.434723,-0.999920,-0.005482,0.011357),FOV=70.00,Time=0.4341},{Pos=Vector3.new(-36.781,3.197,-2.288),Vel=Vector3.new(-14.354,-0.000,6.952),Move=Vector3.new(-0.899,0,0.437),Jump=false,CFrame=CFrame.new(-48.277,10.032,-2.202,0.002683,-0.434721,0.900561,0.000000,0.900565,0.434722,-0.999996,-0.001166,0.002417),FOV=70.00,Time=0.4504},{Pos=Vector3.new(-36.542,3.197,-2.407),Vel=Vector3.new(-14.268,-0.000,7.149),Move=Vector3.new(-0.893,0,0.450),Jump=false,CFrame=CFrame.new(-48.037,10.032,-2.203,-0.007485,-0.434711,0.900539,-0.000000,0.900564,0.434723,-0.999972,0.003254,-0.006741),FOV=70.00,Time=0.4701},{Pos=Vector3.new(-36.304,3.120,-2.527),Vel=Vector3.new(-14.270,5.489,7.164),Move=Vector3.new(-0.893,0,0.450),Jump=false,CFrame=CFrame.new(-47.798,10.032,-2.208,-0.017732,-0.434655,0.900422,-0.000000,0.900564,0.434724,-0.999843,0.007709,-0.015969),FOV=70.00,Time=0.4846},{Pos=Vector3.new(-36.067,2.987,-2.649),Vel=Vector3.new(-14.204,8.759,7.310),Move=Vector3.new(-0.888,0,0.459),Jump=false,CFrame=CFrame.new(-47.557,9.954,-2.214,-0.027796,-0.434555,0.900216,0.000000,0.900564,0.434723,-0.999614,0.012084,-0.025032),FOV=70.00,Time=0.5010},{Pos=Vector3.new(-35.830,2.800,-2.771),Vel=Vector3.new(-14.240,12.029,7.251),Move=Vector3.new(-0.890,0,0.455),Jump=false,CFrame=CFrame.new(-47.316,9.821,-2.223,-0.037845,-0.434412,0.899919,0.000000,0.900564,0.434724,-0.999284,0.016452,-0.034082),FOV=70.00,Time=0.5177},{Pos=Vector3.new(-35.593,2.559,-2.893),Vel=Vector3.new(-14.215,15.299,7.310),Move=Vector3.new(-0.889,0,0.459),Jump=false,CFrame=CFrame.new(-47.074,9.634,-2.235,-0.047604,-0.434230,0.899543,-0.000000,0.900564,0.434723,-0.998866,0.020694,-0.042870),FOV=70.00,Time=0.5337},{Pos=Vector3.new(-35.357,2.327,-3.017),Vel=Vector3.new(-14.146,10.918,7.450),Move=Vector3.new(-0.884,0,0.467),Jump=false,CFrame=CFrame.new(-46.832,9.393,-2.249,-0.057223,-0.434010,0.899089,0.000000,0.900565,0.434722,-0.998361,0.024876,-0.051533),FOV=70.00,Time=0.5501},{Pos=Vector3.new(-35.122,2.326,-3.144),Vel=Vector3.new(-14.075,-1.182,7.589),Move=Vector3.new(-0.880,0,0.476),Jump=false,CFrame=CFrame.new(-46.589,9.161,-2.265,-0.066831,-0.433751,0.898551,-0.000000,0.900564,0.434722,-0.997764,0.029053,-0.060185),FOV=70.00,Time=0.5675},{Pos=Vector3.new(-34.889,2.277,-3.273),Vel=Vector3.new(-14.017,3.758,7.699),Move=Vector3.new(-0.876,0,0.483),Jump=false,CFrame=CFrame.new(-46.347,9.160,-2.284,-0.076433,-0.433451,0.897930,0.000000,0.900564,0.434723,-0.997075,0.033227,-0.068833),FOV=70.00,Time=0.5840},{Pos=Vector3.new(-34.656,2.173,-3.402),Vel=Vector3.new(-13.973,7.028,7.783),Move=Vector3.new(-0.873,0,0.488),Jump=false,CFrame=CFrame.new(-46.104,9.111,-2.305,-0.085989,-0.433113,0.897229,0.000000,0.900564,0.434723,-0.996296,0.037381,-0.077439),FOV=70.00,Time=0.6004},{Pos=Vector3.new(-34.424,2.162,-3.535),Vel=Vector3.new(-13.899,-0.258,7.917),Move=Vector3.new(-0.868,0,0.496),Jump=false,CFrame=CFrame.new(-45.862,9.007,-2.328,-0.095460,-0.432738,0.896451,0.000000,0.900564,0.434724,-0.995433,0.041499,-0.085968),FOV=70.00,Time=0.6169},{Pos=Vector3.new(-34.194,2.175,-3.669),Vel=Vector3.new(-13.823,-0.785,8.051),Move=Vector3.new(-0.864,0,0.504),Jump=false,CFrame=CFrame.new(-45.619,8.996,-2.353,-0.104918,-0.432323,0.895594,-0.000000,0.900565,0.434722,-0.994481,0.045610,-0.094485),FOV=70.00,Time=0.6337},{Pos=Vector3.new(-33.965,2.185,-3.805),Vel=Vector3.new(-13.746,-0.524,8.183),Move=Vector3.new(-0.859,0,0.512),Jump=false,CFrame=CFrame.new(-45.377,9.009,-2.381,-0.114366,-0.431870,0.894656,-0.000000,0.900565,0.434722,-0.993439,0.049717,-0.102994),FOV=70.00,Time=0.6503},{Pos=Vector3.new(-33.737,2.191,-3.944),Vel=Vector3.new(-13.667,-0.298,8.315),Move=Vector3.new(-0.854,0,0.520),Jump=false,CFrame=CFrame.new(-45.135,9.019,-2.411,-0.123805,-0.431379,0.893636,0.000000,0.900564,0.434723,-0.992306,0.053821,-0.111494),FOV=70.00,Time=0.6668},{Pos=Vector3.new(-33.510,2.194,-4.084),Vel=Vector3.new(-13.603,-0.162,8.420),Move=Vector3.new(-0.850,0,0.527),Jump=false,CFrame=CFrame.new(-44.894,9.025,-2.444,-0.133232,-0.430847,0.892536,-0.000000,0.900564,0.434723,-0.991085,0.057919,-0.119984),FOV=70.00,Time=0.6835},{Pos=Vector3.new(-33.284,2.196,-4.226),Vel=Vector3.new(-13.542,-0.087,8.518),Move=Vector3.new(-0.846,0,0.533),Jump=false,CFrame=CFrame.new(-44.652,9.028,-2.479,-0.142611,-0.430279,0.891360,-0.000000,0.900565,0.434722,-0.989779,0.061996,-0.128430),FOV=70.00,Time=0.7004},{Pos=Vector3.new(-33.060,2.196,-4.369),Vel=Vector3.new(-13.497,-0.047,8.590),Move=Vector3.new(-0.843,0,0.537),Jump=false,CFrame=CFrame.new(-44.411,9.030,-2.516,-0.151929,-0.429676,0.890110,-0.000000,0.900564,0.434723,-0.988391,0.066047,-0.136822),FOV=70.00,Time=0.7170},{Pos=Vector3.new(-32.835,2.197,-4.513),Vel=Vector3.new(-13.466,-0.025,8.640),Move=Vector3.new(-0.841,0,0.540),Jump=false,CFrame=CFrame.new(-44.169,9.030,-2.555,-0.161148,-0.429041,0.888794,-0.000000,0.900564,0.434723,-0.986930,0.070055,-0.145124),FOV=70.00,Time=0.7336},{Pos=Vector3.new(-32.611,2.197,-4.658),Vel=Vector3.new(-13.439,-0.013,8.682),Move=Vector3.new(-0.840,0,0.543),Jump=false,CFrame=CFrame.new(-43.928,9.031,-2.597,-0.170236,-0.428377,0.887419,-0.000000,0.900565,0.434722,-0.985403,0.074005,-0.153308),FOV=70.00,Time=0.7501},{Pos=Vector3.new(-32.387,2.197,-4.803),Vel=Vector3.new(-13.440,-0.007,8.680),Move=Vector3.new(-0.840,0,0.543),Jump=false,CFrame=CFrame.new(-43.686,9.031,-2.641,-0.179181,-0.427687,0.885990,-0.000000,0.900564,0.434723,-0.983816,0.077894,-0.161364),FOV=70.00,Time=0.7668},{Pos=Vector3.new(-32.163,2.197,-4.947),Vel=Vector3.new(-13.465,-0.004,8.642),Move=Vector3.new(-0.841,0,0.540),Jump=false,CFrame=CFrame.new(-43.444,9.031,-2.687,-0.187919,-0.426978,0.884521,-0.000000,0.900565,0.434722,-0.982185,0.081692,-0.169233),FOV=70.00,Time=0.7838},{Pos=Vector3.new(-31.937,2.197,-5.089),Vel=Vector3.new(-13.533,-0.002,8.535),Move=Vector3.new(-0.846,0,0.533),Jump=false,CFrame=CFrame.new(-43.201,9.031,-2.736,-0.196398,-0.426256,0.883025,-0.000000,0.900564,0.434722,-0.980524,0.085379,-0.176869),FOV=70.00,Time=0.8001},{Pos=Vector3.new(-31.710,2.197,-5.229),Vel=Vector3.new(-13.637,-0.001,8.368),Move=Vector3.new(-0.852,0,0.523),Jump=false,CFrame=CFrame.new(-42.956,9.031,-2.787,-0.204517,-0.425534,0.881529,-0.000000,0.900565,0.434722,-0.978863,0.088908,-0.184180),FOV=70.00,Time=0.8168},{Pos=Vector3.new(-31.480,2.197,-5.364),Vel=Vector3.new(-13.821,-0.001,8.061),Move=Vector3.new(-0.864,0,0.503),Jump=false,CFrame=CFrame.new(-42.711,9.032,-2.840,-0.212188,-0.424823,0.880058,-0.000000,0.900564,0.434723,-0.977229,0.092243,-0.191089),FOV=70.00,Time=0.8335},{Pos=Vector3.new(-31.246,2.197,-5.492),Vel=Vector3.new(-14.028,-0.000,7.695),Move=Vector3.new(-0.877,0,0.480),Jump=false,CFrame=CFrame.new(-42.463,9.032,-2.896,-0.219209,-0.424149,0.878661,-0.000000,0.900565,0.434722,-0.975678,0.095295,-0.197412),FOV=70.00,Time=0.8501},{Pos=Vector3.new(-31.009,2.197,-5.614),Vel=Vector3.new(-14.260,-0.000,7.255),Move=Vector3.new(-0.892,0,0.453),Jump=false,CFrame=CFrame.new(-42.230,9.032,-3.025,-0.219209,-0.424149,0.878661,-0.000000,0.900565,0.434722,-0.975678,0.095295,-0.197412),FOV=70.00,Time=0.8668},{Pos=Vector3.new(-30.768,2.197,-5.728),Vel=Vector3.new(-14.469,-0.000,6.829),Move=Vector3.new(-0.905,0,0.426),Jump=false,CFrame=CFrame.new(-41.992,9.032,-3.146,-0.219209,-0.424149,0.878661,-0.000000,0.900565,0.434722,-0.975678,0.095295,-0.197412),FOV=70.00,Time=0.8835},{Pos=Vector3.new(-30.525,2.197,-5.837),Vel=Vector3.new(-14.606,-0.000,6.530),Move=Vector3.new(-0.913,0,0.408),Jump=false,CFrame=CFrame.new(-41.751,9.032,-3.260,-0.219209,-0.424149,0.878661,-0.000000,0.900565,0.434722,-0.975678,0.095295,-0.197412),FOV=70.00,Time=0.9010},{Pos=Vector3.new(-30.280,2.197,-5.944),Vel=Vector3.new(-14.665,-0.000,6.398),Move=Vector3.new(-0.917,0,0.400),Jump=false,CFrame=CFrame.new(-41.508,9.032,-3.369,-0.219209,-0.424149,0.878661,-0.000000,0.900565,0.434722,-0.975678,0.095295,-0.197412),FOV=70.00,Time=0.9165},{Pos=Vector3.new(-30.036,2.197,-6.050),Vel=Vector3.new(-14.675,-0.000,6.374),Move=Vector3.new(-0.917,0,0.398),Jump=false,CFrame=CFrame.new(-41.264,9.032,-3.476,-0.219209,-0.424149,0.878661,-0.000000,0.900565,0.434722,-0.975678,0.095295,-0.197412),FOV=70.00,Time=0.9335},{Pos=Vector3.new(-29.791,2.197,-6.156),Vel=Vector3.new(-14.681,-0.000,6.362),Move=Vector3.new(-0.918,0,0.397),Jump=false,CFrame=CFrame.new(-41.019,9.032,-3.582,-0.219209,-0.424149,0.878661,-0.000000,0.900565,0.434722,-0.975678,0.095295,-0.197412),FOV=70.00,Time=0.9502},{Pos=Vector3.new(-29.546,2.197,-6.262),Vel=Vector3.new(-14.681,-0.000,6.361),Move=Vector3.new(-0.918,0,0.397),Jump=false,CFrame=CFrame.new(-40.774,9.032,-3.688,-0.219209,-0.424149,0.878661,-0.000000,0.900565,0.434722,-0.975678,0.095295,-0.197412),FOV=70.00,Time=0.9668},{Pos=Vector3.new(-29.302,2.197,-6.368),Vel=Vector3.new(-14.687,-0.000,6.347),Move=Vector3.new(-0.918,0,0.397),Jump=false,CFrame=CFrame.new(-40.530,9.032,-3.794,-0.219209,-0.424149,0.878661,-0.000000,0.900565,0.434722,-0.975678,0.095295,-0.197412),FOV=70.00,Time=0.9839},{Pos=Vector3.new(-29.057,2.197,-6.473),Vel=Vector3.new(-14.687,-0.000,6.347),Move=Vector3.new(-0.918,0,0.397),Jump=false,CFrame=CFrame.new(-40.285,9.032,-3.900,-0.219209,-0.424149,0.878661,-0.000000,0.900565,0.434722,-0.975678,0.095295,-0.197412),FOV=70.00,Time=1.0003},{Pos=Vector3.new(-28.812,2.197,-6.579),Vel=Vector3.new(-14.681,-0.000,6.361),Move=Vector3.new(-0.918,0,0.398),Jump=false,CFrame=CFrame.new(-40.040,9.032,-4.006,-0.219209,-0.424149,0.878661,-0.000000,0.900565,0.434722,-0.975678,0.095295,-0.197412),FOV=70.00,Time=1.0168},{Pos=Vector3.new(-28.568,2.197,-6.686),Vel=Vector3.new(-14.668,-0.000,6.392),Move=Vector3.new(-0.917,0,0.399),Jump=false,CFrame=CFrame.new(-39.795,9.032,-4.112,-0.219209,-0.424149,0.878661,-0.000000,0.900565,0.434722,-0.975678,0.095295,-0.197412),FOV=70.00,Time=1.0336},{Pos=Vector3.new(-28.324,2.197,-6.793),Vel=Vector3.new(-14.641,-0.000,6.453),Move=Vector3.new(-0.915,0,0.403),Jump=false,CFrame=CFrame.new(-39.551,9.032,-4.218,-0.219209,-0.424149,0.878661,-0.000000,0.900565,0.434722,-0.975678,0.095295,-0.197412),FOV=70.00,Time=1.0500},{Pos=Vector3.new(-28.080,2.197,-6.902),Vel=Vector3.new(-14.613,-0.000,6.516),Move=Vector3.new(-0.913,0,0.407),Jump=false,CFrame=CFrame.new(-39.307,9.032,-4.326,-0.219209,-0.424149,0.878661,-0.000000,0.900565,0.434722,-0.975678,0.095295,-0.197412),FOV=70.00,Time=1.0666},{Pos=Vector3.new(-27.837,2.197,-7.013),Vel=Vector3.new(-14.555,-0.000,6.644),Move=Vector3.new(-0.910,0,0.415),Jump=false,CFrame=CFrame.new(-39.063,9.032,-4.434,-0.219209,-0.424149,0.878661,-0.000000,0.900565,0.434722,-0.975678,0.095295,-0.197412),FOV=70.00,Time=1.0836},{Pos=Vector3.new(-27.596,2.197,-7.125),Vel=Vector3.new(-14.492,-0.000,6.781),Move=Vector3.new(-0.906,0,0.424),Jump=false,CFrame=CFrame.new(-38.821,9.032,-4.545,-0.219209,-0.424149,0.878661,-0.000000,0.900565,0.434722,-0.975678,0.095295,-0.197412),FOV=70.00,Time=1.1003},{Pos=Vector3.new(-27.355,2.197,-7.241),Vel=Vector3.new(-14.429,-0.000,6.914),Move=Vector3.new(-0.902,0,0.432),Jump=false,CFrame=CFrame.new(-38.579,9.032,-4.658,-0.219209,-0.424149,0.878661,-0.000000,0.900565,0.434722,-0.975678,0.095295,-0.197412),FOV=70.00,Time=1.1169},{Pos=Vector3.new(-27.115,2.197,-7.356),Vel=Vector3.new(-14.414,-0.000,6.945),Move=Vector3.new(-0.901,0,0.434),Jump=false,CFrame=CFrame.new(-38.338,9.032,-4.773,-0.219209,-0.424149,0.878661,-0.000000,0.900565,0.434722,-0.975678,0.095295,-0.197412),FOV=70.00,Time=1.1329},{Pos=Vector3.new(-26.875,2.197,-7.473),Vel=Vector3.new(-14.394,-0.000,6.987),Move=Vector3.new(-0.900,0,0.437),Jump=false,CFrame=CFrame.new(-38.098,9.032,-4.889,-0.219209,-0.424149,0.878661,-0.000000,0.900565,0.434722,-0.975678,0.095295,-0.197412),FOV=70.00,Time=1.1502},{Pos=Vector3.new(-26.635,2.197,-7.589),Vel=Vector3.new(-14.394,-0.000,6.987),Move=Vector3.new(-0.900,0,0.437),Jump=false,CFrame=CFrame.new(-37.858,9.032,-5.005,-0.219209,-0.424149,0.878661,-0.000000,0.900565,0.434722,-0.975678,0.095295,-0.197412),FOV=70.00,Time=1.1669},{Pos=Vector3.new(-26.395,2.197,-7.706),Vel=Vector3.new(-14.389,-0.000,6.998),Move=Vector3.new(-0.899,0,0.437),Jump=false,CFrame=CFrame.new(-37.618,9.032,-5.121,-0.219209,-0.424149,0.878661,-0.000000,0.900565,0.434722,-0.975678,0.095295,-0.197412),FOV=70.00,Time=1.1835},{Pos=Vector3.new(-26.156,2.197,-7.823),Vel=Vector3.new(-14.369,-0.000,7.039),Move=Vector3.new(-0.898,0,0.440),Jump=false,CFrame=CFrame.new(-37.379,9.032,-5.238,-0.219209,-0.424149,0.878661,-0.000000,0.900565,0.434722,-0.975678,0.095295,-0.197412),FOV=70.00,Time=1.2004},{Pos=Vector3.new(-25.916,2.197,-7.940),Vel=Vector3.new(-14.368,-0.000,7.039),Move=Vector3.new(-0.898,0,0.440),Jump=false,CFrame=CFrame.new(-37.139,9.032,-5.355,-0.219209,-0.424149,0.878661,-0.000000,0.900565,0.434722,-0.975678,0.095295,-0.197412),FOV=70.00,Time=1.2166},{Pos=Vector3.new(-25.677,2.197,-8.058),Vel=Vector3.new(-14.356,-0.000,7.064),Move=Vector3.new(-0.897,0,0.442),Jump=false,CFrame=CFrame.new(-36.900,9.032,-5.473,-0.219209,-0.424149,0.878661,-0.000000,0.900565,0.434722,-0.975678,0.095295,-0.197412),FOV=70.00,Time=1.2336},{Pos=Vector3.new(-25.438,2.197,-8.176),Vel=Vector3.new(-14.356,-0.000,7.064),Move=Vector3.new(-0.897,0,0.442),Jump=false,CFrame=CFrame.new(-36.660,9.032,-5.590,-0.219209,-0.424149,0.878661,-0.000000,0.900565,0.434722,-0.975678,0.095295,-0.197412),FOV=70.00,Time=1.2501},{Pos=Vector3.new(-25.199,2.197,-8.294),Vel=Vector3.new(-14.348,-0.000,7.081),Move=Vector3.new(-0.897,0,0.443),Jump=false,CFrame=CFrame.new(-36.421,9.032,-5.708,-0.219209,-0.424149,0.878661,-0.000000,0.900565,0.434722,-0.975678,0.095295,-0.197412),FOV=70.00,Time=1.2670},{Pos=Vector3.new(-24.960,2.197,-8.412),Vel=Vector3.new(-14.348,-0.000,7.081),Move=Vector3.new(-0.897,0,0.443),Jump=false,CFrame=CFrame.new(-36.182,9.032,-5.826,-0.219209,-0.424149,0.878661,-0.000000,0.900565,0.434722,-0.975678,0.095295,-0.197412),FOV=70.00,Time=1.2836},{Pos=Vector3.new(-24.721,2.197,-8.531),Vel=Vector3.new(-14.314,-0.000,7.150),Move=Vector3.new(-0.895,0,0.447),Jump=false,CFrame=CFrame.new(-35.943,9.032,-5.944,-0.219209,-0.424149,0.878661,-0.000000,0.900565,0.434722,-0.975678,0.095295,-0.197412),FOV=70.00,Time=1.3004},{Pos=Vector3.new(-24.483,2.197,-8.652),Vel=Vector3.new(-14.253,-0.000,7.270),Move=Vector3.new(-0.891,0,0.455),Jump=false,CFrame=CFrame.new(-35.704,9.032,-6.063,-0.219209,-0.424149,0.878661,-0.000000,0.900565,0.434722,-0.975678,0.095295,-0.197412),FOV=70.00,Time=1.3168},{Pos=Vector3.new(-24.248,2.197,-8.778),Vel=Vector3.new(-14.097,-0.000,7.568),Move=Vector3.new(-0.881,0,0.473),Jump=false,CFrame=CFrame.new(-35.467,9.032,-6.184,-0.219209,-0.424149,0.878661,-0.000000,0.900565,0.434722,-0.975678,0.095295,-0.197412),FOV=70.00,Time=1.3334},{Pos=Vector3.new(-24.017,2.197,-8.911),Vel=Vector3.new(-13.859,-0.000,7.994),Move=Vector3.new(-0.866,0,0.500),Jump=false,CFrame=CFrame.new(-35.231,9.032,-6.310,-0.219209,-0.424149,0.878661,-0.000000,0.900565,0.434722,-0.975678,0.095295,-0.197412),FOV=70.00,Time=1.3501},{Pos=Vector3.new(-23.790,2.197,-9.051),Vel=Vector3.new(-13.592,-0.000,8.440),Move=Vector3.new(-0.849,0,0.528),Jump=false,CFrame=CFrame.new(-34.983,9.032,-6.368,-0.225894,-0.423487,0.877286,0.000000,0.900564,0.434723,-0.974152,0.098202,-0.203432),FOV=70.00,Time=1.3667},{Pos=Vector3.new(-23.564,3.063,-9.192),Vel=Vector3.new(-13.592,-50.701,8.440),Move=Vector3.new(-0.824,0,0.566),Jump=false,CFrame=CFrame.new(-34.737,9.032,-6.427,-0.233117,-0.422746,0.875752,0.000000,0.900564,0.434723,-0.972449,0.101342,-0.209937),FOV=70.00,Time=1.3852},{Pos=Vector3.new(-23.348,3.874,-9.348),Vel=Vector3.new(-12.797,-47.431,9.601),Move=Vector3.new(-0.798,0,0.602),Jump=false,CFrame=CFrame.new(-34.635,9.897,-7.155,-0.180923,-0.427548,0.885703,-0.000000,0.900565,0.434722,-0.983497,0.078651,-0.162933),FOV=70.00,Time=1.4007},{Pos=Vector3.new(-23.133,4.630,-9.506),Vel=Vector3.new(-12.904,-44.161,9.460),Move=Vector3.new(-0.807,0,0.591),Jump=false,CFrame=CFrame.new(-34.576,10.708,-8.537,-0.072063,-0.433592,0.898223,-0.000000,0.900564,0.434723,-0.997400,0.031327,-0.064897),FOV=70.00,Time=1.4166},{Pos=Vector3.new(-22.909,5.332,-9.650),Vel=Vector3.new(-13.563,-40.891,8.486),Move=Vector3.new(-0.849,0,0.529),Jump=false,CFrame=CFrame.new(-34.399,11.438,-9.792,0.025374,-0.432433,0.901309,-0.000000,0.901599,0.432573,-0.999678,-0.010976,0.022877),FOV=70.00,Time=1.4332},{Pos=Vector3.new(-22.675,5.980,-9.778),Vel=Vector3.new(-14.108,-37.621,7.546),Move=Vector3.new(-0.883,0,0.470),Jump=false,CFrame=CFrame.new(-34.145,12.118,-10.644,0.088138,-0.429152,0.898922,-0.000000,0.902434,0.430828,-0.996108,-0.037972,0.079538),FOV=70.00,Time=1.4502},{Pos=Vector3.new(-22.436,6.573,-9.897),Vel=Vector3.new(-14.373,-34.351,7.029),Move=Vector3.new(-0.899,0,0.439),Jump=false,CFrame=CFrame.new(-33.889,12.711,-11.217,0.127245,-0.423027,0.897138,-0.000000,0.904490,0.426494,-0.991871,-0.054269,0.115092),FOV=70.00,Time=1.4668},{Pos=Vector3.new(-22.195,7.111,-10.010),Vel=Vector3.new(-14.503,-31.081,6.756),Move=Vector3.new(-0.907,0,0.422),Jump=false,CFrame=CFrame.new(-33.618,13.255,-11.718,0.160790,-0.417120,0.894515,0.000000,0.906308,0.422619,-0.986989,-0.067953,0.145725),FOV=70.00,Time=1.4838},{Pos=Vector3.new(-21.952,7.595,-10.119),Vel=Vector3.new(-14.601,-27.811,6.543),Move=Vector3.new(-0.913,0,0.409),Jump=false,CFrame=CFrame.new(-33.314,13.772,-12.231,0.195923,-0.412703,0.889545,0.000000,0.907126,0.420859,-0.980619,-0.082456,0.177727),FOV=70.00,Time=1.5006},{Pos=Vector3.new(-21.706,8.025,-10.223),Vel=Vector3.new(-14.753,-24.541,6.193),Move=Vector3.new(-0.922,0,0.387),Jump=false,CFrame=CFrame.new(-33.000,14.240,-12.705,0.227854,-0.408516,0.883853,-0.000000,0.907731,0.419553,-0.973695,-0.095597,0.206830),FOV=70.00,Time=1.5168},{Pos=Vector3.new(-21.458,8.400,-10.322),Vel=Vector3.new(-14.882,-21.271,5.876),Move=Vector3.new(-0.930,0,0.367),Jump=false,CFrame=CFrame.new(-32.649,14.652,-13.252,0.266791,-0.403070,0.875418,0.000000,0.908342,0.418229,-0.963754,-0.111580,0.242338),FOV=70.00,Time=1.5330},{Pos=Vector3.new(-21.208,8.720,-10.413),Vel=Vector3.new(-15.042,-18.001,5.452),Move=Vector3.new(-0.940,0,0.340),Jump=false,CFrame=CFrame.new(-32.217,15.011,-13.974,0.321469,-0.394801,0.860692,-0.000000,0.908938,0.416931,-0.946920,-0.134031,0.292195),FOV=70.00,Time=1.5502},{Pos=Vector3.new(-20.954,8.986,-10.495),Vel=Vector3.new(-15.261,-14.731,4.807),Move=Vector3.new(-0.954,0,0.300),Jump=false,CFrame=CFrame.new(-31.678,15.288,-14.877,0.392171,-0.380317,0.837592,-0.000000,0.910533,0.413437,-0.919892,-0.162138,0.357085),FOV=70.00,Time=1.5667},{Pos=Vector3.new(-20.696,9.197,-10.562),Vel=Vector3.new(-15.518,-11.461,3.893),Move=Vector3.new(-0.970,0,0.242),Jump=false,CFrame=CFrame.new(-31.108,15.543,-15.648,0.452523,-0.367893,0.812329,-0.000000,0.910935,0.412551,-0.891753,-0.186689,0.412218),FOV=70.00,Time=1.5838},{Pos=Vector3.new(-20.434,9.354,-10.615),Vel=Vector3.new(-15.702,-8.191,3.073),Move=Vector3.new(-0.982,0,0.191),Jump=false,CFrame=CFrame.new(-30.544,15.754,-16.277,0.501966,-0.356810,0.787856,0.000000,0.910934,0.412551,-0.864887,-0.207087,0.457258),FOV=70.00,Time=1.6004},{Pos=Vector3.new(-20.171,9.457,-10.657),Vel=Vector3.new(-15.811,-4.921,2.453),Move=Vector3.new(-0.988,0,0.153),Jump=false,CFrame=CFrame.new(-30.118,15.911,-16.605,0.526095,-0.350844,0.774682,0.000000,0.910935,0.412551,-0.850426,-0.217040,0.479238),FOV=70.00,Time=1.6172},{Pos=Vector3.new(-19.907,9.505,-10.696),Vel=Vector3.new(-15.828,-1.651,2.339),Move=Vector3.new(-0.989,0,0.146),Jump=false,CFrame=CFrame.new(-29.790,16.014,-16.750,0.535110,-0.348516,0.769541,0.000000,0.910934,0.412551,-0.844782,-0.220760,0.487450),FOV=70.00,Time=1.6340},{Pos=Vector3.new(-19.668,9.498,-10.731),Vel=Vector3.new(-13.470,1.619,1.991),Move=Vector3.new(-0.000,0,-0.000),Jump=false,CFrame=CFrame.new(-29.455,16.062,-16.901,0.544923,-0.345918,0.763806,-0.000000,0.910935,0.412550,-0.838486,-0.224808,0.496389),FOV=70.00,Time=1.6503},{Pos=Vector3.new(-19.468,9.437,-10.761),Vel=Vector3.new(-11.113,4.889,1.642),Move=Vector3.new(-0.000,0,-0.000),Jump=false,CFrame=CFrame.new(-29.216,16.055,-16.936,0.544923,-0.345918,0.763806,-0.000000,0.910935,0.412550,-0.838486,-0.224808,0.496389),FOV=70.00,Time=1.6672},{Pos=Vector3.new(-19.307,9.322,-10.784),Vel=Vector3.new(-8.755,8.159,1.294),Move=Vector3.new(-0.000,0,-0.000),Jump=false,CFrame=CFrame.new(-28.977,15.994,-17.024,0.550099,-0.344521,0.760721,0.000000,0.910935,0.412551,-0.835100,-0.226943,0.501104),FOV=70.00,Time=1.6837},{Pos=Vector3.new(-19.186,9.152,-10.802),Vel=Vector3.new(-6.397,11.429,0.945),Move=Vector3.new(-0.000,0,-0.000),Jump=false,CFrame=CFrame.new(-28.791,15.879,-17.086,0.553432,-0.343611,0.758712,0.000001,0.910935,0.412551,-0.832894,-0.228318,0.504141),FOV=70.00,Time=1.7006},{Pos=Vector3.new(-19.104,8.927,-10.814),Vel=Vector3.new(-4.039,14.699,0.597),Move=Vector3.new(-0.000,0,-0.000),Jump=false,CFrame=CFrame.new(-28.647,15.709,-17.138,0.556425,-0.342788,0.756894,-0.000000,0.910935,0.412551,-0.830898,-0.229554,0.506867),FOV=70.00,Time=1.7183},{Pos=Vector3.new(-19.061,8.648,-10.821),Vel=Vector3.new(-1.682,17.969,0.249),Move=Vector3.new(-0.000,0,-0.000),Jump=false,CFrame=CFrame.new(-28.519,15.484,-17.219,0.562478,-0.341102,0.753172,0.000000,0.910935,0.412550,-0.826812,-0.232050,0.512381),FOV=70.00,Time=1.7340},{Pos=Vector3.new(-19.054,8.314,-10.822),Vel=Vector3.new(-0.071,21.239,0.010),Move=Vector3.new(-0.000,0,-0.000),Jump=false,CFrame=CFrame.new(-28.379,15.195,-17.374,0.575262,-0.336774,0.745424,0.000000,0.911310,0.411720,-0.817969,-0.236847,0.524242),FOV=70.00,Time=1.7506},{Pos=Vector3.new(-19.053,7.926,-10.822),Vel=Vector3.new(-0.001,24.509,0.000),Move=Vector3.new(-0.000,0,-0.000),Jump=false,CFrame=CFrame.new(-28.201,14.855,-17.615,0.596211,-0.330154,0.731800,-0.000000,0.911528,0.411239,-0.802828,-0.245185,0.543463),FOV=70.00,Time=1.7678},{Pos=Vector3.new(-19.053,7.484,-10.822),Vel=Vector3.new(-0.000,27.779,0.000),Move=Vector3.new(-0.000,0,-0.000),Jump=false,CFrame=CFrame.new(-27.974,14.467,-17.911,0.622160,-0.321954,0.713627,-0.000001,0.911528,0.411239,-0.782890,-0.255856,0.567116),FOV=70.00,Time=1.7846},{Pos=Vector3.new(-19.053,6.987,-10.822),Vel=Vector3.new(-0.000,31.049,0.000),Move=Vector3.new(-0.000,0,-0.000),Jump=false,CFrame=CFrame.new(-27.916,14.024,-17.982,0.628424,-0.319890,0.709051,-0.000001,0.911528,0.411239,-0.777871,-0.258433,0.572826),FOV=70.00,Time=1.8011},{Pos=Vector3.new(-19.053,6.435,-10.822),Vel=Vector3.new(-0.000,34.319,0.000),Move=Vector3.new(-0.000,0,-0.000),Jump=false,CFrame=CFrame.new(-27.893,13.527,-18.011,0.630992,-0.319035,0.707153,0.000000,0.911528,0.411239,-0.775789,-0.259488,0.575167),FOV=70.00,Time=1.8180},{Pos=Vector3.new(-19.053,5.829,-10.822),Vel=Vector3.new(-0.000,37.589,0.000),Move=Vector3.new(-0.000,0,-0.000),Jump=false,CFrame=CFrame.new(-27.882,12.962,-18.035,0.632690,-0.317616,0.706275,-0.000000,0.912022,0.410141,-0.774405,-0.259492,0.577027),FOV=70.00,Time=1.8343},{Pos=Vector3.new(-19.053,5.169,-10.822),Vel=Vector3.new(-0.000,40.859,0.000),Move=Vector3.new(-0.000,0,-0.000),Jump=false,CFrame=CFrame.new(-27.875,12.345,-18.050,0.633791,-0.316583,0.705751,0.000000,0.912407,0.409284,-0.773504,-0.259400,0.578275),FOV=70.00,Time=1.8505},{Pos=Vector3.new(-19.053,4.454,-10.822),Vel=Vector3.new(-0.000,44.129,0.000),Move=Vector3.new(-0.000,0,-0.000),Jump=false,CFrame=CFrame.new(-27.892,11.660,-18.048,0.632966,-0.315322,0.707055,0.000000,0.913296,0.407297,-0.774179,-0.257805,0.578085),FOV=70.00,Time=1.8674},{Pos=Vector3.new(-19.053,3.684,-10.822),Vel=Vector3.new(0.000,47.399,-0.000),Move=Vector3.new(-0.000,0,-0.000),Jump=false,CFrame=CFrame.new(-27.923,10.805,-18.106,0.634654,-0.306096,0.709591,0.000000,0.918212,0.396089,-0.772797,-0.251379,0.582747),FOV=70.00,Time=1.8842},{Pos=Vector3.new(-19.053,3.507,-10.822),Vel=Vector3.new(-0.000,0.084,0.000),Move=Vector3.new(-0.000,0,-0.000),Jump=false,CFrame=CFrame.new(-27.948,9.961,-18.126,0.634654,-0.301492,0.711559,0.000000,0.920759,0.390131,-0.772796,-0.247598,0.584364),FOV=70.00,Time=1.9001},{Pos=Vector3.new(-19.053,3.567,-10.822),Vel=Vector3.new(-0.000,-4.229,0.000),Move=Vector3.new(-0.000,0,-0.000),Jump=false,CFrame=CFrame.new(-27.946,9.789,-18.125,0.634654,-0.301782,0.711437,0.000000,0.920601,0.390506,-0.772797,-0.247836,0.584263),FOV=70.00,Time=1.9182},{Pos=Vector3.new(-19.053,3.623,-10.822),Vel=Vector3.new(-0.000,-3.016,0.000),Move=Vector3.new(-0.000,0,-0.000),Jump=false,CFrame=CFrame.new(-27.961,9.804,-18.137,0.634654,-0.299051,0.712589,0.000000,0.922092,0.386972,-0.772797,-0.245593,0.585209),FOV=70.00,Time=1.9338},{Pos=Vector3.new(-19.069,3.657,-10.795),Vel=Vector3.new(1.129,-1.591,-1.737),Move=Vector3.new(0.525,0,-0.851),Jump=false,CFrame=CFrame.new(-27.970,9.832,-18.145,0.634654,-0.297281,0.713329,0.000000,0.923049,0.384682,-0.772796,-0.244140,0.585817),FOV=70.00,Time=1.9514},{Pos=Vector3.new(-19.114,3.676,-10.717),Vel=Vector3.new(3.597,-0.858,-6.324),Move=Vector3.new(0.487,0,-0.874),Jump=false,CFrame=CFrame.new(-28.017,9.801,-18.123,0.633573,-0.293586,0.715817,0.000001,0.925207,0.379464,-0.773683,-0.240418,0.586186),FOV=70.00,Time=1.9682},{Pos=Vector3.new(-19.196,3.686,-10.560),Vel=Vector3.new(5.631,-0.466,-11.119),Move=Vector3.new(0.438,0,-0.899),Jump=false,CFrame=CFrame.new(-28.113,9.751,-18.025,0.630430,-0.290336,0.719905,0.000000,0.927419,0.374025,-0.776246,-0.235796,0.584672),FOV=70.00,Time=1.9838},{Pos=Vector3.new(-19.296,3.691,-10.330),Vel=Vector3.new(6.083,-0.254,-14.575),Move=Vector3.new(0.384,0,-0.923),Jump=false,CFrame=CFrame.new(-28.346,9.634,-17.760,0.618355,-0.285967,0.732025,0.000000,0.931449,0.363872,-0.785899,-0.225002,0.575966),FOV=70.00,Time=2.0009},{Pos=Vector3.new(-19.390,3.694,-10.081),Vel=Vector3.new(5.513,-0.138,-14.961),Move=Vector3.new(0.346,0,-0.938),Jump=false,CFrame=CFrame.new(-28.688,9.492,-17.306,0.596231,-0.282669,0.751403,-0.000000,0.935963,0.352098,-0.802813,-0.209932,0.558050),FOV=70.00,Time=2.0172},{Pos=Vector3.new(-19.474,3.696,-9.828),Vel=Vector3.new(4.939,-0.075,-15.177),Move=Vector3.new(0.310,0,-0.951),Jump=false,CFrame=CFrame.new(-29.044,9.383,-16.762,0.569063,-0.282134,0.772378,-0.000000,0.939297,0.343106,-0.822294,-0.195249,0.534519),FOV=70.00,Time=2.0336},{Pos=Vector3.new(-19.547,3.696,-9.572),Vel=Vector3.new(4.295,-0.041,-15.384),Move=Vector3.new(0.270,0,-0.963),Jump=false,CFrame=CFrame.new(-29.332,9.294,-16.265,0.546742,-0.281237,0.788656,0.000000,0.941903,0.335885,-0.837301,-0.183642,0.514978),FOV=70.00,Time=2.0504},{Pos=Vector3.new(-19.614,3.697,-9.314),Vel=Vector3.new(3.905,-0.022,-15.496),Move=Vector3.new(0.245,0,-0.969),Jump=false,CFrame=CFrame.new(-29.555,9.233,-15.815,0.529280,-0.280760,0.800647,0.000000,0.943662,0.330911,-0.848447,-0.175144,0.499462),FOV=70.00,Time=2.0672},{Pos=Vector3.new(-19.675,3.697,-9.054),Vel=Vector3.new(3.645,-0.012,-15.565),Move=Vector3.new(0.229,0,-0.973),Jump=false,CFrame=CFrame.new(-29.730,9.222,-15.388,0.514780,-0.282942,0.809287,0.000000,0.943971,0.330029,-0.857323,-0.169892,0.485937),FOV=70.00,Time=2.0837},{Pos=Vector3.new(-19.732,3.697,-8.794),Vel=Vector3.new(3.348,-0.007,-15.636),Move=Vector3.new(0.210,0,-0.978),Jump=false,CFrame=CFrame.new(-29.863,9.205,-15.020,0.505361,-0.283603,0.814972,-0.000000,0.944449,0.328659,-0.862908,-0.166092,0.477288),FOV=70.00,Time=2.1005},{Pos=Vector3.new(-19.786,3.697,-8.533),Vel=Vector3.new(3.210,-0.004,-15.668),Move=Vector3.new(0.202,0,-0.979),Jump=false,CFrame=CFrame.new(-29.964,9.200,-14.686,0.499045,-0.284403,0.818577,-0.000000,0.944611,0.328192,-0.866576,-0.163783,0.471403),FOV=70.00,Time=2.1170},{Pos=Vector3.new(-19.840,3.697,-8.271),Vel=Vector3.new(3.180,-0.002,-15.676),Move=Vector3.new(0.200,0,-0.980),Jump=false,CFrame=CFrame.new(-30.036,9.200,-14.395,0.496510,-0.284881,0.819952,0.000000,0.944611,0.328192,-0.868031,-0.162950,0.469008),FOV=70.00,Time=2.1339},{Pos=Vector3.new(-19.895,3.697,-8.010),Vel=Vector3.new(3.296,-0.001,-15.653),Move=Vector3.new(0.207,0,-0.978),Jump=false,CFrame=CFrame.new(-30.113,9.189,-14.099,0.493384,-0.284693,0.821901,0.000000,0.944919,0.327305,-0.869811,-0.161487,0.466208),FOV=70.00,Time=2.1504},{Pos=Vector3.new(-19.952,3.697,-7.750),Vel=Vector3.new(3.461,-0.001,-15.618),Move=Vector3.new(0.217,0,-0.976),Jump=false,CFrame=CFrame.new(-30.216,9.183,-13.757,0.486423,-0.285561,0.825741,0.000000,0.945083,0.326832,-0.873723,-0.158978,0.459710),FOV=70.00,Time=2.1670},{Pos=Vector3.new(-20.014,3.697,-7.491),Vel=Vector3.new(3.711,-0.000,-15.561),Move=Vector3.new(0.233,0,-0.972),Jump=false,CFrame=CFrame.new(-30.396,9.132,-13.308,0.469800,-0.284921,0.835529,0.000000,0.946482,0.322757,-0.882773,-0.151631,0.444657),FOV=70.00,Time=2.1838},{Pos=Vector3.new(-20.076,3.698,-7.231),Vel=Vector3.new(3.753,-0.000,-15.552),Move=Vector3.new(0.235,0,-0.972),Jump=false,CFrame=CFrame.new(-30.578,9.047,-12.879,0.454344,-0.281466,0.845191,0.000000,0.948772,0.315961,-0.890826,-0.143555,0.431069),FOV=70.00,Time=2.2001},{Pos=Vector3.new(-20.140,3.698,-6.972),Vel=Vector3.new(3.836,-0.000,-15.532),Move=Vector3.new(0.240,0,-0.971),Jump=false,CFrame=CFrame.new(-30.753,8.979,-12.445,0.438782,-0.279039,0.854171,0.000000,0.950564,0.310528,-0.898594,-0.136254,0.417090),FOV=70.00,Time=2.2167},{Pos=Vector3.new(-20.204,3.698,-6.714),Vel=Vector3.new(3.851,-0.000,-15.528),Move=Vector3.new(0.241,0,-0.970),Jump=false,CFrame=CFrame.new(-30.904,8.950,-12.026,0.424993,-0.278974,0.861136,-0.000000,0.951325,0.308191,-0.905197,-0.130979,0.404306),FOV=70.00,Time=2.2335},{Pos=Vector3.new(-20.268,3.698,-6.455),Vel=Vector3.new(3.827,-0.000,-15.535),Move=Vector3.new(0.240,0,-0.971),Jump=false,CFrame=CFrame.new(-31.061,8.894,-11.610,0.411151,-0.276831,0.868515,-0.000000,0.952772,0.303687,-0.911567,-0.124862,0.391733),FOV=70.00,Time=2.2500},{Pos=Vector3.new(-20.332,3.663,-6.196),Vel=Vector3.new(3.827,3.270,-15.535),Move=Vector3.new(0.227,0,-0.974),Jump=false,CFrame=CFrame.new(-31.216,8.835,-11.191,0.397026,-0.274434,0.875817,0.000000,0.954250,0.299011,-0.917807,-0.118715,0.378862),FOV=70.00,Time=2.2670},{Pos=Vector3.new(-20.396,3.575,-5.937),Vel=Vector3.new(3.827,6.540,-15.535),Move=Vector3.new(0.212,0,-0.977),Jump=false,CFrame=CFrame.new(-31.337,8.790,-10.806,0.386378,-0.274958,0.880403,-0.000000,0.954532,0.298110,-0.922340,-0.115183,0.368810),FOV=70.00,Time=2.2838},{Pos=Vector3.new(-20.460,3.432,-5.678),Vel=Vector3.new(3.827,9.810,-15.535),Move=Vector3.new(0.201,0,-0.980),Jump=false,CFrame=CFrame.new(-31.453,8.701,-10.422,0.375931,-0.276242,0.884515,0.000000,0.954532,0.298109,-0.926648,-0.112068,0.358838),FOV=70.00,Time=2.3003},{Pos=Vector3.new(-20.524,3.234,-5.419),Vel=Vector3.new(3.827,13.080,-15.535),Move=Vector3.new(0.190,0,-0.982),Jump=false,CFrame=CFrame.new(-31.579,8.558,-10.007,0.362784,-0.277800,0.889503,0.000000,0.954532,0.298109,-0.931873,-0.108149,0.346289),FOV=70.00,Time=2.3173},{Pos=Vector3.new(-20.588,2.982,-5.160),Vel=Vector3.new(3.827,16.350,-15.535),Move=Vector3.new(0.176,0,-0.984),Jump=false,CFrame=CFrame.new(-31.693,8.361,-9.617,0.351857,-0.279046,0.893493,-0.000000,0.954532,0.298109,-0.936054,-0.104892,0.335859),FOV=70.00,Time=2.3334},{Pos=Vector3.new(-20.635,2.676,-4.898),Vel=Vector3.new(2.653,19.620,-15.778),Move=Vector3.new(0.164,0,-0.986),Jump=false,CFrame=CFrame.new(-31.795,8.109,-9.255,0.343139,-0.280010,0.896577,-0.000000,0.954532,0.298109,-0.939285,-0.102293,0.327537),FOV=70.00,Time=2.3520},{Pos=Vector3.new(-20.676,2.315,-4.634),Vel=Vector3.new(2.488,22.890,-15.805),Move=Vector3.new(0.155,0,-0.988),Jump=false,CFrame=CFrame.new(-31.850,7.802,-8.970,0.341312,-0.280208,0.897212,0.000000,0.954532,0.298109,-0.939950,-0.101748,0.325793),FOV=70.00,Time=2.3664},{Pos=Vector3.new(-20.717,2.127,-4.371),Vel=Vector3.new(2.455,2.668,-15.810),Move=Vector3.new(0.153,0,-0.988),Jump=false,CFrame=CFrame.new(-31.919,7.430,-8.640,0.335627,-0.279993,0.899421,-0.000000,0.954805,0.297234,-0.941995,-0.099760,0.320458),FOV=70.00,Time=2.3838},{Pos=Vector3.new(-20.757,2.138,-4.107),Vel=Vector3.new(2.361,-1.475,-15.825),Move=Vector3.new(0.147,0,-0.989),Jump=false,CFrame=CFrame.new(-31.979,7.227,-8.336,0.332067,-0.279247,0.900973,0.000000,0.955174,0.296046,-0.943256,-0.098307,0.317182),FOV=70.00,Time=2.4001},{Pos=Vector3.new(-20.795,2.162,-3.843),Vel=Vector3.new(2.300,-1.266,-15.834),Move=Vector3.new(0.144,0,-0.990),Jump=false,CFrame=CFrame.new(-32.017,7.245,-8.071,0.332068,-0.279756,0.900815,-0.000000,0.955006,0.296585,-0.943255,-0.098487,0.317127),FOV=70.00,Time=2.4168},{Pos=Vector3.new(-20.833,2.178,-3.579),Vel=Vector3.new(2.299,-0.763,-15.834),Move=Vector3.new(0.144,0,-0.990),Jump=false,CFrame=CFrame.new(-32.109,7.269,-7.652,0.319007,-0.281089,0