-- V23 Non-Loop
local RunService=game:GetService("RunService")
local lp=game.Players.LocalPlayer
local cam=workspace.CurrentCamera
local char=lp.Character or lp.CharacterAdded:Wait()
local hrp=char:WaitForChild("HumanoidRootPart")
local hum=char:WaitForChild("Humanoid")
hum.AutoRotate=false
cam.CameraType=Enum.CameraType.Scriptable
local frames={{Pos=Vector3.new(32.698,3.697,-12.367),Vel=Vector3.new(0.000,0.003,-0.000),Move=Vector3.new(0.000,0,0.000),Jump=false,CFrame=CFrame.new(33.896,15.337,-19.436,-0.985923,-0.136962,0.095900,0.000000,0.573569,0.819157,-0.167199,0.807626,-0.565495),FOV=70.00,Time=0.0000},{Pos=Vector3.new(32.698,3.697,-12.367),Vel=Vector3.new(0.000,0.002,-0.000),Move=Vector3.new(0.000,0,0.000),Jump=false,CFrame=CFrame.new(33.896,15.337,-19.436,-0.985923,-0.136962,0.095900,0.000000,0.573569,0.819157,-0.167199,0.807626,-0.565495),FOV=70.00,Time=0.0186},{Pos=Vector3.new(32.698,3.697,-12.367),Vel=Vector3.new(0.000,0.001,-0.000),Move=Vector3.new(0.000,0,0.000),Jump=false,CFrame=CFrame.new(33.896,15.337,-19.436,-0.985923,-0.136962,0.095900,0.000000,0.573569,0.819157,-0.167199,0.807626,-0.565495),FOV=70.00,Time=0.0326},{Pos=Vector3.new(32.698,3.697,-12.367),Vel=Vector3.new(0.000,0.001,-0.000),Move=Vector3.new(0.000,0,0.000),Jump=false,CFrame=CFrame.new(33.896,15.337,-19.436,-0.985923,-0.136962,0.095900,0.000000,0.573569,0.819157,-0.167199,0.807626,-0.565495),FOV=70.00,Time=0.0493},{Pos=Vector3.new(32.698,3.697,-12.367),Vel=Vector3.new(0.000,0.000,-0.000),Move=Vector3.new(0.000,0,0.000),Jump=false,CFrame=CFrame.new(33.896,15.337,-19.436,-0.985923,-0.136962,0.095900,0.000000,0.573569,0.819157,-0.167199,0.807626,-0.565495),FOV=70.00,Time=0.0658},{Pos=Vector3.new(32.698,3.698,-12.367),Vel=Vector3.new(0.000,0.000,-0.000),Move=Vector3.new(0.000,0,0.000),Jump=false,CFrame=CFrame.new(33.896,15.337,-19.436,-0.985923,-0.136962,0.095900,0.000000,0.573569,0.819157,-0.167199,0.807626,-0.565495),FOV=70.00,Time=0.0830},{Pos=Vector3.new(32.738,3.698,-12.341),Vel=Vector3.new(3.330,0.000,2.013),Move=Vector3.new(0.847,0,0.532),Jump=false,CFrame=CFrame.new(33.896,15.337,-19.436,-0.985923,-0.136962,0.095900,0.000000,0.573569,0.819157,-0.167199,0.807626,-0.565495),FOV=70.00,Time=0.1000},{Pos=Vector3.new(32.838,3.698,-12.274),Vel=Vector3.new(7.578,0.000,5.028),Move=Vector3.new(0.825,0,0.566),Jump=false,CFrame=CFrame.new(33.937,15.337,-19.410,-0.985923,-0.136962,0.095900,0.000000,0.573569,0.819157,-0.167199,0.807626,-0.565495),FOV=70.00,Time=0.1186},{Pos=Vector3.new(33.010,3.698,-12.158),Vel=Vector3.new(11.854,0.000,8.002),Move=Vector3.new(0.827,0,0.563),Jump=false,CFrame=CFrame.new(34.037,15.337,-19.343,-0.985923,-0.136962,0.095900,0.000000,0.573569,0.819157,-0.167199,0.807626,-0.565495),FOV=70.00,Time=0.1336},{Pos=Vector3.new(33.227,3.698,-12.010),Vel=Vector3.new(13.115,0.000,8.965),Move=Vector3.new(0.825,0,0.565),Jump=false,CFrame=CFrame.new(34.208,15.337,-19.227,-0.985923,-0.136962,0.095900,0.000000,0.573569,0.819157,-0.167199,0.807626,-0.565495),FOV=70.00,Time=0.1504},{Pos=Vector3.new(33.446,3.698,-11.858),Vel=Vector3.new(13.080,0.000,9.090),Move=Vector3.new(0.821,0,0.570),Jump=false,CFrame=CFrame.new(34.425,15.337,-19.079,-0.985923,-0.136962,0.095900,0.000000,0.573569,0.819157,-0.167199,0.807626,-0.565495),FOV=70.00,Time=0.1670},{Pos=Vector3.new(33.663,3.698,-11.703),Vel=Vector3.new(12.937,0.000,9.318),Move=Vector3.new(0.812,0,0.584),Jump=false,CFrame=CFrame.new(34.644,15.337,-18.927,-0.985923,-0.136962,0.095900,0.000000,0.573569,0.819157,-0.167199,0.807626,-0.565495),FOV=70.00,Time=0.1841},{Pos=Vector3.new(33.876,3.698,-11.544),Vel=Vector3.new(12.741,0.000,9.605),Move=Vector3.new(0.799,0,0.601),Jump=false,CFrame=CFrame.new(34.861,15.337,-18.772,-0.985923,-0.136962,0.095900,0.000000,0.573569,0.819157,-0.167199,0.807626,-0.565495),FOV=70.00,Time=0.2009},{Pos=Vector3.new(34.086,3.698,-11.379),Vel=Vector3.new(12.493,0.000,9.945),Move=Vector3.new(0.783,0,0.622),Jump=false,CFrame=CFrame.new(35.075,15.337,-18.612,-0.985923,-0.136962,0.095900,0.000000,0.573569,0.819157,-0.167199,0.807626,-0.565495),FOV=70.00,Time=0.2175},{Pos=Vector3.new(34.290,3.698,-11.207),Vel=Vector3.new(12.174,0.000,10.347),Move=Vector3.new(0.763,0,0.647),Jump=false,CFrame=CFrame.new(35.284,15.337,-18.448,-0.985923,-0.136962,0.095900,0.000000,0.573569,0.819157,-0.167199,0.807626,-0.565495),FOV=70.00,Time=0.2344},{Pos=Vector3.new(34.489,3.698,-11.030),Vel=Vector3.new(11.872,0.000,10.702),Move=Vector3.new(0.743,0,0.669),Jump=false,CFrame=CFrame.new(35.489,15.337,-18.276,-0.985923,-0.136962,0.095900,0.000000,0.573569,0.819157,-0.167199,0.807626,-0.565495),FOV=70.00,Time=0.2501},{Pos=Vector3.new(34.672,3.698,-10.837),Vel=Vector3.new(10.869,0.000,11.728),Move=Vector3.new(0.679,0,0.734),Jump=false,CFrame=CFrame.new(35.687,15.337,-18.099,-0.985923,-0.136962,0.095900,0.000000,0.573569,0.819157,-0.167199,0.807626,-0.565495),FOV=70.00,Time=0.2672},{Pos=Vector3.new(34.840,3.698,-10.629),Vel=Vector3.new(9.895,0.000,12.567),Move=Vector3.new(0.618,0,0.786),Jump=false,CFrame=CFrame.new(35.871,15.337,-17.905,-0.985923,-0.136962,0.095900,0.000000,0.573569,0.819157,-0.167199,0.807626,-0.565495),FOV=70.00,Time=0.2840},{Pos=Vector3.new(34.986,3.698,-10.407),Vel=Vector3.new(8.613,0.000,13.480),Move=Vector3.new(0.537,0,0.843),Jump=false,CFrame=CFrame.new(36.038,15.337,-17.698,-0.985923,-0.136962,0.095900,0.000000,0.573569,0.819157,-0.167199,0.807626,-0.565495),FOV=70.00,Time=0.3006},{Pos=Vector3.new(35.112,3.698,-10.172),Vel=Vector3.new(7.389,0.000,14.190),Move=Vector3.new(0.460,0,0.888),Jump=false,CFrame=CFrame.new(36.185,15.337,-17.475,-0.985923,-0.136962,0.095900,0.000000,0.573569,0.819157,-0.167199,0.807626,-0.565495),FOV=70.00,Time=0.3168},{Pos=Vector3.new(35.219,3.698,-9.928),Vel=Vector3.new(6.289,0.000,14.711),Move=Vector3.new(0.392,0,0.920),Jump=false,CFrame=CFrame.new(36.311,15.337,-17.240,-0.985923,-0.136962,0.095900,0.000000,0.573569,0.819157,-0.167199,0.807626,-0.565495),FOV=70.00,Time=0.3330},{Pos=Vector3.new(35.310,3.698,-9.677),Vel=Vector3.new(5.412,0.000,15.056),Move=Vector3.new(0.337,0,0.942),Jump=false,CFrame=CFrame.new(36.418,15.337,-16.996,-0.985923,-0.136962,0.095900,0.000000,0.573569,0.819157,-0.167199,0.807626,-0.565495),FOV=70.00,Time=0.3500},{Pos=Vector3.new(35.390,3.698,-9.423),Vel=Vector3.new(4.760,0.000,15.275),Move=Vector3.new(0.296,0,0.955),Jump=false,CFrame=CFrame.new(36.509,15.337,-16.746,-0.985923,-0.136962,0.095900,0.000000,0.573569,0.819157,-0.167199,0.807626,-0.565495),FOV=70.00,Time=0.3666},{Pos=Vector3.new(35.469,3.663,-9.168),Vel=Vector3.new(4.747,-3.270,15.279),Move=Vector3.new(0.279,0,0.960),Jump=false,CFrame=CFrame.new(36.589,15.337,-16.491,-0.985923,-0.136962,0.095900,0.000000,0.573569,0.819157,-0.167199,0.807626,-0.565495),FOV=70.00,Time=0.3834},{Pos=Vector3.new(35.548,3.575,-8.913),Vel=Vector3.new(4.747,-6.540,15.279),Move=Vector3.new(0.275,0,0.962),Jump=false,CFrame=CFrame.new(36.668,15.303,-16.237,-0.985923,-0.136962,0.095900,0.000000,0.573569,0.819157,-0.167199,0.807626,-0.565495),FOV=70.00,Time=0.4006},{Pos=Vector3.new(35.627,3.432,-8.658),Vel=Vector3.new(4.747,-9.810,15.279),Move=Vector3.new(0.274,0,0.962),Jump=false,CFrame=CFrame.new(36.747,15.214,-15.982,-0.985923,-0.136962,0.095900,0.000000,0.573569,0.819157,-0.167199,0.807626,-0.565495),FOV=70.00,Time=0.4167},{Pos=Vector3.new(35.706,3.234,-8.404),Vel=Vector3.new(4.747,-13.080,15.279),Move=Vector3.new(0.274,0,0.962),Jump=false,CFrame=CFrame.new(36.826,15.071,-15.727,-0.985923,-0.136962,0.095900,0.000000,0.573569,0.819157,-0.167199,0.807626,-0.565495),FOV=70.00,Time=0.4331},{Pos=Vector3.new(35.785,2.982,-8.149),Vel=Vector3.new(4.747,-16.350,15.279),Move=Vector3.new(0.273,0,0.962),Jump=false,CFrame=CFrame.new(36.905,14.874,-15.472,-0.985923,-0.136962,0.095900,0.000000,0.573569,0.819157,-0.167199,0.807626,-0.565495),FOV=70.00,Time=0.4497},{Pos=Vector3.new(35.858,2.676,-7.893),Vel=Vector3.new(4.347,-19.620,15.398),Move=Vector3.new(0.271,0,0.963),Jump=false,CFrame=CFrame.new(36.984,14.622,-15.218,-0.985923,-0.136962,0.095900,0.000000,0.573569,0.819157,-0.167199,0.807626,-0.565495),FOV=70.00,Time=0.4666},{Pos=Vector3.new(35.931,2.315,-7.636),Vel=Vector3.new(4.329,-22.890,15.403),Move=Vector3.new(0.270,0,0.963),Jump=false,CFrame=CFrame.new(37.057,14.315,-14.961,-0.985923,-0.136962,0.095900,0.000000,0.573569,0.819157,-0.167199,0.807626,-0.565495),FOV=70.00,Time=0.4833},{Pos=Vector3.new(36.003,2.127,-7.379),Vel=Vector3.new(4.328,-2.668,15.403),Move=Vector3.new(0.270,0,0.963),Jump=false,CFrame=CFrame.new(37.129,13.954,-14.705,-0.985923,-0.136962,0.095900,0.000000,0.573569,0.819157,-0.167199,0.807626,-0.565495),FOV=70.00,Time=0.4999},{Pos=Vector3.new(36.077,2.138,-7.123),Vel=Vector3.new(4.496,1.475,15.355),Move=Vector3.new(0.281,0,0.960),Jump=false,CFrame=CFrame.new(37.201,13.766,-14.448,-0.985923,-0.136962,0.095900,0.000000,0.573569,0.819157,-0.167199,0.807626,-0.565495),FOV=70.00,Time=0.5167},{Pos=Vector3.new(36.165,2.162,-6.872),Vel=Vector3.new(5.405,1.266,15.059),Move=Vector3.new(0.339,0,0.941),Jump=false,CFrame=CFrame.new(37.276,13.778,-14.192,-0.985923,-0.136962,0.095900,0.000000,0.573569,0.819157,-0.167199,0.807626,-0.565495),FOV=70.00,Time=0.5331},{Pos=Vector3.new(36.268,2.178,-6.626),Vel=Vector3.new(6.288,0.763,14.712),Move=Vector3.new(0.394,0,0.919),Jump=false,CFrame=CFrame.new(37.364,13.801,-13.940,-0.985923,-0.136962,0.095900,0.000000,0.573569,0.819157,-0.167199,0.807626,-0.565495),FOV=70.00,Time=0.5499},{Pos=Vector3.new(36.384,2.187,-6.386),Vel=Vector3.new(7.055,0.427,14.359),Move=Vector3.new(0.442,0,0.897),Jump=false,CFrame=CFrame.new(37.442,13.921,-13.546,-0.985923,-0.138352,0.093883,0.000000,0.561508,0.827472,-0.167199,0.815823,-0.553603),FOV=70.00,Time=0.5666},{Pos=Vector3.new(36.511,2.192,-6.151),Vel=Vector3.new(7.693,0.234,14.027),Move=Vector3.new(0.482,0,0.876),Jump=false,CFrame=CFrame.new(37.549,14.099,-13.048,-0.985052,-0.144860,0.093205,0.000000,0.541090,0.840964,-0.172255,0.828394,-0.533002),FOV=70.00,Time=0.5831},{Pos=Vector3.new(36.646,2.194,-5.921),Vel=Vector3.new(8.127,0.128,13.781),Move=Vector3.new(0.509,0,0.861),Jump=false,CFrame=CFrame.new(37.673,14.225,-12.619,-0.984234,-0.150459,0.092979,0.000000,0.525689,0.850677,-0.176870,0.837265,-0.517402),FOV=70.00,Time=0.5996},{Pos=Vector3.new(36.787,2.196,-5.695),Vel=Vector3.new(8.488,0.070,13.561),Move=Vector3.new(0.531,0,0.847),Jump=false,CFrame=CFrame.new(37.796,14.292,-12.283,-0.984041,-0.152291,0.092039,0.000000,0.517238,0.855841,-0.177943,0.842183,-0.508984),FOV=70.00,Time=0.6167},{Pos=Vector3.new(36.934,2.197,-5.472),Vel=Vector3.new(8.839,0.041,13.335),Move=Vector3.new(0.553,0,0.833),Jump=false,CFrame=CFrame.new(37.929,14.320,-12.013,-0.984041,-0.152670,0.091410,0.000000,0.513702,0.857969,-0.177943,0.844276,-0.505504),FOV=70.00,Time=0.6331},{Pos=Vector3.new(37.082,2.197,-5.251),Vel=Vector3.new(8.900,0.023,13.295),Move=Vector3.new(0.557,0,0.831),Jump=false,CFrame=CFrame.new(38.070,14.341,-11.757,-0.984041,-0.152958,0.090926,0.000000,0.510984,0.859590,-0.177943,0.845871,-0.502830),FOV=70.00,Time=0.6494},{Pos=Vector3.new(37.231,2.197,-5.029),Vel=Vector3.new(8.940,0.012,13.268),Move=Vector3.new(0.559,0,0.829),Jump=false,CFrame=CFrame.new(38.213,14.360,-11.505,-0.984041,-0.153224,0.090478,0.000000,0.508466,0.861082,-0.177943,0.847340,-0.500352),FOV=70.00,Time=0.6665},{Pos=Vector3.new(37.381,2.197,-4.809),Vel=Vector3.new(8.969,0.007,13.249),Move=Vector3.new(0.561,0,0.828),Jump=false,CFrame=CFrame.new(38.362,14.362,-11.281,-0.984041,-0.153244,0.090444,0.000000,0.508274,0.861195,-0.177943,0.847451,-0.500163),FOV=70.00,Time=0.6832},{Pos=Vector3.new(37.530,2.197,-4.588),Vel=Vector3.new(8.971,0.004,13.248),Move=Vector3.new(0.561,0,0.828),Jump=false,CFrame=CFrame.new(38.511,14.362,-11.061,-0.984041,-0.153244,0.090444,0.000000,0.508274,0.861195,-0.177943,0.847451,-0.500163),FOV=70.00,Time=0.6998},{Pos=Vector3.new(37.680,2.197,-4.367),Vel=Vector3.new(8.971,0.002,13.248),Move=Vector3.new(0.561,0,0.828),Jump=false,CFrame=CFrame.new(38.661,14.362,-10.840,-0.984041,-0.153244,0.090444,0.000000,0.508274,0.861195,-0.177943,0.847451,-0.500163),FOV=70.00,Time=0.7168},{Pos=Vector3.new(37.829,2.197,-4.146),Vel=Vector3.new(8.972,0.001,13.247),Move=Vector3.new(0.561,0,0.828),Jump=false,CFrame=CFrame.new(38.810,14.362,-10.619,-0.984041,-0.153244,0.090444,0.000000,0.508274,0.861195,-0.177943,0.847451,-0.500163),FOV=70.00,Time=0.7332},{Pos=Vector3.new(37.980,2.197,-3.926),Vel=Vector3.new(9.004,0.001,13.226),Move=Vector3.new(0.563,0,0.826),Jump=false,CFrame=CFrame.new(38.960,14.362,-10.398,-0.984041,-0.153244,0.090444,0.000000,0.508274,0.861195,-0.177943,0.847451,-0.500163),FOV=70.00,Time=0.7502},{Pos=Vector3.new(38.132,2.197,-3.707),Vel=Vector3.new(9.127,0.000,13.141),Move=Vector3.new(0.571,0,0.821),Jump=false,CFrame=CFrame.new(39.110,14.362,-10.178,-0.984041,-0.153244,0.090444,0.000000,0.508274,0.861195,-0.177943,0.847451,-0.500163),FOV=70.00,Time=0.7665},{Pos=Vector3.new(38.285,2.197,-3.488),Vel=Vector3.new(9.185,0.000,13.101),Move=Vector3.new(0.574,0,0.819),Jump=false,CFrame=CFrame.new(39.262,14.362,-9.959,-0.984041,-0.153244,0.090444,0.000000,0.508274,0.861195,-0.177943,0.847451,-0.500163),FOV=70.00,Time=0.7830},{Pos=Vector3.new(38.438,2.197,-3.271),Vel=Vector3.new(9.227,0.000,13.071),Move=Vector3.new(0.577,0,0.817),Jump=false,CFrame=CFrame.new(39.415,14.362,-9.741,-0.984041,-0.153244,0.090444,0.000000,0.508274,0.861195,-0.177943,0.847451,-0.500163),FOV=70.00,Time=0.8004},{Pos=Vector3.new(38.593,2.197,-3.053),Vel=Vector3.new(9.248,0.000,13.056),Move=Vector3.new(0.578,0,0.816),Jump=false,CFrame=CFrame.new(39.569,14.362,-9.523,-0.984041,-0.153244,0.090444,0.000000,0.508274,0.861195,-0.177943,0.847451,-0.500163),FOV=70.00,Time=0.8172},{Pos=Vector3.new(38.747,2.197,-2.835),Vel=Vector3.new(9.244,0.000,13.059),Move=Vector3.new(0.578,0,0.816),Jump=false,CFrame=CFrame.new(39.746,14.362,-9.301,-0.983388,-0.156320,0.092259,0.000000,0.508274,0.861195,-0.181515,0.846889,-0.499831),FOV=70.00,Time=0.8333},{Pos=Vector3.new(38.900,2.197,-2.617),Vel=Vector3.new(9.179,0.000,13.105),Move=Vector3.new(0.574,0,0.819),Jump=false,CFrame=CFrame.new(39.918,14.362,-9.080,-0.982855,-0.158787,0.093716,0.000000,0.508274,0.861195,-0.184380,0.846430,-0.499560),FOV=70.00,Time=0.8491},{Pos=Vector3.new(39.052,2.197,-2.398),Vel=Vector3.new(9.129,0.000,13.140),Move=Vector3.new(0.571,0,0.821),Jump=false,CFrame=CFrame.new(40.094,14.362,-8.857,-0.982181,-0.161852,0.095524,0.000000,0.508274,0.861195,-0.187939,0.845849,-0.499217),FOV=70.00,Time=0.8658},{Pos=Vector3.new(39.203,2.197,-2.178),Vel=Vector3.new(9.038,0.000,13.202),Move=Vector3.new(0.565,0,0.825),Jump=false,CFrame=CFrame.new(40.271,14.362,-8.633,-0.981418,-0.165246,0.097527,0.000000,0.508274,0.861195,-0.191880,0.845193,-0.498830),FOV=70.00,Time=0.8826},{Pos=Vector3.new(39.352,2.197,-1.957),Vel=Vector3.new(8.934,0.000,13.273),Move=Vector3.new(0.558,0,0.830),Jump=false,CFrame=CFrame.new(40.451,14.362,-8.408,-0.980502,-0.169234,0.099881,0.000000,0.508274,0.861195,-0.196511,0.844403,-0.498364),FOV=70.00,Time=0.8995},{Pos=Vector3.new(39.499,2.197,-1.735),Vel=Vector3.new(8.837,0.000,13.338),Move=Vector3.new(0.552,0,0.834),Jump=false,CFrame=CFrame.new(40.605,14.362,-8.186,-0.980357,-0.169853,0.100247,0.000000,0.508274,0.861195,-0.197229,0.844279,-0.498291),FOV=70.00,Time=0.9160},{Pos=Vector3.new(39.645,2.197,-1.512),Vel=Vector3.new(8.769,0.000,13.383),Move=Vector3.new(0.548,0,0.837),Jump=false,CFrame=CFrame.new(40.752,14.362,-7.963,-0.980357,-0.169853,0.100247,0.000000,0.508274,0.861195,-0.197229,0.844279,-0.498291),FOV=70.00,Time=0.9334},{Pos=Vector3.new(39.789,2.197,-1.287),Vel=Vector3.new(8.622,0.000,13.478),Move=Vector3.new(0.539,0,0.843),Jump=false,CFrame=CFrame.new(40.912,14.362,-7.738,-0.979925,-0.171695,0.101334,0.000000,0.508274,0.861195,-0.199368,0.843907,-0.498071),FOV=70.00,Time=0.9502},{Pos=Vector3.new(39.932,2.197,-1.062),Vel=Vector3.new(8.591,0.000,13.498),Move=Vector3.new(0.537,0,0.844),Jump=false,CFrame=CFrame.new(41.056,14.362,-7.513,-0.979925,-0.171695,0.101334,0.000000,0.508274,0.861195,-0.199368,0.843907,-0.498071),FOV=70.00,Time=0.9666},{Pos=Vector3.new(40.074,2.197,-0.836),Vel=Vector3.new(8.486,0.000,13.564),Move=Vector3.new(0.530,0,0.848),Jump=false,CFrame=CFrame.new(41.199,14.362,-7.288,-0.979925,-0.171695,0.101334,0.000000,0.508274,0.861195,-0.199368,0.843907,-0.498071),FOV=70.00,Time=0.9836},{Pos=Vector3.new(40.215,2.197,-0.610),Vel=Vector3.new(8.439,0.000,13.593),Move=Vector3.new(0.527,0,0.850),Jump=false,CFrame=CFrame.new(41.341,14.362,-7.062,-0.979925,-0.171695,0.101334,0.000000,0.508274,0.861195,-0.199368,0.843907,-0.498071),FOV=70.00,Time=0.9994},{Pos=Vector3.new(40.355,2.197,-0.383),Vel=Vector3.new(8.419,0.000,13.606),Move=Vector3.new(0.526,0,0.850),Jump=false,CFrame=CFrame.new(41.481,14.362,-6.836,-0.979925,-0.171695,0.101334,0.000000,0.508274,0.861195,-0.199368,0.843907,-0.498071),FOV=70.00,Time=1.0164},{Pos=Vector3.new(40.495,2.197,-0.156),Vel=Vector3.new(8.419,0.000,13.606),Move=Vector3.new(0.526,0,0.850),Jump=false,CFrame=CFrame.new(41.622,14.362,-6.609,-0.979925,-0.171695,0.101334,0.000000,0.508274,0.861195,-0.199368,0.843907,-0.498071),FOV=70.00,Time=1.0329},{Pos=Vector3.new(40.636,2.197,0.071),Vel=Vector3.new(8.419,0.000,13.606),Move=Vector3.new(0.526,0,0.850),Jump=false,CFrame=CFrame.new(41.762,14.362,-6.382,-0.979925,-0.171695,0.101334,0.000000,0.508274,0.861195,-0.199368,0.843907,-0.498071),FOV=70.00,Time=1.0492},{Pos=Vector3.new(40.776,2.197,0.297),Vel=Vector3.new(8.419,0.000,13.606),Move=Vector3.new(0.526,0,0.850),Jump=false,CFrame=CFrame.new(41.902,14.362,-6.155,-0.979925,-0.171695,0.101334,0.000000,0.508274,0.861195,-0.199368,0.843907,-0.498071),FOV=70.00,Time=1.0665},{Pos=Vector3.new(40.916,2.197,0.524),Vel=Vector3.new(8.419,0.000,13.606),Move=Vector3.new(0.526,0,0.850),Jump=false,CFrame=CFrame.new(42.042,14.362,-5.928,-0.979925,-0.171695,0.101334,0.000000,0.508274,0.861195,-0.199368,0.843907,-0.498071),FOV=70.00,Time=1.0832},{Pos=Vector3.new(41.056,2.197,0.751),Vel=Vector3.new(8.418,0.000,13.606),Move=Vector3.new(0.526,0,0.850),Jump=false,CFrame=CFrame.new(42.183,14.362,-5.702,-0.979925,-0.171695,0.101334,0.000000,0.508274,0.861195,-0.199368,0.843907,-0.498071),FOV=70.00,Time=1.0994},{Pos=Vector3.new(41.197,2.197,0.978),Vel=Vector3.new(8.418,0.000,13.606),Move=Vector3.new(0.526,0,0.850),Jump=false,CFrame=CFrame.new(42.323,14.362,-5.475,-0.979925,-0.171695,0.101334,0.000000,0.508274,0.861195,-0.199368,0.843907,-0.498071),FOV=70.00,Time=1.1159},{Pos=Vector3.new(41.337,2.197,1.205),Vel=Vector3.new(8.418,0.000,13.606),Move=Vector3.new(0.526,0,0.850),Jump=false,CFrame=CFrame.new(42.463,14.362,-5.248,-0.979925,-0.171695,0.101334,0.000000,0.508274,0.861195,-0.199368,0.843907,-0.498071),FOV=70.00,Time=1.1324},{Pos=Vector3.new(41.477,2.197,1.431),Vel=Vector3.new(8.418,0.000,13.606),Move=Vector3.new(0.526,0,0.850),Jump=false,CFrame=CFrame.new(42.675,14.362,-5.007,-0.977590,-0.181299,0.107002,0.000000,0.508274,0.861195,-0.210520,0.841895,-0.496884),FOV=70.00,Time=1.1491},{Pos=Vector3.new(41.616,2.197,1.659),Vel=Vector3.new(8.300,0.000,13.679),Move=Vector3.new(0.519,0,0.855),Jump=false,CFrame=CFrame.new(43.098,14.329,-4.770,-0.967511,-0.217063,0.129639,0.000000,0.512753,0.858536,-0.252830,0.830643,-0.496094),FOV=70.00,Time=1.1657},{Pos=Vector3.new(41.745,2.197,1.893),Vel=Vector3.new(7.708,0.000,14.020),Move=Vector3.new(0.481,0,0.877),Jump=false,CFrame=CFrame.new(43.658,14.258,-4.541,-0.949795,-0.266825,0.163382,0.000000,0.522201,0.852823,-0.312872,0.810007,-0.495984),FOV=70.00,Time=1.1826},{Pos=Vector3.new(41.859,2.197,2.133),Vel=Vector3.new(6.805,0.000,14.480),Move=Vector3.new(0.424,0,0.906),Jump=false,CFrame=CFrame.new(44.168,14.179,-4.305,-0.931361,-0.308210,0.193838,0.000000,0.532380,0.846505,-0.364097,0.788402,-0.495838),FOV=70.00,Time=1.1992},{Pos=Vector3.new(41.959,2.197,2.380),Vel=Vector3.new(5.974,0.000,14.842),Move=Vector3.new(0.372,0,0.928),Jump=false,CFrame=CFrame.new(44.676,14.096,-4.039,-0.909717,-0.348737,0.225382,0.000000,0.542790,0.839868,-0.415228,0.764043,-0.493786),FOV=70.00,Time=1.2162},{Pos=Vector3.new(42.045,2.197,2.633),Vel=Vector3.new(5.066,0.000,15.175),Move=Vector3.new(0.315,0,0.949),Jump=false,CFrame=CFrame.new(45.142,14.014,-3.753,-0.887600,-0.383842,0.254618,0.000000,0.552780,0.833327,-0.460614,0.739662,-0.490648),FOV=70.00,Time=1.2326},{Pos=Vector3.new(42.116,2.197,2.890),Vel=Vector3.new(4.236,0.000,15.427),Move=Vector3.new(0.263,0,0.965),Jump=false,CFrame=CFrame.new(45.535,13.943,-3.452,-0.867449,-0.411785,0.279222,0.000000,0.561221,0.827666,-0.497525,0.717958,-0.486831),FOV=70.00,Time=1.2493},{Pos=Vector3.new(42.174,2.197,3.150),Vel=Vector3.new(3.442,0.000,15.623),Move=Vector3.new(0.214,0,0.977),Jump=false,CFrame=CFrame.new(45.941,13.862,-3.131,-0.844078,-0.440342,0.305994,0.000000,0.570648,0.821195,-0.536221,0.693152,-0.481672),FOV=70.00,Time=1.2658},{Pos=Vector3.new(42.216,2.197,3.414),Vel=Vector3.new(2.495,0.000,15.801),Move=Vector3.new(0.154,0,0.988),Jump=false,CFrame=CFrame.new(46.341,13.788,-2.768,-0.817624,-0.469396,0.333404,0.000000,0.579075,0.815274,-0.575752,0.666588,-0.473466),FOV=70.00,Time=1.2827},{Pos=Vector3.new(42.243,2.197,3.679),Vel=Vector3.new(1.532,0.000,15.922),Move=Vector3.new(0.094,0,0.996),Jump=false,CFrame=CFrame.new(46.741,13.680,-2.427,-0.790528,-0.494001,0.361979,0.000000,0.591058,0.806629,-0.612426,0.637663,-0.467248),FOV=70.00,Time=1.2992},{Pos=Vector3.new(42.255,2.197,3.945),Vel=Vector3.new(0.702,0.000,15.980),Move=Vector3.new(0.042,0,0.999),Jump=false,CFrame=CFrame.new(47.094,13.577,-2.077,-0.764640,-0.514516,0.388070,0.000000,0.602166,0.798371,-0.644457,0.610466,-0.460441),FOV=70.00,Time=1.3159},{Pos=Vector3.new(42.255,2.197,4.212),Vel=Vector3.new(-0.001,0.000,15.996),Move=Vector3.new(-0.002,0,1.000),Jump=false,CFrame=CFrame.new(47.420,13.460,-1.738,-0.740086,-0.530621,0.413175,0.000000,0.614376,0.789013,-0.672512,0.583938,-0.454691),FOV=70.00,Time=1.3325},{Pos=Vector3.new(42.246,2.197,4.478),Vel=Vector3.new(-0.600,0.000,15.985),Move=Vector3.new(-0.039,0,0.999),Jump=false,CFrame=CFrame.new(47.722,13.341,-1.395,-0.715999,-0.544129,0.437344,0.000000,0.626476,0.779441,-0.698102,0.558079,-0.448556),FOV=70.00,Time=1.3500},{Pos=Vector3.new(42.236,3.063,4.745),Vel=Vector3.new(-0.600,50.701,15.985),Move=Vector3.new(-0.075,0,0.997),Jump=false,CFrame=CFrame.new(47.979,13.234,-1.045,-0.693800,-0.555205,0.458682,0.000000,0.636910,0.770938,-0.720168,0.534877,-0.441888),FOV=70.00,Time=1.3675},{Pos=Vector3.new(42.214,3.874,5.011),Vel=Vector3.new(-1.401,47.431,15.938),Move=Vector3.new(-0.089,0,0.996),Jump=false,CFrame=CFrame.new(48.234,13.981,-0.702,-0.672241,-0.563730,0.479897,0.000000,0.648218,0.761455,-0.740333,0.511881,-0.435759),FOV=70.00,Time=1.3829},{Pos=Vector3.new(42.192,4.630,5.276),Vel=Vector3.new(-1.268,44.161,15.950),Move=Vector3.new(-0.079,0,0.997),Jump=false,CFrame=CFrame.new(48.415,14.693,-0.382,-0.656181,-0.568617,0.496086,0.000000,0.657413,0.753531,-0.754603,0.494453,-0.431382),FOV=70.00,Time=1.3996},{Pos=Vector3.new(42.178,5.332,5.543),Vel=Vector3.new(-0.770,40.891,15.981),Move=Vector3.new(-0.047,0,0.999),Jump=false,CFrame=CFrame.new(48.527,15.377,-0.086,-0.646144,-0.570705,0.506749,0.000000,0.663965,0.747763,-0.763216,0.483163,-0.429017),FOV=70.00,Time=1.4167},{Pos=Vector3.new(42.177,5.980,5.809),Vel=Vector3.new(0.054,37.621,15.999),Move=Vector3.new(0.004,0,1.000),Jump=false,CFrame=CFrame.new(48.632,16.007,0.198,-0.637793,-0.571499,0.516341,0.000000,0.670392,0.742007,-0.770208,0.473247,-0.427572),FOV=70.00,Time=1.4334},{Pos=Vector3.new(42.193,6.573,6.075),Vel=Vector3.new(1.120,34.351,15.960),Move=Vector3.new(0.072,0,0.997),Jump=false,CFrame=CFrame.new(48.767,16.586,0.512,-0.626535,-0.574038,0.527195,0.000000,0.676417,0.736519,-0.779393,0.461455,-0.423799),FOV=70.00,Time=1.4501},{Pos=Vector3.new(42.226,7.111,6.340),Vel=Vector3.new(2.127,31.081,15.857),Move=Vector3.new(0.134,0,0.991),Jump=false,CFrame=CFrame.new(48.946,17.105,0.855,-0.611611,-0.578028,0.540200,0.000000,0.682796,0.730609,-0.791159,0.446848,-0.417606),FOV=70.00,Time=1.4679},{Pos=Vector3.new(42.272,7.595,6.603),Vel=Vector3.new(2.875,27.811,15.739),Move=Vector3.new(0.181,0,0.984),Jump=false,CFrame=CFrame.new(49.146,17.566,1.204,-0.595994,-0.581657,0.553594,0.000000,0.689417,0.724365,-0.802989,0.431717,-0.410888),FOV=70.00,Time=1.4845},{Pos=Vector3.new(42.333,8.025,6.862),Vel=Vector3.new(3.756,24.541,15.552),Move=Vector3.new(0.236,0,0.972),Jump=false,CFrame=CFrame.new(49.367,17.975,1.574,-0.578314,-0.586060,0.567527,0.000000,0.695657,0.718374,-0.815814,0.415446,-0.402308),FOV=70.00,Time=1.5006},{Pos=Vector3.new(42.397,8.400,7.121),Vel=Vector3.new(3.820,21.271,15.537),Move=Vector3.new(0.239,0,0.971),Jump=false,CFrame=CFrame.new(49.856,18.243,2.182,-0.528220,-0.599017,0.601799,0.000000,0.708744,0.705466,-0.849108,0.372641,-0.374372),FOV=70.00,Time=1.5171},{Pos=Vector3.new(42.454,8.720,7.382),Vel=Vector3.new(3.369,18.001,15.641),Move=Vector3.new(0.210,0,0.978),Jump=false,CFrame=CFrame.new(50.285,18.504,2.848,-0.476335,-0.612313,0.631014,0.000000,0.717661,0.696392,-0.879264,0.331716,-0.341847),FOV=70.00,Time=1.5346},{Pos=Vector3.new(42.505,8.986,7.618),Vel=Vector3.new(2.867,14.731,13.311),Move=Vector3.new(0.000,0,0.000),Jump=false,CFrame=CFrame.new(50.729,18.669,3.548,-0.420331,-0.620570,0.661978,0.000000,0.729556,0.683921,-0.907371,0.287473,-0.306655),FOV=70.00,Time=1.5502},{Pos=Vector3.new(42.548,9.197,7.816),Vel=Vector3.new(2.365,11.461,10.981),Move=Vector3.new(0.000,0,0.000),Jump=false,CFrame=CFrame.new(51.096,18.793,4.189,-0.370700,-0.624653,0.687306,0.000000,0.740032,0.672572,-0.928753,0.249323,-0.274330),FOV=70.00,Time=1.5670},{Pos=Vector3.new(42.582,9.354,7.974),Vel=Vector3.new(1.863,8.191,8.651),Move=Vector3.new(0.000,0,0.000),Jump=false,CFrame=CFrame.new(51.386,18.906,4.801,-0.322835,-0.629102,0.707113,0.000000,0.747117,0.664693,-0.946455,0.214586,-0.241196),FOV=70.00,Time=1.5837},{Pos=Vector3.new(42.608,9.457,8.094),Vel=Vector3.new(1.362,4.921,6.322),Move=Vector3.new(0.000,0,0.000),Jump=false,CFrame=CFrame.new(51.585,18.984,5.243,-0.290285,-0.630041,0.720266,0.000000,0.752676,0.658391,-0.956940,0.191121,-0.218490),FOV=70.00,Time=1.6000},{Pos=Vector3.new(42.625,9.505,8.175),Vel=Vector3.new(0.860,1.651,3.992),Move=Vector3.new(0.000,0,0.000),Jump=false,CFrame=CFrame.new(51.781,18.976,5.608,-0.261625,-0.626871,0.733883,0.000000,0.760367,0.649494,-0.965170,0.169924,-0.198931),FOV=70.00,Time=1.6172},{Pos=Vector3.new(42.634,9.498,8.218),Vel=Vector3.new(0.358,-1.619,1.662),Move=Vector3.new(0.000,0,0.000),Jump=false,CFrame=CFrame.new(51.929,18.936,5.900,-0.237595,-0.624114,0.744332,0.000000,0.766275,0.642513,-0.971364,0.152658,-0.182063),FOV=70.00,Time=1.6334},{Pos=Vector3.new(42.636,9.437,8.225),Vel=Vector3.new(0.015,-4.889,0.070),Move=Vector3.new(0.000,0,0.000),Jump=false,CFrame=CFrame.new(52.082,18.829,6.194,-0.209437,-0.620369,0.755830,0.000000,0.772973,0.634439,-0.977822,0.132875,-0.161889),FOV=70.00,Time=1.6501},{Pos=Vector3.new(42.636,9.322,8.225),Vel=Vector3.new(0.000,-8.159,0.001),Move=Vector3.new(0.000,0,0.000),Jump=false,CFrame=CFrame.new(52.242,18.643,6.478,-0.178933,-0.614362,0.768468,0.000000,0.781073,0.624440,-0.983861,0.111733,-0.139760),FOV=70.00,Time=1.6671},{Pos=Vector3.new(42.636,9.152,8.225),Vel=Vector3.new(0.000,-11.429,0.000),Move=Vector3.new(0.000,0,0.000),Jump=false,CFrame=CFrame.new(52.438,18.353,6.837,-0.140220,-0.604454,0.784202,0.000000,0.792027,0.610486,-0.990120,0.085602,-0.111058),FOV=70.00,Time=1.6834},{Pos=Vector3.new(42.636,8.927,8.225),Vel=Vector3.new(0.000,-14.699,0.000),Move=Vector3.new(0.000,0,0.000),Jump=false,CFrame=CFrame.new(52.634,17.981,7.181,-0.103893,-0.591099,0.799880,0.000000,0.804232,0.594315,-0.994588,0.061745,-0.083554),FOV=70.00,Time=1.7000},{Pos=Vector3.new(42.636,8.648,8.225),Vel=Vector3.new(0.000,-17.969,0.000),Move=Vector3.new(0.000,0,0.000),Jump=false,CFrame=CFrame.new(52.780,17.588,7.431,-0.078026,-0.579069,0.811537,0.000000,0.814018,0.580839,-0.996951,0.045321,-0.063515),FOV=70.00,Time=1.7166},{Pos=Vector3.new(42.636,8.314,8.225),Vel=Vector3.new(0.000,-21.239,0.000),Move=Vector3.new(0.000,0,0.000),Jump=false,CFrame=CFrame.new(52.889,17.174,7.650,-0.056012,-0.569213,0.820280,0.000000,0.821570,0.570108,-0.998430,0.031933,-0.046018),FOV=70.00,Time=1.7331},{Pos=Vector3.new(42.636,7.926,8.225),Vel=Vector3.new(0.000,-24.509,0.000),Move=Vector3.new(0.000,0,0.000),Jump=false,CFrame=CFrame.new(52.942,16.771,7.753,-0.045799,-0.563958,0.824533,0.000000,0.825399,0.564550,-0.998951,0.025856,-0.037802),FOV=70.00,Time=1.7500},{Pos=Vector3.new(42.636,7.484,8.225),Vel=Vector3.new(-0.000,-27.779,0.000),Move=Vector3.new(0.000,0,0.000),Jump=false,CFrame=CFrame.new(53.020,16.279,7.931,-0.028375,-0.555987,0.830706,0.000000,0.831041,0.556211,-0.999597,0.015782,-0.023581),FOV=70.00,Time=1.7667},{Pos=Vector3.new(42.636,6.987,8.225),Vel=Vector3.new(-0.000,-31.049,0.000),Move=Vector3.new(0.000,0,0.000),Jump=false,CFrame=CFrame.new(53.072,15.762,8.051,-0.016737,-0.550141,0.834904,0.000000,0.835021,0.550219,-0.999860,0.009209,-0.013976),FOV=70.00,Time=1.7836},{Pos=Vector3.new(42.614,6.435,8.239),Vel=Vector3.new(-2.010,-34.319,1.281),Move=Vector3.new(-0.843,0,0.538),Jump=false,CFrame=CFrame.new(53.135,15.170,8.209,-0.001568,-0.542629,0.839971,0.000000,0.839972,0.542630,-0.999999,0.000851,-0.001317),FOV=70.00,Time=1.8001},{Pos=Vector3.new(42.559,5.829,8.273),Vel=Vector3.new(-4.051,-37.589,2.511),Move=Vector3.new(-0.854,0,0.520),Jump=false,CFrame=CFrame.new(53.131,14.592,8.262,0.002182,-0.540548,0.841310,0.000000,0.841312,0.540549,-0.999998,-0.001179,0.001835),FOV=70.00,Time=1.8167},{Pos=Vector3.new(42.469,5.169,8.326),Vel=Vector3.new(-6.152,-40.859,3.637),Move=Vector3.new(-0.872,0,0.489),Jump=false,CFrame=CFrame.new(53.075,13.986,8.296,0.002182,-0.540548,0.841310,0.000000,0.841312,0.540549,-0.999998,-0.001179,0.001835),FOV=70.00,Time=1.8330},{Pos=Vector3.new(42.343,4.454,8.396),Vel=Vector3.new(-8.360,-44.129,4.535),Move=Vector3.new(-0.900,0,0.437),Jump=false,CFrame=CFrame.new(52.985,13.326,8.349,0.002182,-0.540548,0.841310,0.000000,0.841312,0.540549,-0.999998,-0.001179,0.001835),FOV=70.00,Time=1.8499},{Pos=Vector3.new(42.150,3.684,8.483),Vel=Vector3.new(-13.450,-47.399,5.639),Move=Vector3.new(-0.929,0,0.370),Jump=false,CFrame=CFrame.new(52.859,12.611,8.419,0.002182,-0.540548,0.841310,0.000000,0.841312,0.540549,-0.999998,-0.001179,0.001835),FOV=70.00,Time=1.8688},{Pos=Vector3.new(41.899,3.507,8.561),Vel=Vector3.new(-15.289,-0.084,4.519),Move=Vector3.new(-0.960,0,0.280),Jump=false,CFrame=CFrame.new(52.666,11.841,8.506,0.002182,-0.540548,0.841310,0.000000,0.841312,0.540549,-0.999998,-0.001179,0.001835),FOV=70.00,Time=1.8832},{Pos=Vector3.new(41.637,3.567,8.611),Vel=Vector3.new(-15.712,4.229,2.872),Move=Vector3.new(-0.984,0,0.176),Jump=false,CFrame=CFrame.new(52.415,11.664,8.584,0.002182,-0.540548,0.841310,0.000000,0.841312,0.540549,-0.999998,-0.001179,0.001835),FOV=70.00,Time=1.9030},{Pos=Vector3.new(41.372,3.623,8.637),Vel=Vector3.new(-15.907,3.016,1.470),Move=Vector3.new(-0.996,0,0.089),Jump=false,CFrame=CFrame.new(52.154,11.724,8.634,0.002182,-0.540548,0.841310,0.000000,0.841312,0.540549,-0.999998,-0.001179,0.001835),FOV=70.00,Time=1.9166},{Pos=Vector3.new(41.105,3.657,8.642),Vel=Vector3.new(-15.975,1.736,0.226),Move=Vector3.new(-1.000,0,0.011),Jump=false,CFrame=CFrame.new(51.888,11.780,8.660,0.002182,-0.540548,0.841310,0.000000,0.841312,0.540549,-0.999998,-0.001179,0.001835),FOV=70.00,Time=1.9328},{Pos=Vector3.new(40.839,3.676,8.624),Vel=Vector3.new(-15.941,0.950,-1.086),Move=Vector3.new(-0.997,0,-0.071),Jump=false,CFrame=CFrame.new(51.622,11.814,8.665,0.002182,-0.540548,0.841310,0.000000,0.841312,0.540549,-0.999998,-0.001179,0.001835),FOV=70.00,Time=1.9500},{Pos=Vector3.new(40.575,3.686,8.588),Vel=Vector3.new(-15.820,0.512,-2.247),Move=Vector3.new(-0.990,0,-0.144),Jump=false,CFrame=CFrame.new(51.356,11.833,8.647,0.002182,-0.540548,0.841310,0.000000,0.841312,0.540549,-0.999998,-0.001179,0.001835),FOV=70.00,Time=1.9665},{Pos=Vector3.new(40.314,3.691,8.535),Vel=Vector3.new(-15.660,0.275,-3.189),Move=Vector3.new(-0.979,0,-0.202),Jump=false,CFrame=CFrame.new(51.092,11.843,8.611,0.002182,-0.540548,0.841310,0.000000,0.841312,0.540549,-0.999998,-0.001179,0.001835),FOV=70.00,Time=1.9833},{Pos=Vector3.new(40.055,3.694,8.470),Vel=Vector3.new(-15.497,0.147,-3.914),Move=Vector3.new(-0.969,0,-0.247),Jump=false,CFrame=CFrame.new(50.830,11.848,8.558,0.002182,-0.540548,0.841310,0.000000,0.841312,0.540549,-0.999998,-0.001179,0.001835),FOV=70.00,Time=1.9999},{Pos=Vector3.new(39.799,3.696,8.395),Vel=Vector3.new(-15.333,0.079,-4.522),Move=Vector3.new(-0.959,0,-0.285),Jump=false,CFrame=CFrame.new(50.572,11.851,8.493,0.002182,-0.540548,0.841310,0.000000,0.841312,0.540549,-0.999998,-0.001179,0.001835),FOV=70.00,Time=2.0166},{Pos=Vector3.new(39.546,3.697,8.314),Vel=Vector3.new(-15.225,0.042,-4.881),Move=Vector3.new(-0.952,0,-0.307),Jump=false,CFrame=CFrame.new(50.316,11.853,8.418,0.002182,-0.540548,0.841310,0.000000,0.841312,0.540549,-0.999998,-0.001179,0.001835),FOV=70.00,Time=2.0332},{Pos=Vector3.new(39.293,3.697,8.229),Vel=Vector3.new(-15.166,0.023,-5.070),Move=Vector3.new(-0.948,0,-0.318),Jump=false,CFrame=CFrame.new(50.062,11.853,8.337,0.002182,-0.540548,0.841310,0.000000,0.841312,0.540549,-0.999998,-0.001179,0.001835),FOV=70.00,Time=2.0499},{Pos=Vector3.new(39.040,3.697,8.143),Vel=Vector3.new(-15.137,0.012,-5.162),Move=Vector3.new(-0.946,0,-0.324),Jump=false,CFrame=CFrame.new(49.809,11.854,8.252,0.002182,-0.540548,0.841310,0.000000,0.841312,0.540549,-0.999998,-0.001179,0.001835),FOV=70.00,Time=2.0663},{Pos=Vector3.new(38.788,3.697,8.057),Vel=Vector3.new(-15.140,0.007,-5.159),Move=Vector3.new(-0.946,0,-0.323),Jump=false,CFrame=CFrame.new(49.557,11.854,8.166,0.002182,-0.540548,0.841310,0.000000,0.841312,0.540549,-0.999998,-0.001179,0.001835),FOV=70.00,Time=2.0835},{Pos=Vector3.new(38.536,3.697,7.971),Vel=Vector3.new(-15.155,0.003,-5.118),Move=Vector3.new(-0.947,0,-0.321),Jump=false,CFrame=CFrame.new(49.304,11.854,8.079,0.002182,-0.540548,0.841310,0.000000,0.841312,0.540549,-0.999998,-0.001179,0.001835),FOV=70.00,Time=2.0997},{Pos=Vector3.new(38.282,3.697,7.887),Vel=Vector3.new(-15.184,0.002,-5.037),Move=Vector3.new(-0.949,0,-0.315),Jump=false,CFrame=CFrame.new(49.052,11.854,7.994,0.002182,-0.540548,0.841310,0.000000,0.841312,0.540549,-0.999998,-0.001179,0.001835),FOV=70.00,Time=2.1161},{Pos=Vector3.new(38.029,3.663,7.803),Vel=Vector3.new(-15.185,-3.268,-5.036),Move=Vector3.new(-0.950,0,-0.311),Jump=false,CFrame=CFrame.new(48.799,11.854,7.910,0.002182,-0.540548,0.841310,0.000000,0.841312,0.540549,-0.999998,-0.001179,0.001835),FOV=70.00,Time=2.1324},{Pos=Vector3.new(37.776,3.575,7.719),Vel=Vector3.new(-15.185,-6.538,-5.036),Move=Vector3.new(-0.952,0,-0.308),Jump=false,CFrame=CFrame.new(48.546,11.820,7.826,0.002182,-0.540548,0.841310,0.000000,0.841312,0.540549,-0.999998,-0.001179,0.001835),FOV=70.00,Time=2.1492},{Pos=Vector3.new(37.523,3.432,7.634),Vel=Vector3.new(-15.185,-9.808,-5.036),Move=Vector3.new(-0.952,0,-0.305),Jump=false,CFrame=CFrame.new(48.293,11.732,7.741,0.002182,-0.540548,0.841310,0.000000,0.841312,0.540549,-0.999998,-0.001179,0.001835),FOV=70.00,Time=2.1657},{Pos=Vector3.new(37.270,3.234,7.550),Vel=Vector3.new(-15.186,-13.078,-5.036),Move=Vector3.new(-0.953,0,-0.304),Jump=false,CFrame=CFrame.new(48.040,11.589,7.657,0.002182,-0.540548,0.841310,0.000000,0.841312,0.540549,-0.999998,-0.001179,0.001835),FOV=70.00,Time=2.1827},{Pos=Vector3.new(37.017,2.982,7.466),Vel=Vector3.new(-15.186,-16.348,-5.036),Move=Vector3.new(-0.953,0,-0.301),Jump=false,CFrame=CFrame.new(47.787,11.391,7.573,0.002182,-0.540548,0.841310,0.000000,0.841312,0.540549,-0.999998,-0.001179,0.001835),FOV=70.00,Time=2.2000},{Pos=Vector3.new(36.763,2.676,7.387),Vel=Vector3.new(-15.290,-19.618,-4.714),Move=Vector3.new(-0.956,0,-0.294),Jump=false,CFrame=CFrame.new(47.534,11.139,7.489,0.002182,-0.540548,0.841310,0.000000,0.841312,0.540549,-0.999998,-0.001179,0.001835),FOV=70.00,Time=2.2166},{Pos=Vector3.new(36.507,2.315,7.311),Vel=Vector3.new(-15.342,-22.888,-4.542),Move=Vector3.new(-0.959,0,-0.284),Jump=false,CFrame=CFrame.new(47.279,10.833,7.410,0.002182,-0.540548,0.841310,0.000000,0.841312,0.540549,-0.999998,-0.001179,0.001835),FOV=70.00,Time=2.2332},{Pos=Vector3.new(36.250,2.127,7.241),Vel=Vector3.new(-15.447,-2.672,-4.171),Move=Vector3.new(-0.966,0,-0.260),Jump=false,CFrame=CFrame.new(47.023,10.472,7.334,0.002182,-0.540548,0.841310,0.000000,0.841312,0.540549,-0.999998,-0.001179,0.001835),FOV=70.00,Time=2.2498},{Pos=Vector3.new(35.991,2.138,7.176),Vel=Vector3.new(-15.543,1.473,-3.794),Move=Vector3.new(-0.972,0,-0.237),Jump=false,CFrame=CFrame.new(46.766,10.284,7.263,0.002182,-0.540548,0.841310,0.000000,0.841312,0.540549,-0.999998,-0.001179,0.001835),FOV=70.00,Time=2.2661},{Pos=Vector3.new(35.730,2.162,7.121),Vel=Vector3.new(-15.663,1.265,-3.267),Move=Vector3.new(-0.979,0,-0.203),Jump=false,CFrame=CFrame.new(46.507,10.295,7.199,0.002182,-0.540548,0.841310,0.000000,0.841312,0.540549,-0.999998,-0.001179,0.001835),FOV=70.00,Time=2.2830},{Pos=Vector3.new(35.468,2.178,7.075),Vel=Vector3.new(-15.774,0.762,-2.674),Move=Vector3.new(-0.986,0,-0.166),Jump=false,CFrame=CFrame.new(46.247,10.319,7.144,0.002182,-0.540548,0.841310,0.000000,0.841312,0.540549,-0.999998,-0.001179,0.001835),FOV=70.00,Time=2.2999},{Pos=Vector3.new(35.203,2.187,7.038),Vel=Vector3.new(-15.851,0.426,-2.175),Move=Vector3.new(-0.991,0,-0.135),Jump=false,CFrame=CFrame.new(45.984,10.334,7.098,0.002182,-0.540548,0.841310,0.000000,0.841312,0.540549,-0.999998,-0.001179,0.001835),FOV=70.00,Time=2.3164},{Pos=Vector3.new(34.939,2.192,7.007),Vel=Vector3.new(-15.898,0.234,-1.801),Move=Vector3.new(-0.994,0,-0.112),Jump=false,CFrame=CFrame.new(45.720,10.343,7.061,0.002182,-0.540548,0.841310,0.000000,0.841312,0.540549,-0.999998,-0.001179,0.001835),FOV=70.00,Time=2.3328},{Pos=Vector3.new(34.673,2.194,6.980),Vel=Vector3.new(-15.918,0.128,-1.615),Move=Vector3.new(-0.995,0,-0.100),Jump=false,CFrame=CFrame.new(45.455,10.348,7.030,0.002182,-0.540548,0.841310,0.000000,0.841312,0.540549,-0.999998,-0.001179,0.001835),FOV=70.00,Time=2.3490},{Pos=Vector3.new(34.408,2.196,6.953),Vel=Vector3.new(-15.920,0.070,-1.590),Move=Vector3.new(-0.995,0,-0.099),Jump=false,CFrame=CFrame.new(45.190,10.351,7.003,0.002182,-0.540548,0.841310,0.000000,0.841312,0.540549,-0.999998,-0.001179,0.001835),FOV=70.00,Time=2.3656},{Pos=Vector3.new(34.143,2.197,6.927),Vel=Vector3.new(-15.921,0.041,-1.585),Move=Vector3.new(-0.995,0,-0.099),Jump=false,CFrame=CFrame.new(44.924,10.353,6.976,0.002182,-0.540548,0.841310,0.000000,0.841312,0.540549,-0.999998,-0.001179,0.001835),FOV=70.00,Time=2.3835},{Pos=Vector3.new(33.877,2.197,6.901),Vel=Vector3.new(-15.921,0.023,-1.584),Move=Vector3.new(-0.995,0,-0.099),Jump=false,CFrame=CFrame.new(44.659,10.353,6.950,0.002182,-0.540548,0.841310,0.000000,0.841312,0.540549,-0.999998,-0.001179,0.001835),FOV=70.00,Time=2.4000},{Pos=Vector3.new(33.612,2.197,6.874),Vel=Vector3.new(-15.921,0.012,-1.584),Move=Vector3.new(-0.995,0,-0.099),Jump=false,CFrame=CFrame.new(44.394,10.354,6.924,0.002182,-0.540548,0.841310,0.000000,0.841312,0.540549,-0.999998,-0.001179,0.001835),FOV=70.00,Time=2.4164},{Pos=Vector3.new(33.347,2.197,6.848),Vel=Vector3.new(-15.921,0.007,-1.583),Move=Vector3.new(-0.995,0,-0.099),Jump=false,CFrame=CFrame.new(44.128,10.354,6.897,0.002182,-0.540548,0.841310,0.000000,0.841312,0.540549,-0.999998,-0.001179,0.001835),FOV=70.00,Time=2.4331},{Pos=Vector3.new(33.081,2.197,6.822),Vel=Vector3.new(-15.921,0.004,-1.583),Move=Vector3.new(-0.995,0,-0.099),Jump=false,CFrame=CFrame.new(43.863,10.354,6.871,0.002182,-0.540548,0.841310,0.000000,0.841312,0.540549,-0.999998,-0.001179,0.001835),FOV=70.00,Time=2.4497},{Pos=Vector3.new(32.816,2.197,6.795),Vel=Vector3.new(-15.921,0.002,-1.583),Move=Vector3.new(-0.995,0,-0.099),Jump=false,CFrame=CFrame.new(43.598,10.354,6.845,0.002182,-0.540548,0.841310,0.000000,0.841312,0.540549,-0.999998,-0.001179,0.001835),FOV=70.00,Time=2.4665},{Pos=Vector3.new(32.550,2.197,6.769),Vel=Vector3.new(-15.921,0.001,-1.582),Move=