-- V23 Smooth Cam - Combined & Fixed
local RunService = game:GetService("RunService")
local Players = game:GetService("Players")
local lp = Players.LocalPlayer
local cam = workspace.CurrentCamera
local char = lp.Character or lp.CharacterAdded:Wait()
local hrp = char:WaitForChild("HumanoidRootPart")
local hum = char:WaitForChild("Humanoid")

hum.AutoRotate = false
cam.CameraType = Enum.CameraType.Scriptable

local frames = {
{Pos=Vector3.new(50.560,244.998,-310.341),Vel=Vector3.new(0.000,0.001,0.000),Move=Vector3.new(0.000,0,0.000),Jump=false,CFrame=CFrame.new(50.666,252.812,-299.553,0.999952,-0.004942,0.008445,0.000000,0.863050,0.505119,-0.009785,-0.505095,0.863009),FOV=70.00,Time=0.0000},
{Pos=Vector3.new(50.560,244.998,-310.341),Vel=Vector3.new(-0.000,0.001,-0.000),Move=Vector3.new(0.000,0,0.000),Jump=false,CFrame=CFrame.new(50.666,252.812,-299.553,0.999952,-0.004942,0.008445,0.000000,0.863050,0.505119,-0.009785,-0.505095,0.863009),FOV=70.00,Time=0.0290},
{Pos=Vector3.new(50.560,244.998,-310.341),Vel=Vector3.new(-0.000,0.001,-0.000),Move=Vector3.new(0.000,0,0.000),Jump=false,CFrame=CFrame.new(50.666,252.812,-299.553,0.999952,-0.004942,0.008445,0.000000,0.863050,0.505119,-0.009785,-0.505095,0.863009),FOV=70.00,Time=0.0538},
{Pos=Vector3.new(50.560,244.998,-310.341),Vel=Vector3.new(-0.000,0.001,-0.000),Move=Vector3.new(0.000,0,0.000),Jump=false,CFrame=CFrame.new(50.666,252.812,-299.553,0.999952,-0.004942,0.008445,0.000000,0.863050,0.505119,-0.009785,-0.505095,0.863009),FOV=70.00,Time=0.0805},
{Pos=Vector3.new(50.560,244.998,-310.341),Vel=Vector3.new(-0.000,0.001,-0.000),Move=Vector3.new(0.000,0,0.000),Jump=false,CFrame=CFrame.new(50.666,252.812,-299.553,0.999952,-0.004942,0.008445,0.000000,0.863050,0.505119,-0.009785,-0.505095,0.863009),FOV=70.00,Time=0.1038},
{Pos=Vector3.new(50.560,244.998,-310.341),Vel=Vector3.new(-0.000,0.001,-0.000),Move=Vector3.new(0.000,0,0.000),Jump=false,CFrame=CFrame.new(50.666,252.812,-299.553,0.999952,-0.004942,0.008445,0.000000,0.863050,0.505119,-0.009785,-0.505095,0.863009),FOV=70.00,Time=0.1316},
{Pos=Vector3.new(50.560,244.998,-310.341),Vel=Vector3.new(0.000,0.001,0.000),Move=Vector3.new(0.000,0,0.000),Jump=false,CFrame=CFrame.new(50.666,252.812,-299.553,0.999952,-0.004942,0.008445,0.000000,0.863050,0.505119,-0.009785,-0.505095,0.863009),FOV=70.00,Time=0.1544},
{Pos=Vector3.new(50.560,244.998,-310.341),Vel=Vector3.new(0.000,0.001,0.000),Move=Vector3.new(0.000,0,0.000),Jump=false,CFrame=CFrame.new(50.666,252.812,-299.553,0.999952,-0.004942,0.008445,0.000000,0.863050,0.505119,-0.009785,-0.505095,0.863009),FOV=70.00,Time=0.1800},
{Pos=Vector3.new(50.560,244.998,-310.341),Vel=Vector3.new(0.000,0.001,0.000),Move=Vector3.new(0.000,0,0.000),Jump=false,CFrame=CFrame.new(50.666,252.812,-299.553,0.999952,-0.004942,0.008445,0.000000,0.863050,0.505119,-0.009785,-0.505095,0.863009),FOV=70.00,Time=0.2052},
{Pos=Vector3.new(50.560,244.998,-310.341),Vel=Vector3.new(0.000,0.001,0.000),Move=Vector3.new(0.000,0,0.000),Jump=false,CFrame=CFrame.new(50.666,252.812,-299.553,0.999952,-0.004942,0.008445,0.000000,0.863050,0.505119,-0.009785,-0.505095,0.863009),FOV=70.00,Time=0.2300},
{Pos=Vector3.new(50.560,244.998,-310.341),Vel=Vector3.new(-0.000,0.001,-0.000),Move=Vector3.new(0.000,0,0.000),Jump=false,CFrame=CFrame.new(50.666,252.812,-299.553,0.999952,-0.004942,0.008445,0.000000,0.863050,0.505119,-0.009785,-0.505095,0.863009),FOV=70.00,Time=0.2528},
{Pos=Vector3.new(50.560,244.998,-310.341),Vel=Vector3.new(-0.000,0.001,-0.000),Move=Vector3.new(0.000,0,0.000),Jump=false,CFrame=CFrame.new(50.666,252.812,-299.553,0.999952,-0.004942,0.008445,0.000000,0.863050,0.505119,-0.009785,-0.505095,0.863009),FOV=70.00,Time=0.2791},
{Pos=Vector3.new(50.560,244.998,-310.341),Vel=Vector3.new(-0.000,0.001,-0.000),Move=Vector3.new(0.000,0,0.000),Jump=false,CFrame=CFrame.new(50.666,252.812,-299.553,0.999952,-0.004942,0.008445,0.000000,0.863050,0.505119,-0.009785,-0.505095,0.863009),FOV=70.00,Time=0.3035},
{Pos=Vector3.new(50.560,244.998,-310.341),Vel=Vector3.new(-0.000,0.001,-0.000),Move=Vector3.new(0.000,0,0.000),Jump=false,CFrame=CFrame.new(50.666,252.812,-299.553,0.999952,-0.004942,0.008445,0.000000,0.863050,0.505119,-0.009785,-0.505095,0.863009),FOV=70.00,Time=0.3306},
{Pos=Vector3.new(50.560,244.998,-310.341),Vel=Vector3.new(0.000,0.001,0.000),Move=Vector3.new(0.000,0,0.000),Jump=false,CFrame=CFrame.new(50.666,252.812,-299.553,0.999952,-0.004942,0.008445,0.000000,0.863050,0.505119,-0.009785,-0.505095,0.863009),FOV=70.00,Time=0.3547},
{Pos=Vector3.new(50.560,244.998,-310.341),Vel=Vector3.new(0.000,0.001,0.000),Move=Vector3.new(0.000,0,0.000),Jump=false,CFrame=CFrame.new(50.666,252.812,-299.553,0.999952,-0.004942,0.008445,0.000000,0.863050,0.505119,-0.009785,-0.505095,0.863009),FOV=70.00,Time=0.3794},
{Pos=Vector3.new(50.560,244.998,-310.341),Vel=Vector3.new(0.000,0.001,0.000),Move=Vector3.new(0.000,0,0.000),Jump=false,CFrame=CFrame.new(54.721,252.792,-300.375,0.922796,-0.193999,0.332885,0.000000,0.863986,0.503516,-0.385289,-0.464642,0.797283),FOV=70.00,Time=0.4082},
{Pos=Vector3.new(50.560,244.998,-310.341),Vel=Vector3.new(0.000,0.001,0.000),Move=Vector3.new(0.000,0,0.000),Jump=false,CFrame=CFrame.new(57.354,252.699,-301.877,0.779846,-0.310536,0.543514,0.000000,0.868273,0.496087,-0.625971,-0.386871,0.677119),FOV=70.00,Time=0.4332},
{Pos=Vector3.new(50.560,244.998,-310.341),Vel=Vector3.new(-0.000,0.001,-0.000),Move=Vector3.new(0.000,0,0.000),Jump=false,CFrame=CFrame.new(60.927,252.198,-306.306,0.362738,-0.424954,0.829358,0.000000,0.889973,0.456013,-0.931891,-0.165413,0.322827),FOV=70.00,Time=0.4656},
{Pos=Vector3.new(50.560,244.998,-310.341),Vel=Vector3.new(-0.000,0.001,-0.000),Move=Vector3.new(0.000,0,0.000),Jump=false,CFrame=CFrame.new(61.708,251.955,-308.861,0.131640,-0.432755,0.891849,0.000000,0.899678,0.436554,-0.991298,-0.057468,0.118433),FOV=70.00,Time=0.5293},
{Pos=Vector3.new(50.560,244.998,-310.341),Vel=Vector3.new(-0.000,0.001,-0.000),Move=Vector3.new(0.000,0,0.000),Jump=false,CFrame=CFrame.new(57.532,250.652,-319.848,-0.806425,-0.196497,0.557734,0.000000,0.943176,0.332293,-0.591336,0.267969,-0.760601),FOV=70.00,Time=0.5645},
{Pos=Vector3.new(50.560,244.998,-310.341),Vel=Vector3.new(0.000,0.001,0.000),Move=Vector3.new(0.000,0,0.000),Jump=false,CFrame=CFrame.new(57.532,250.652,-319.848,-0.806425,-0.196497,0.557734,0.000000,0.943176,0.332293,-0.591336,0.267969,-0.760601),FOV=70.00,Time=0.5838},
{Pos=Vector3.new(50.560,244.998,-310.341),Vel=Vector3.new(0.000,0.001,0.000),Move=Vector3.new(0.000,0,0.000),Jump=false,CFrame=CFrame.new(48.002,250.387,-321.942,-0.976538,0.067006,-0.204653,0.000000,0.950357,0.311161,0.215343,0.303861,-0.928060),FOV=70.00,Time=0.6114},
{Pos=Vector3.new(50.560,244.998,-310.341),Vel=Vector3.new(0.000,0.001,0.000),Move=Vector3.new(0.000,0,0.000),Jump=false,CFrame=CFrame.new(48.002,250.387,-321.942,-0.976538,0.067006,-0.204653,0.000000,0.950357,0.311161,0.215343,0.303861,-0.928060),FOV=70.00,Time=0.6386},
{Pos=Vector3.new(50.560,244.998,-310.341),Vel=Vector3.new(-0.000,0.001,-0.000),Move=Vector3.new(0.000,0,0.000),Jump=false,CFrame=CFrame.new(48.002,250.387,-321.942,-0.976538,0.067006,-0.204653,0.000000,0.950357,0.311161,0.215343,0.303861,-0.928060),FOV=70.00,Time=0.6721},
{Pos=Vector3.new(51.051,244.998,-309.644),Vel=Vector3.new(22.319,0.002,31.026),Move=Vector3.new(0.578,0,0.816),Jump=false,CFrame=CFrame.new(48.002,250.387,-321.942,-0.976538,0.067006,-0.204653,0.000000,0.950357,0.311161,0.215343,0.303861,-0.928060),FOV=70.00,Time=0.6997},
{Pos=Vector3.new(51.638,244.998,-308.704),Vel=Vector3.new(20.229,0.001,32.669),Move=Vector3.new(0.524,0,0.852),Jump=false,CFrame=CFrame.new(48.493,250.388,-321.243,-0.976538,0.067006,-0.204653,0.000000,0.950357,0.311161,0.215343,0.303861,-0.928060),FOV=70.00,Time=0.7289},
{Pos=Vector3.new(52.152,245.005,-307.722),Vel=Vector3.new(17.479,0.435,34.126),Move=Vector3.new(0.457,0,0.889),Jump=false,CFrame=CFrame.new(49.079,250.388,-320.304,-0.976538,0.067006,-0.204653,0.000000,0.950357,0.311161,0.215343,0.303861,-0.928060),FOV=70.00,Time=0.7570},
{Pos=Vector3.new(52.633,245.040,-306.725),Vel=Vector3.new(16.370,1.636,34.478),Move=Vector3.new(0.432,0,0.902),Jump=false,CFrame=CFrame.new(49.593,250.395,-319.323,-0.976538,0.067006,-0.204653,0.000000,0.950357,0.311161,0.215343,0.303861,-0.928060),FOV=70.00,Time=0.8092},
{Pos=Vector3.new(53.303,245.149,-305.298),Vel=Vector3.new(15.991,3.101,34.437),Move=Vector3.new(0.425,0,0.905),Jump=false,CFrame=CFrame.new(50.074,250.429,-318.326,-0.976538,0.067006,-0.204653,0.000000,0.950357,0.311161,0.215343,0.303861,-0.928060),FOV=70.00,Time=0.8262},
{Pos=Vector3.new(53.769,245.373,-304.143),Vel=Vector3.new(13.717,7.370,34.759),Move=Vector3.new(0.370,0,0.929),Jump=false,CFrame=CFrame.new(50.745,250.538,-316.898,-0.976538,0.067006,-0.204653,0.000000,0.950357,0.311161,0.215343,0.303861,-0.928060),FOV=70.00,Time=0.8613},
{Pos=Vector3.new(54.306,245.652,-302.676),Vel=Vector3.new(12.750,6.297,35.320),Move=Vector3.new(0.342,0,0.940),Jump=false,CFrame=CFrame.new(51.211,250.763,-315.744,-0.976538,0.067006,-0.204653,0.000000,0.950357,0.311161,0.215343,0.303861,-0.928060),FOV=70.00,Time=0.9019},
{Pos=Vector3.new(54.527,245.795,-301.762),Vel=Vector3.new(8.345,5.418,36.769),Move=Vector3.new(0.223,0,0.975),Jump=false,CFrame=CFrame.new(51.748,251.042,-314.277,-0.976538,0.067006,-0.204653,0.000000,0.950357,0.311161,0.215343,0.303861,-0.928060),FOV=70.00,Time=0.9271},
{Pos=Vector3.new(54.687,245.901,-300.992),Vel=Vector3.new(7.522,4.945,37.002),Move=Vector3.new(0.201,0,0.980),Jump=false,CFrame=CFrame.new(51.969,251.184,-313.363,-0.976538,0.067006,-0.204653,0.000000,0.950357,0.311161,0.215343,0.303861,-0.928060),FOV=70.00,Time=0.9506},
{Pos=Vector3.new(54.883,246.037,-299.909),Vel=Vector3.new(6.580,4.481,37.203),Move=Vector3.new(0.176,0,0.984),Jump=false,CFrame=CFrame.new(52.226,251.610,-312.502,-0.977893,0.070403,-0.196897,0.000000,0.941616,0.336688,0.209105,0.329245,-0.920800),FOV=70.00,Time=0.9772},
{Pos=Vector3.new(55.023,246.149,-298.812),Vel=Vector3.new(4.544,3.438,37.644),Move=Vector3.new(0.121,0,0.993),Jump=false,CFrame=CFrame.new(52.967,252.592,-311.179,-0.985844,0.067808,-0.153339,0.000000,0.914568,0.404431,0.167663,0.398706,-0.901622),FOV=70.00,Time=1.0064},
{Pos=Vector3.new(55.047,246.218,-297.706),Vel=Vector3.new(0.403,1.869,38.001),Move=Vector3.new(0.012,0,1.000),Jump=false,CFrame=CFrame.new(53.284,252.994,-309.977,-0.988086,0.065808,-0.139123,0.000000,0.903970,0.427596,0.153902,0.422502,-0.893200),FOV=70.00,Time=1.0347},
{Pos=Vector3.new(54.988,246.251,-296.599),Vel=Vector3.new(-2.303,0.766,37.948),Move=Vector3.new(-0.059,0,0.998),Jump=false,CFrame=CFrame.new(53.317,253.083,-308.863,-0.988200,0.065732,-0.138348,0.000000,0.903234,0.429149,0.153169,0.424085,-0.892576),FOV=70.00,Time=1.0666},
{Pos=Vector3.new(54.911,246.264,-295.652),Vel=Vector3.new(-3.231,0.390,37.876),Move=Vector3.new(-0.084,0,0.997),Jump=false,CFrame=CFrame.new(53.259,253.115,-307.756,-0.988200,0.065732,-0.138348,0.000000,0.903234,0.429149,0.153169,0.424085,-0.892576),FOV=70.00,Time=1.0916},
{Pos=Vector3.new(54.815,246.257,-294.548),Vel=Vector3.new(-3.339,-0.495,37.858),Move=Vector3.new(-0.087,0,0.996),Jump=false,CFrame=CFrame.new(53.182,253.128,-306.809,-0.988200,0.065732,-0.138348,0.000000,0.903234,0.429149,0.153169,0.424085,-0.892576),FOV=70.00,Time=1.1187},
{Pos=Vector3.new(54.716,246.221,-293.445),Vel=Vector3.new(-3.456,-1.286,37.826),Move=Vector3.new(-0.090,0,0.996),Jump=false,CFrame=CFrame.new(53.086,253.121,-305.705,-0.988200,0.065732,-0.138348,0.000000,0.903234,0.429149,0.153169,0.424085,-0.892576),FOV=70.00,Time=1.1482},
{Pos=Vector3.new(54.630,246.181,-292.500),Vel=Vector3.new(-3.456,-1.634,37.810),Move=Vector3.new(-0.090,0,0.996),Jump=false,CFrame=CFrame.new(52.986,253.085,-304.602,-0.988200,0.065732,-0.138348,0.000000,0.903234,0.429149,0.153169,0.424085,-0.892576),FOV=70.00,Time=1.1739},
{Pos=Vector3.new(54.530,246.136,-291.397),Vel=Vector3.new(-3.450,-1.539,37.814),Move=Vector3.new(-0.090,0,0.996),Jump=false,CFrame=CFrame.new(52.901,253.045,-303.657,-0.988200,0.065732,-0.138348,0.000000,0.903234,0.429149,0.153169,0.424085,-0.892576),FOV=70.00,Time=1.2028},
{Pos=Vector3.new(54.415,246.094,-290.136),Vel=Vector3.new(-3.446,-1.252,37.824),Move=Vector3.new(-0.090,0,0.996),Jump=false,CFrame=CFrame.new(52.800,253.000,-302.554,-0.988200,0.065732,-0.138348,0.000000,0.903234,0.429149,0.153169,0.424085,-0.892576),FOV=70.00,Time=1.2357},
{Pos=Vector3.new(54.349,246.081,-289.347),Vel=Vector3.new(-3.162,-0.528,37.865),Move=Vector3.new(-0.083,0,0.997),Jump=false,CFrame=CFrame.new(53.325,252.806,-301.445,-0.995383,0.040028,-0.087238,0.000000,0.908890,0.417035,0.095983,0.415109,-0.904694),FOV=70.00,Time=1.2604},
{Pos=Vector3.new(54.204,246.080,-288.248),Vel=Vector3.new(-5.153,0.044,37.650),Move=Vector3.new(-0.135,0,0.991),Jump=false,CFrame=CFrame.new(53.829,252.690,-300.744,-0.998960,0.018632,-0.041606,0.000000,0.912669,0.408700,0.045588,0.408275,-0.911720),FOV=70.00,Time=1.2860},
{Pos=Vector3.new(54.021,246.080,-287.155),Vel=Vector3.new(-6.417,0.022,37.456),Move=Vector3.new(-0.168,0,0.986),Jump=false,CFrame=CFrame.new(54.974,252.469,-299.727,-0.997762,-0.026153,0.061537,0.000000,0.920331,0.391142,-0.066864,0.390266,-0.918271),FOV=70.00,Time=1.3143},
{Pos=Vector3.new(53.760,246.081,-286.078),Vel=Vector3.new(-9.223,0.051,36.868),Move=Vector3.new(-0.242,0,0.970),Jump=false,CFrame=CFrame.new(54.963,252.436,-298.635,-0.996653,-0.031754,0.075334,0.000000,0.921484,0.388417,-0.081753,0.387117,-0.918399),FOV=70.00,Time=1.3458},
{Pos=Vector3.new(53.476,246.094,-284.844),Vel=Vector3.new(-8.461,0.572,37.038),Move=Vector3.new(-0.222,0,0.975),Jump=false,CFrame=CFrame.new(54.701,252.437,-297.558,-0.996653,-0.031754,0.075334,0.000000,0.921484,0.388417,-0.081753,0.387117,-0.918399),FOV=70.00,Time=1.3773},
{Pos=Vector3.new(53.250,246.126,-283.760),Vel=Vector3.new(-7.695,1.333,37.176),Move=Vector3.new(-0.202,0,0.979),Jump=false,CFrame=CFrame.new(54.418,252.449,-296.324,-0.996653,-0.031754,0.075334,0.000000,0.921484,0.388417,-0.081753,0.387117,-0.918399),FOV=70.00,Time=1.4075},
{Pos=Vector3.new(53.051,246.172,-282.671),Vel=Vector3.new(-6.764,1.649,37.354),Move=Vector3.new(-0.178,0,0.984),Jump=false,CFrame=CFrame.new(54.192,252.481,-295.240,-0.996653,-0.031754,0.075334,0.000000,0.921484,0.388417,-0.081753,0.387117,-0.918399),FOV=70.00,Time=1.4359},
{Pos=Vector3.new(52.865,246.216,-281.579),Vel=Vector3.new(-6.325,1.498,37.441),Move=Vector3.new(-0.167,0,0.986),Jump=false,CFrame=CFrame.new(53.993,252.527,-294.151,-0.996653,-0.031754,0.075334,0.000000,0.921484,0.388417,-0.081753,0.387117,-0.918399),FOV=70.00,Time=1.4653},
{Pos=Vector3.new(52.687,246.260,-280.486),Vel=Vector3.new(-6.082,1.486,37.481),Move=Vector3.new(-0.160,0,0.987),Jump=false,CFrame=CFrame.new(53.807,252.572,-293.059,-0.996653,-0.031754,0.075334,0.000000,0.921484,0.388417,-0.081753,0.387117,-0.918399),FOV=70.00,Time=1.4938},
{Pos=Vector3.new(52.510,246.320,-279.394),Vel=Vector3.new(-6.073,2.281,37.425),Move=Vector3.new(-0.160,0,0.987),Jump=false,CFrame=CFrame.new(53.629,252.615,-291.966,-0.996653,-0.031754,0.075334,0.000000,0.921484,0.388417,-0.081753,0.387117,-0.918399),FOV=70.00,Time=1.5242},
{Pos=Vector3.new(52.332,246.398,-278.304),Vel=Vector3.new(-6.097,2.809,37.390),Move=Vector3.new(-0.161,0,0.987),Jump=false,CFrame=CFrame.new(53.452,252.675,-290.874,-0.996653,-0.031754,0.075334,0.000000,0.921484,0.388417,-0.081753,0.387117,-0.918399),FOV=70.00,Time=1.5525},
{Pos=Vector3.new(52.159,246.480,-277.212),Vel=Vector3.new(-5.931,2.819,37.424),Move=Vector3.new(-0.157,0,0.988),Jump=false,CFrame=CFrame.new(53.274,252.753,-289.784,-0.996653,-0.031754,0.075334,0.000000,0.921484,0.388417,-0.081753,0.387117,-0.918399),FOV=70.00,Time=1.5804},
{Pos=Vector3.new(51.996,246.564,-276.119),Vel=Vector3.new(-5.542,2.865,37.480),Move=Vector3.new(-0.146,0,0.989),Jump=false,CFrame=CFrame.new(53.100,252.835,-288.692,-0.996653,-0.031754,0.075334,0.000000,0.921484,0.388417,-0.081753,0.387117,-0.918399),FOV=70.00,Time=1.6109},
{Pos=Vector3.new(51.852,246.654,-275.025),Vel=Vector3.new(-4.865,3.207,37.531),Move=Vector3.new(-0.129,0,0.992),Jump=false,CFrame=CFrame.new(52.938,252.919,-287.599,-0.996653,-0.031754,0.075334,0.000000,0.921484,0.388417,-0.081753,0.387117,-0.918399),FOV=70.00,Time=1.6399},
{Pos=Vector3.new(51.759,246.729,-274.243),Vel=Vector3.new(-4.448,3.785,37.505),Move=Vector3.new(-0.118,0,0.993),Jump=false,CFrame=CFrame.new(52.794,253.009,-286.505,-0.996653,-0.031754,0.075334,0.000000,0.921484,0.388417,-0.081753,0.387117,-0.918399),FOV=70.00,Time=1.6616},
{Pos=Vector3.new(51.659,246.846,-273.147),Vel=Vector3.new(-3.297,4.090,37.607),Move=Vector3.new(-0.088,0,0.996),Jump=false,CFrame=CFrame.new(52.700,253.085,-285.723,-0.996653,-0.031754,0.075334,0.000000,0.921484,0.388417,-0.081753,0.387117,-0.918399),FOV=70.00,Time=1.6926},
{Pos=Vector3.new(51.630,246.971,-272.047),Vel=Vector3.new(-0.745,4.365,37.708),Move=Vector3.new(-0.020,0,1.000),Jump=false,CFrame=CFrame.new(52.601,253.201,-284.627,-0.996653,-0.031754,0.075334,0.000000,0.921484,0.388417,-0.081753,0.387117,-0.918399),FOV=70.00,Time=1.7190},
{Pos=Vector3.new(51.677,247.085,-271.107),Vel=Vector3.new(2.177,4.698,37.604),Move=Vector3.new(0.057,0,0.998),Jump=false,CFrame=CFrame.new(52.572,253.326,-283.527,-0.996653,-0.031754,0.075334,0.000000,0.921484,0.388417,-0.081753,0.387117,-0.918399),FOV=70.00,Time=1.7419},
{Pos=Vector3.new(51.855,247.208,-270.185),Vel=Vector3.new(7.702,5.027,36.813),Move=Vector3.new(0.204,0,0.979),Jump=false,CFrame=CFrame.new(52.619,253.441,-282.587,-0.996653,-0.031754,0.075334,0.000000,0.921484,0.388417,-0.081753,0.387117,-0.918399),FOV=70.00,Time=1.7699},
{Pos=Vector3.new(52.072,247.337,-269.270),Vel=Vector3.new(8.859,5.243,36.554),Move=Vector3.new(0.234,0,0.972),Jump=false,CFrame=CFrame.new(52.796,253.563,-281.665,-0.996653,-0.031754,0.075334,0.000000,0.921484,0.388417,-0.081753,0.387117,-0.918399),FOV=70.00,Time=1.7935},
{Pos=Vector3.new(52.305,247.470,-268.359),Vel=Vector3.new(9.398,5.335,36.427),Move=Vector3.new(0.249,0,0.969),Jump=false,CFrame=CFrame.new(53.014,253.692,-280.750,-0.996653,-0.031754,0.075334,0.000000,0.921484,0.388417,-0.081753,0.387117,-0.918399),FOV=70.00,Time=1.8204},
{Pos=Vector3.new(52.539,247.601,-267.447),Vel=Vector3.new(9.404,5.145,36.480),Move=Vector3.new(0.249,0,0.969),Jump=false,CFrame=CFrame.new(53.246,253.826,-279.839,-0.996653,-0.031754,0.075334,0.000000,0.921484,0.388417,-0.081753,0.387117,-0.918399),FOV=70.00,Time=1.8440},
{Pos=Vector3.new(52.773,247.723,-266.534),Vel=Vector3.new(9.413,4.727,36.545),Move=Vector3.new(0.249,0,0.969),Jump=false,CFrame=CFrame.new(53.480,253.956,-278.927,-0.996653,-0.031754,0.075334,0.000000,0.921484,0.388417,-0.081753,0.387117,-0.918399),FOV=70.00,Time=1.8698},
{Pos=Vector3.new(53.008,247.838,-265.620),Vel=Vector3.new(9.409,4.521,36.554),Move=Vector3.new(0.249,0,0.969),Jump=false,CFrame=CFrame.new(53.715,254.078,-278.014,-0.996653,-0.031754,0.075334,0.000000,0.921484,0.388417,-0.081753,0.387117,-0.918399),FOV=70.00,Time=1.8966},
{Pos=Vector3.new(53.263,247.968,-264.549),Vel=Vector3.new(8.707,4.383,36.738),Move=Vector3.new(0.230,0,0.973),Jump=false,CFrame=CFrame.new(53.950,254.193,-277.100,-0.996653,-0.031754,0.075334,0.000000,0.921484,0.388417,-0.081753,0.387117,-0.918399),FOV=70.00,Time=1.9231},
{Pos=Vector3.new(53.445,248.074,-263.622),Vel=Vector3.new(7.119,4.136,37.119),Move=Vector3.new(0.188,0,0.982),Jump=false,CFrame=CFrame.new(54.205,254.323,-276.029,-0.996653,-0.031754,0.075334,0.000000,0.921484,0.388417,-0.081753,0.387117,-0.918399),FOV=70.00,Time=1.9459},
{Pos=Vector3.new(53.590,248.172,-262.687),Vel=Vector3.new(5.642,3.799,37.408),Move=Vector3.new(0.149,0,0.989),Jump=false,CFrame=CFrame.new(54.387,254.429,-275.102,-0.996653,-0.031754,0.075334,0.000000,0.921484,0.388417,-0.081753,0.387117,-0.918399),FOV=70.00,Time=1.9721},
{Pos=Vector3.new(53.620,248.247,-261.900),Vel=Vector3.new(0.888,3.456,37.868),Move=Vector3.new(0.023,0,1.000),Jump=false,CFrame=CFrame.new(54.532,254.527,-274.167,-0.996653,-0.031754,0.075334,0.000000,0.921484,0.388417,-0.081753,0.387117,-0.918399),FOV=70.00,Time=1.9952},
{Pos=Vector3.new(53.607,248.338,-260.794),Vel=Vector3.new(-0.628,2.955,37.907),Move=Vector3.new(-0.016,0,1.000),Jump=false,CFrame=CFrame.new(54.562,254.602,-273.379,-0.996653,-0.031754,0.075334,0.000000,0.921484,0.388417,-0.081753,0.387117,-0.918399),FOV=70.00,Time=2.0215},
{Pos=Vector3.new(53.575,248.395,-260.005),Vel=Vector3.new(-1.701,2.592,37.899),Move=Vector3.new(-0.044,0,0.999),Jump=false,CFrame=CFrame.new(54.548,254.693,-272.274,-0.996653,-0.031754,0.075334,0.000000,0.921484,0.388417,-0.081753,0.387117,-0.918399),FOV=70.00,Time=2.0446},
{Pos=Vector3.new(53.524,248.464,-258.899),Vel=Vector3.new(-1.746,2.252,37.905),Move=Vector3.new(-0.045,0,0.999),Jump=false,CFrame=CFrame.new(54.516,254.750,-271.485,-0.996653,-0.031754,0.075334,0.000000,0.921484,0.388417,-0.081753,0.387117,-0.918399),FOV=70.00,Time=2.0715},
{Pos=Vector3.new(53.481,248.518,-257.952),Vel=Vector3.new(-1.744,2.130,37.906),Move=Vector3.new(-0.045,0,0.999),Jump=false,CFrame=CFrame.new(54.466,254.819,-270.379,-0.996653,-0.031754,0.075334,0.000000,0.921484,0.388417,-0.081753,0.387117,-0.918399),FOV=70.00,Time=2.0971},
{Pos=Vector3.new(53.445,248.561,-257.162),Vel=Vector3.new(-1.750,1.996,37.915),Move=Vector3.new(-0.046,0,0.999),Jump=false,CFrame=CFrame.new(54.423,254.873,-269.432,-0.996653,-0.031754,0.075334,0.000000,0.921484,0.388417,-0.081753,0.387117,-0.918399),FOV=70.00,Time=2.1202},
{Pos=Vector3.new(53.404,248.605,-256.213),Vel=Vector3.new(-1.675,1.679,37.935),Move=Vector3.new(-0.044,0,0.999),Jump=false,CFrame=CFrame.new(54.387,254.916,-268.642,-0.996653,-0.031754,0.075334,0.000000,0.921484,0.388417,-0.081753,0.387117,-0.918399),FOV=70.00,Time=2.1422},
{Pos=Vector3.new(53.363,248.643,-255.265),Vel=Vector3.new(-1.629,1.433,37.942),Move=Vector3.new(-0.043,0,0.999),Jump=false,CFrame=CFrame.new(54.345,254.960,-267.693,-0.996653,-0.031754,0.075334,0.000000,0.921484,0.388417,-0.081753,0.387117,-0.918399),FOV=70.00,Time=2.1688},
{Pos=Vector3.new(53.324,248.680,-254.316),Vel=Vector3.new(-1.561,1.515,37.936),Move=Vector3.new(-0.041,0,0.999),Jump=false,CFrame=CFrame.new(54.305,254.998,-266.745,-0.996653,-0.031754,0.075334,0.000000,0.921484,0.388417,-0.081753,0.387117,-0.918399),FOV=70.00,Time=2.1950},
{Pos=Vector3.new(53.285,248.720,-253.368),Vel=Vector3.new(-1.559,1.630,37.932),Move=Vector3.new(-0.041,0,0.999),Jump=false,CFrame=CFrame.new(54.266,255.035,-265.796,-0.996653,-0.031754,0.075334,0.000000,0.921484,0.388417,-0.081753,0.387117,-0.918399),FOV=70.00,Time=2.2205},
{Pos=Vector3.new(53.240,248.764,-252.261),Vel=Vector3.new(-1.558,1.436,37.944),Move=Vector3.new(-0.041,0,0.999),Jump=false,CFrame=CFrame.new(54.227,255.075,-264.848,-0.996653,-0.031754,0.075334,0.000000,0.921484,0.388417,-0.081753,0.387117,-0.918399),FOV=70.00,Time=2.2492},
{Pos=Vector3.new(53.209,248.790,-251.471),Vel=Vector3.new(-1.496,1.184,37.956),Move=Vector3.new(-0.039,0,0.999),Jump=false,CFrame=CFrame.new(54.181,255.119,-263.741,-0.996653,-0.031754,0.075334,0.000000,0.921484,0.388417,-0.081753,0.387117,-0.918399),FOV=70.00,Time=2.2705},
{Pos=Vector3.new(53.169,248.825,-250.364),Vel=Vector3.new(-1.349,1.209,37.956),Move=Vector3.new(-0.035,0,0.999),Jump=false,CFrame=CFrame.new(54.150,255.145,-262.951,-0.996653,-0.031754,0.075334,0.000000,0.921484,0.388417,-0.081753,0.387117,-0.918399),FOV=70.00,Time=2.2973},
{Pos=Vector3.new(53.144,248.851,-249.573),Vel=Vector3.new(-1.184,1.292,37.958),Move=Vector3.new(-0.031,0,1.000),Jump=false,CFrame=CFrame.new(54.111,255.180,-261.844,-0.996653,-0.031754,0.075334,0.000000,0.921484,0.388417,-0.081753,0.387117,-0.918399),FOV=70.00,Time=2.3186},
{Pos=Vector3.new(53.121,248.884,-248.624),Vel=Vector3.new(-0.886,1.288,37.968),Move=Vector3.new(-0.023,0,1.000),Jump=false,CFrame=CFrame.new(54.086,255.206,-261.053,-0.996653,-0.031754,0.075334,0.000000,0.921484,0.388417,-0.081753,0.387117,-0.918399),FOV=70.00,Time=2.3459},
{Pos=Vector3.new(53.105,248.912,-247.674),Vel=Vector3.new(-0.590,1.075,37.985),Move=Vector3.new(-0.016,0,1.000),Jump=false,CFrame=CFrame.new(54.063,255.239,-260.104,-0.996653,-0.031754,0.075334,0.000000,0.921484,0.388417,-0.081753,0.387117,-0.918399),FOV=70.00,Time=2.3678},
{Pos=Vector3.new(53.100,248.932,-246.724),Vel=Vector3.new(-0.166,0.624,37.998),Move=Vector3.new(-0.004,0,1.000),Jump=false,CFrame=CFrame.new(54.047,255.268,-259.154,-0.996653,-0.031754,0.075334,0.000000,0.921484,0.388417,-0.081753,0.387117,-0.918399),FOV=70.00,Time=2.3925},
{Pos=Vector3.new(53.099,248.938,-245.933),Vel=Vector3.new(-0.057,0.168,38.000),Move=Vector3.new(-0.002,0,1.000),Jump=false,CFrame=CFrame.new(54.042,255.287,-258.204,-0.996653,-0.031754,0.075334,0.000000,0.921484,0.388417,-0.081753,0.387117,-0.918399),FOV=70.00,Time=2.4158},
{Pos=Vector3.new(53.098,248.939,-244.983),Vel=Vector3.new(-0.011,-0.091,38.000),Move=Vector3.new(-0.000,0,1.000),Jump=false,CFrame=CFrame.new(54.040,255.293,-257.413,-0.996653,-0.031754,0.075334,0.000000,0.921484,0.388417,-0.081753,0.387117,-0.918399),FOV=70.00,Time=2.4449},
{Pos=Vector3.new(53.098,248.937,-244.033),Vel=Vector3.new(-0.011,-0.067,38.000),Move=Vector3.new(-0.000,0,1.000),Jump=false,CFrame=CFrame.new(54.040,255.294,-256.463,-0.996653,-0.031754,0.075334,0.000000,0.921484,0.388417,-0.081753,0.387117,-0.918399),FOV=70.00,Time=2.4652},
{Pos=Vector3.new(53.097,248.922,-242.924),Vel=Vector3.new(-0.012,-0.571,37.996),Move=Vector3.new(-0.000,0,1.000),Jump=false,CFrame=CFrame.new(54.039,255.292,-255.513,-0.996653,-0.031754,0.075334,0.000000,0.921484,0.388417,-0.081753,0.387117,-0.918399),FOV=70.00,Time=2.4922},
{Pos=Vector3.new(53.097,248.895,-242.133),Vel=Vector3.new(-0.013,-1.366,37.975),Move=Vector3.new(-0.000,0,1.000),Jump=false,CFrame=CFrame.new(54.039,255.277,-254.404,-0.996653,-0.031754,0.075334,0.000000,0.921484,0.388417,-0.081753,0.387117,-0.918399),FOV=70.00,Time=2.5194},
{Pos=Vector3.new(53.097,248.861,-241.184),Vel=Vector3.new(-0.013,-1.372,37.975),Move=Vector3.new(-0.000,0,1.000),Jump=false,CFrame=CFrame.new(54.039,255.250,-253.613,-0.996653,-0.031754,0.075334,0.000000,0.921484,0.388417,-0.081753,0.387117,-0.918399),FOV=70.00,Time=2.5426},
{Pos=Vector3.new(53.096,248.821,-240.076),Vel=Vector3.new(-0.013,-1.372,37.975),Move=Vector3.new(-0.000,0,1.000),Jump=false,CFrame=CFrame.new(54.038,255.216,-252.664,-0.996653,-0.031754,0.075334,0.000000,0.921484,0.388417,-0.081753,0.387117,-0.918399),FOV=70.00,Time=2.5687},
{Pos=Vector3.new(53.096,248.795,-239.443),Vel=Vector3.new(-0.013,-1.575,37.967),Move=Vector3.new(-0.000,0,1.000),Jump=false,CFrame=CFrame.new(54.038,255.176,-251.556,-0.996653,-0.031754,0.075334,0.000000,0.921484,0.388417,-0.081753,0.387117,-0.918399),FOV=70.00,Time=2.5858},
{Pos=Vector3.new(53.096,248.754,-238.653),Vel=Vector3.new(-0.014,-1.799,37.958),Move=Vector3.new(-0.000,0,1.000),Jump=false,CFrame=CFrame.new(54.038,255.150,-250.923,-0.996653,-0.031754,0.075334,0.000000,0.921484,0.388417,-0.081753,0.387117,-0.918399),FOV=70.00,Time=2.6084},
{Pos=Vector3.new(53.097,248.707,-237.704),Vel=Vector3.new(0.041,-1.890,37.953),Move=Vector3.new(0.001,0,1.000),Jump=false,CFrame=CFrame.new(54.037,255.109,-250.133,-0.996653,-0.031754,0.075334,0.000000,0.921484,0.388417,-0.081753,0.387117,-0.918399),FOV=70.00,Time=2.6301},
{Pos=Vector3.new(53.106,248.667,-236.913),Vel=Vector3.new(0.502,-1.898,37.949),Move=Vector3.new(0.013,0,1.000),Jump=false,CFrame=CFrame.new(54.038,255.062,-249.184,-0.996653,-0.031754,0.075334,0.000000,0.921484,0.388417,-0.081753,0.387117,-0.918399),FOV=70.00,Time=2.6512},
{Pos=Vector3.new(53.119,248.635,-236.281),Vel=Vector3.new(0.808,-1.914,37.943),Move=Vector3.new(0.021,0,1.000),Jump=false,CFrame=CFrame.new(54.048,255.022,-248.393,-0.996653,-0.031754,0.075334,0.000000,0.921484,0.388417,-0.081753,0.387117,-0.918399),FOV=70.00,Time=2.6703},
{Pos=Vector3.new(53.143,248.584,-235.332),Vel=Vector3.new(0.995,-2.062,37.931),Move=Vector3.new(0.026,0,1.000),Jump=false,CFrame=CFrame.new(54.060,254.990,-247.761,-0.996653,-0.031754,0.075334,0.000000,0.921484,0.388417,-0.081753,0.387117,-0.918399),FOV=70.00,Time=2.6941},
{Pos=Vector3.new(53.165,248.534,-234.542),Vel=Vector3.new(1.093,-2.209,37.921),Move=Vector3.new(0.029,0,1.000),Jump=false,CFrame=CFrame.new(54.085,254.939,-246.812,-0.996653,-0.031754,0.075334,0.000000,0.921484,0.388417,-0.081753,0.387117,-0.918399),FOV=70.00,Time=2.7158},
{Pos=Vector3.new(53.190,248.487,-233.752),Vel=Vector3.new(1.183,-2.262,37.914),Move=Vector3.new(0.031,0,1.000),Jump=false,CFrame=CFrame.new(54.107,254.889,-246.022,-0.996653,-0.031754,0.075334,0.000000,0.921484,0.388417,-0.081753,0.387117,-0.918399),FOV=70.00,Time=2.7342},
{Pos=Vector3.new(53.214,248.440,-232.963),Vel=Vector3.new(1.183,-2.254,37.915),Move=Vector3.new(0.031,0,1.000),Jump=false,CFrame=CFrame.new(53.430,254.804,-245.284,-0.999782,-0.008042,0.019255,0.000000,0.922748,0.385404,-0.020868,0.385320,-0.922547),FOV=70.00,Time=2.7567},
{Pos=Vector3.new(53.282,248.393,-232.175),Vel=Vector3.new(3.511,-2.236,37.772),Move=Vector3.new(0.093,0,0.996),Jump=false,CFrame=CFrame.new(52.260,254.613,-244.517,-0.996604,0.030787,-0.076371,0.000000,0.927472,0.373894,0.082343,0.372624,-0.924322),FOV=70.00,Time=2.7767},
{Pos=Vector3.new(53.428,248.347,-231.399),Vel=Vector3.new(7.498,-2.223,37.190),Move=Vector3.new(0.198,0,0.980),Jump=false,CFrame=CFrame.new(51.027,254.253,-243.671,-0.981310,0.067117,-0.180349,0.000000,0.937205,0.348779,0.192433,0.342260,-0.919689),FOV=70.00,Time=2.7968},
{Pos=Vector3.new(53.659,248.301,-230.644),Vel=Vector3.new(11.595,-2.196,36.131),Move=Vector3.new(0.305,0,0.952),Jump=false,CFrame=CFrame.new(50.973,254.116,-242.888,-0.977927,0.071356,-0.196385,0.000000,0.939880,0.341504,0.208947,0.333966,-0.919134),FOV=70.00,Time=2.8190},
{Pos=Vector3.new(53.911,248.255,-229.895),Vel=Vector3.new(12.228,-2.199,35.922),Move=Vector3.new(0.321,0,0.947),Jump=false,CFrame=CFrame.new(51.152,254.042,-242.132,-0.977006,0.072337,-0.200566,0.000000,0.940688,0.339272,0.213212,0.331471,-0.919058),FOV=70.00,Time=2.8411},
{Pos=Vector3.new(54.168,248.217,-229.147),Vel=Vector3.new(12.388,-1.804,35.886),Move=Vector3.new(0.325,0,0.946),Jump=false,CFrame=CFrame.new(51.338,253.948,-241.386,-0.975829,0.073299,-0.205878,0.000000,0.942073,0.335407,0.218537,0.327300,-0.919302),FOV=70.00,Time=2.8602},
{Pos=Vector3.new(54.429,248.184,-228.400),Vel=Vector3.new(12.582,-1.535,35.829),Move=Vector3.new(0.331,0,0.944),Jump=false,CFrame=CFrame.new(51.595,253.909,-240.638,-0.975829,0.073299,-0.205878,0.000000,0.942073,0.335407,0.218537,0.327300,-0.919302),FOV=70.00,Time=2.8794},
{Pos=Vector3.new(54.691,248.154,-227.654),Vel=Vector3.new(12.578,-1.436,35.833),Move=Vector3.new(0.331,0,0.944),Jump=false,CFrame=CFrame.new(51.856,253.877,-239.892,-0.975829,0.073299,-0.205878,0.000000,0.942073,0.335407,0.218537,0.327300,-0.919302),FOV=70.00,Time=2.8996},
{Pos=Vector3.new(54.900,248.133,-227.056),Vel=Vector3.new(12.576,-1.243,35.840),Move=Vector3.new(0.331,0,0.944),Jump=false,CFrame=CFrame.new(52.117,253.847,-239.145,-0.975829,0.073299,-0.205878,0.000000,0.942073,0.335407,0.218537,0.327300,-0.919302),FOV=70.00,Time=2.9218},
{Pos=Vector3.new(55.214,248.112,-226.160),Vel=Vector3.new(12.576,-0.780,35.852),Move=Vector3.new(0.331,0,0.944),Jump=false,CFrame=CFrame.new(52.326,253.825,-238.547,-0.975829,0.073299,-0.205878,0.000000,0.942073,0.335407,0.218537,0.327300,-0.919302),FOV=70.00,Time=2.9418},
{Pos=Vector3.new(55.423,248.105,-225.562),Vel=Vector3.new(12.575,-0.389,35.858),Move=Vector3.new(0.331,0,0.944),Jump=false,CFrame=CFrame.new(52.640,253.805,-237.651,-0.975829,0.073299,-0.205878,0.000000,0.942073,0.335407,0.218537,0.327300,-0.919302),FOV=70.00,Time=2.9621},
{Pos=Vector3.new(55.685,248.097,-224.815),Vel=Vector3.new(12.586,-0.381,35.854),Move=Vector3.new(0.331,0,0.944),Jump=false,CFrame=CFrame.new(52.850,253.798,-237.053,-0.975829,0.073299,-0.205878,0.000000,0.942073,0.335407,0.218537,0.327300,-0.919302),FOV=70.00,Time=2.9822},
{Pos=Vector3.new(55.946,248.089,-224.068),Vel=Vector3.new(12.543,-0.382,35.869),Move=Vector3.new(0.330,0,0.944),Jump=false,CFrame=CFrame.new(53.111,253.790,-236.306,-0.975829,0.073299,-0.205878,0.000000,0.942073,0.335407,0.218537,0.327300,-0.919302),FOV=70.00,Time=3.0025},
{Pos=Vector3.new(56.205,248.089,-223.320),Vel=Vector3.new(12.410,0.051,35.917),Move=Vector3.new(0.326,0,0.945),Jump=false,CFrame=CFrame.new(53.373,253.782,-235.559,-0.975829,0.073299,-0.205878,0.000000,0.942073,0.335407,0.218537,0.327300,-0.919302),FOV=70.00,Time=3.0224},
{Pos=Vector3.new(56.459,248.094,-222.570),Vel=Vector3.new(12.204,0.339,35.983),Move=Vector3.new(0.321,0,0.947),Jump=false,CFrame=CFrame.new(53.631,253.781,-234.811,-0.975829,0.073299,-0.205878,0.000000,0.942073,0.335407,0.218537,0.327300,-0.919302),FOV=70.00,Time=3.0461},
{Pos=Vector3.new(56.757,248.107,-221.668),Vel=Vector3.new(11.854,0.618,36.096),Move=Vector3.new(0.312,0,0.950),Jump=false,CFrame=CFrame.new(53.886,253.786,-234.061,-0.975829,0.073299,-0.205878,0.000000,0.942073,0.335407,0.218537,0.327300,-0.919302),FOV=70.00,Time=3.0714},
{Pos=Vector3.new(57.049,248.124,-220.764),Vel=Vector3.new(11.668,0.703,36.156),Move=Vector3.new(0.307,0,0.952),Jump=false,CFrame=CFrame.new(54.183,253.800,-233.159,-0.975829,0.073299,-0.205878,0.000000,0.942073,0.335407,0.218537,0.327300,-0.919302),FOV=70.00,Time=3.0929},
{Pos=Vector3.new(57.280,248.139,-220.007),Vel=Vector3.new(11.007,0.754,36.363),Move=Vector3.new(0.290,0,0.957),Jump=false,CFrame=CFrame.new(54.475,253.817,-232.255,-0.975829,0.073299,-0.205878,0.000000,0.942073,0.335407,0.218537,0.327300,-0.919302),FOV=70.00,Time=3.1153},
{Pos=Vector3.new(57.550,248.160,-219.097),Vel=Vector3.new(10.811,0.865,36.418),Move=Vector3.new(0.285,0,0.959),Jump=false,CFrame=CFrame.new(54.706,253.832,-231.498,-0.975829,0.073299,-0.205878,0.000000,0.942073,0.335407,0.218537,0.327300,-0.919302),FOV=70.00,Time=3.1400},
{Pos=Vector3.new(57.819,248.184,-218.186),Vel=Vector3.new(10.716,0.995,36.442),Move=Vector3.new(0.282,0,0.959),Jump=false,CFrame=CFrame.new(54.977,253.853,-230.588,-0.975829,0.073299,-0.205878,0.000000,0.942073,0.335407,0.218537,0.327300,-0.919302),FOV=70.00,Time=3.1624},
{Pos=Vector3.new(58.042,248.205,-217.427),Vel=Vector3.new(10.717,1.033,36.442),Move=Vector3.new(0.282,0,0.959),Jump=false,CFrame=CFrame.new(55.245,253.877,-229.677,-0.975829,0.073299,-0.205878,0.000000,0.942073,0.335407,0.218537,0.327300,-0.919302),FOV=70.00,Time=3.1857},
{Pos=Vector3.new(58.310,248.231,-216.516),Vel=Vector3.new(10.717,1.052,36.442),Move=Vector3.new(0.282,0,0.959),Jump=false,CFrame=CFrame.new(55.469,253.898,-228.918,-0.975829,0.073299,-0.205878,0.000000,0.942073,0.335407,0.218537,0.327300,-0.919302),FOV=70.00,Time=3.2104},
{Pos=Vector3.new(58.533,248.254,-215.756),Vel=Vector3.new(10.717,1.095,36.440),Move=Vector3.new(0.282,0,0.959),Jump=false,CFrame=CFrame.new(55.772,254.008,-227.984,-0.976382,0.073913,-0.203014,0.000000,0.939659,0.342112,0.216050,0.334032,-0.917467),FOV=70.00,Time=3.2318},
{Pos=Vector3.new(58.795,248.283,-214.844),Vel=Vector3.new(10.442,1.213,36.515),Move=Vector3.new(0.275,0,0.961),Jump=false,CFrame=CFrame.new(56.070,254.137,-227.201,-0.977620,0.073764,-0.197025,0.000000,0.936517,0.350622,0.210380,0.342775,-0.915558),FOV=70.00,Time=3.2556},
{Pos=Vector3.new(59.035,248.315,-213.925),Vel=Vector3.new(9.515,1.263,36.768),Move=Vector3.new(0.251,0,0.968),Jump=false,CFrame=CFrame.new(56.542,254.406,-226.237,-0.981002,0.071746,-0.180242,0.000000,0.929100,0.369830,0.193997,0.362804,-0.911449),FOV=70.00,Time=3.2791},
{Pos=Vector3.new(59.205,248.339,-213.152),Vel=Vector3.new(7.968,1.138,37.142),Move=Vector3.new(0.210,0,0.978),Jump=false,CFrame=CFrame.new(56.917,254.585,-225.283,-0.983047,0.069977,-0.169473,0.000000,0.924305,0.381655,0.183351,0.375185,-0.908635),FOV=70.00,Time=3.3036},
{Pos=Vector3.new(59.296,248.365,-212.208),Vel=Vector3.new(3.126,0.975,37.869),Move=Vector3.new(0.083,0,0.997),Jump=false,CFrame=CFrame.new(57.192,254.790,-224.452,-0.984498,0.069462,-0.161054,0.000000,0.918236,0.396033,0.175395,0.389894,-0.904002),FOV=70.00,Time=3.3263},
{Pos=Vector3.new(59.312,248.390,-211.258),Vel=Vector3.new(0.332,0.959,37.998),Move=Vector3.new(0.010,0,1.000),Jump=false,CFrame=CFrame.new(57.295,254.864,-223.489,-0.984623,0.069853,-0.160117,0.000000,0.916574,0.399866,0.174690,0.393717,-0.902480),FOV=70.00,Time=3.3522},
{Pos=Vector3.new(59.276,248.415,-210.309),Vel=Vector3.new(-1.720,0.966,37.961),Move=Vector3.new(-0.044,0,0.999),Jump=false,CFrame=CFrame.new(57.328,254.908,-222.534,-0.984867,0.069575,-0.158736,0.000000,0.915887,0.401436,0.173314,0.395361,-0.902027),FOV=70.00,Time=3.3757},
{Pos=Vector3.new(59.201,248.438,-209.362),Vel=Vector3.new(-3.147,0.898,37.872),Move=Vector3.new(-0.082,0,0.997),Jump=false,CFrame=CFrame.new(57.328,254.973,-221.573,-0.985376,0.068948,-0.155820,0.000000,0.914474,0.404644,0.170392,0.398726,-0.901101),FOV=70.00,Time=3.4023},
{Pos=Vector3.new(59.121,248.459,-208.416),Vel=Vector3.new(-3.255,0.790,37.860),Move=Vector3.new(-0.085,0,0.996),Jump=false,CFrame=CFrame.new(57.306,255.032,-220.619,-0.986110,0.067682,-0.151676,0.000000,0.913207,0.407497,0.166091,0.401837,-0.900522),FOV=70.00,Time=3.4257},
{Pos=Vector3.new(59.039,248.481,-207.470),Vel=Vector3.new(-3.304,0.927,37.846),Move=Vector3.new(-0.086,0,0.996),Jump=false,CFrame=CFrame.new(57.243,255.072,-219.667,-0.986344,0.067371,-0.150286,0.000000,0.912508,0.409060,0.164696,0.403474,-0.900047),FOV=70.00,Time=3.4507},
{Pos=Vector3.new(58.974,248.515,-206.523),Vel=Vector3.new(-2.547,1.558,37.868),Move=Vector3.new(-0.067,0,0.998),Jump=false,CFrame=CFrame.new(57.170,255.099,-218.720,-0.986470,0.067116,-0.149572,0.000000,0.912358,0.409393,0.163940,0.403854,-0.900014),FOV=70.00,Time=3.4750},
{Pos=Vector3.new(58.920,248.558,-205.576),Vel=Vector3.new(-2.141,1.791,37.893),Move=Vector3.new(-0.056,0,0.998),Jump=false,CFrame=CFrame.new(57.105,255.132,-217.773,-0.986470,0.067116,-0.149572,0.000000,0.912358,0.409393,0.163940,0.403854,-0.900014),FOV=70.00,Time=3.5024},
{Pos=Vector3.new(58.888,248.603,-204.628),Vel=Vector3.new(-1.222,1.783,37.938),Move=Vector3.new(-0.032,0,0.999),Jump=false,CFrame=CFrame.new(57.092,255.176,-216.833,-0.987062,0.065642,-0.146288,0.000000,0.912358,0.409393,0.160340,0.404096,-0.900554),FOV=70.00,Time=3.5324},
{Pos=Vector3.new(58.872,248.656,-203.521),Vel=Vector3.new(-0.462,1.831,37.951),Move=Vector3.new(-0.012,0,1.000),Jump=false,CFrame=CFrame.new(57.116,255.220,-215.894,-0.987863,0.063589,-0.141712,0.000000,0.912358,0.409393,0.155325,0.404424,-0.901285),FOV=70.00,Time=3.5546},
{Pos=Vector3.new(58.914,248.712,-202.415),Vel=Vector3.new(1.628,1.967,37.911),Move=Vector3.new(0.043,0,0.999),Jump=false,CFrame=CFrame.new(57.101,255.273,-214.787,-0.987863,0.063589,-0.141712,0.000000,0.912358,0.409393,0.155325,0.404424,-0.901285),FOV=70.00,Time=3.5862},
{Pos=Vector3.new(58.993,248.760,-201.469),Vel=Vector3.new(3.335,1.916,37.808),Move=Vector3.new(0.088,0,0.996),Jump=false,CFrame=CFrame.new(57.143,255.329,-213.681,-0.987863,0.063589,-0.141712,0.000000,0.912358,0.409393,0.155325,0.404424,-0.901285),FOV=70.00,Time=3.6129},
{Pos=Vector3.new(59.117,248.822,-200.210),Vel=Vector3.new(3.781,1.823,37.770),Move=Vector3.new(0.099,0,0.995),Jump=false,CFrame=CFrame.new(57.222,255.377,-212.735,-0.987863,0.063589,-0.141712,0.000000,0.912358,0.409393,0.155325,0.404424,-0.901285),FOV=70.00,Time=3.6493},
{Pos=Vector3.new(59.254,248.877,-198.952),Vel=Vector3.new(4.134,1.551,37.748),Move=Vector3.new(0.109,0,0.994),Jump=false,CFrame=CFrame.new(57.346,255.439,-211.476,-0.987863,0.063589,-0.141712,0.000000,0.912358,0.409393,0.155325,0.404424,-0.901285),FOV=70.00,Time=3.6768},
{Pos=Vector3.new(59.391,248.912,-197.693),Vel=Vector3.new(4.139,0.854,37.769),Move=Vector3.new(0.109,0,0.994),Jump=false,CFrame=CFrame.new(57.482,255.494,-210.218,-0.987863,0.063589,-0.141712,0.000000,0.912358,0.409393,0.155325,0.404424,-0.901285),FOV=70.00,Time=3.7114},
