-- V23 Full - 20260126_211648
local gs = game.GetService local ws = gs(game,'Workspace') local cam = ws.CurrentCamera local plrs = gs(game,'Players') local plr = plrs.LocalPlayer task.wait(2) local char = plr.Character if not char then return end local hum = char:WaitForChild('Humanoid',5) local hrp = char:WaitForChild('HumanoidRootPart',5) if not(hum and hrp)then return end hum.AutoRotate=false cam.CameraType=Enum.CameraType.Scriptable task.wait(1.5)

cam.CFrame=CFrame.new(47.618,12.591,15.069,0.771625,-0.381332,0.509098,0.000000,0.800371,0.599506,-0.636078,-0.462593,0.617586) cam.FieldOfView=70.00 hum:Move(Vector3.zero,true) hrp.AssemblyLinearVelocity=Vector3.new(0.000,0.000,-0.000) hrp.CFrame=CFrame.new(41.254,3.698,7.349) local ld=cam.CFrame.LookVector*Vector3.new(1,0,1) if ld.Magnitude>0.01 then hrp.CFrame=CFrame.new(hrp.Position,hrp.Position+ld.Unit) end task.wait(0.0000)
cam.CFrame=CFrame.new(47.618,12.591,15.069,0.771625,-0.381332,0.509098,0.000000,0.800371,0.599506,-0.636078,-0.462593,0.617586) cam.FieldOfView=70.00 hum:Move(Vector3.zero,true) hrp.AssemblyLinearVelocity=Vector3.new(0.000,0.000,-0.000) hrp.CFrame=CFrame.new(41.254,3.698,7.349) local ld=cam.CFrame.LookVector*Vector3.new(1,0,1) if ld.Magnitude>0.01 then hrp.CFrame=CFrame.new(hrp.Position,hrp.Position+ld.Unit) end task.wait(0.0333)
cam.CFrame=CFrame.new(47.618,12.591,15.069,0.771625,-0.381332,0.509098,0.000000,0.800371,0.599506,-0.636078,-0.462593,0.617586) cam.FieldOfView=70.00 hum:Move(Vector3.zero,true) hrp.AssemblyLinearVelocity=Vector3.new(0.000,0.000,-0.000) hrp.CFrame=CFrame.new(41.254,3.698,7.349) local ld=cam.CFrame.LookVector*Vector3.new(1,0,1) if ld.Magnitude>0.01 then hrp.CFrame=CFrame.new(hrp.Position,hrp.Position+ld.Unit) end task.wait(0.0333)
cam.CFrame=CFrame.new(47.618,12.591,15.069,0.771625,-0.381332,0.509098,0.000000,0.800371,0.599506,-0.636078,-0.462593,0.617586) cam.FieldOfView=70.00 hum:Move(Vector3.zero,true) hrp.AssemblyLinearVelocity=Vector3.new(-0.000,0.000,0.000) hrp.CFrame=CFrame.new(41.254,3.698,7.349) local ld=cam.CFrame.LookVector*Vector3.new(1,0,1) if ld.Magnitude>0.01 then hrp.CFrame=CFrame.new(hrp.Position,hrp.Position+ld.Unit) end task.wait(0.0332)
cam.CFrame=CFrame.new(47.618,12.591,15.069,0.771625,-0.381332,0.509098,0.000000,0.800371,0.599506,-0.636078,-0.462593,0.617586) cam.FieldOfView=70.00 hum:Move(Vector3.zero,true) hrp.AssemblyLinearVelocity=Vector3.new(-0.000,0.000,0.000) hrp.CFrame=CFrame.new(41.254,3.698,7.349) local ld=cam.CFrame.LookVector*Vector3.new(1,0,1) if ld.Magnitude>0.01 then hrp.CFrame=CFrame.new(hrp.Position,hrp.Position+ld.Unit) end task.wait(0.0349)
cam.CFrame=CFrame.new(47.525,12.591,14.914,0.771625,-0.381332,0.509098,0.000000,0.800371,0.599506,-0.636078,-0.462593,0.617586) cam.FieldOfView=70.00 hum:Move(Vector3.new(-0.499,0,-0.867),true) hrp.AssemblyLinearVelocity=Vector3.new(-7.411,0.000,-12.789) hrp.CFrame=CFrame.new(41.053,3.698,7.009) local ld=cam.CFrame.LookVector*Vector3.new(1,0,1) if ld.Magnitude>0.01 then hrp.CFrame=CFrame.new(hrp.Position,hrp.Position+ld.Unit) end task.wait(0.0487)
cam.CFrame=CFrame.new(47.287,12.591,14.499,0.771625,-0.381332,0.509098,0.000000,0.800371,0.599506,-0.636078,-0.462593,0.617586) cam.FieldOfView=70.00 hum:Move(Vector3.new(-0.490,0,-0.872),true) hrp.AssemblyLinearVelocity=Vector3.new(-7.792,0.000,-13.903) hrp.CFrame=CFrame.new(40.792,3.698,6.547) local ld=cam.CFrame.LookVector*Vector3.new(1,0,1) if ld.Magnitude>0.01 then hrp.CFrame=CFrame.new(hrp.Position,hrp.Position+ld.Unit) end task.wait(0.0337)
cam.CFrame=CFrame.new(46.894,12.591,13.802,0.771625,-0.381332,0.509098,0.000000,0.800371,0.599506,-0.636078,-0.462593,0.617586) cam.FieldOfView=70.00 hum:Move(Vector3.new(-0.501,0,-0.866),true) hrp.AssemblyLinearVelocity=Vector3.new(-7.968,0.000,-13.840) hrp.CFrame=CFrame.new(40.397,3.698,5.851) local ld=cam.CFrame.LookVector*Vector3.new(1,0,1) if ld.Magnitude>0.01 then hrp.CFrame=CFrame.new(hrp.Position,hrp.Position+ld.Unit) end task.wait(0.0496)
cam.CFrame=CFrame.new(46.625,12.591,13.342,0.771625,-0.381332,0.509098,0.000000,0.800371,0.599506,-0.636078,-0.462593,0.617586) cam.FieldOfView=70.00 hum:Move(Vector3.new(-0.517,0,-0.856),true) hrp.AssemblyLinearVelocity=Vector3.new(-8.233,0.000,-13.698) hrp.CFrame=CFrame.new(40.124,3.698,5.393) local ld=cam.CFrame.LookVector*Vector3.new(1,0,1) if ld.Magnitude>0.01 then hrp.CFrame=CFrame.new(hrp.Position,hrp.Position+ld.Unit) end task.wait(0.0333)
cam.CFrame=CFrame.new(46.349,12.591,12.886,0.771625,-0.381332,0.509098,0.000000,0.800371,0.599506,-0.636078,-0.462593,0.617586) cam.FieldOfView=70.00 hum:Move(Vector3.new(-0.526,0,-0.850),true) hrp.AssemblyLinearVelocity=Vector3.new(-8.327,-3.270,-13.649) hrp.CFrame=CFrame.new(39.846,3.663,4.938) local ld=cam.CFrame.LookVector*Vector3.new(1,0,1) if ld.Magnitude>0.01 then hrp.CFrame=CFrame.new(hrp.Position,hrp.Position+ld.Unit) end task.wait(0.0335)
cam.CFrame=CFrame.new(46.070,12.469,12.431,0.771625,-0.381332,0.509098,0.000000,0.800371,0.599506,-0.636078,-0.462593,0.617586) cam.FieldOfView=70.00 hum:Move(Vector3.new(-0.533,0,-0.846),true) hrp.AssemblyLinearVelocity=Vector3.new(-8.328,-9.810,-13.653) hrp.CFrame=CFrame.new(39.567,3.432,4.483) local ld=cam.CFrame.LookVector*Vector3.new(1,0,1) if ld.Magnitude>0.01 then hrp.CFrame=CFrame.new(hrp.Position,hrp.Position+ld.Unit) end task.wait(0.0332)
cam.CFrame=CFrame.new(45.792,12.128,11.976,0.771625,-0.381332,0.509098,0.000000,0.800371,0.599506,-0.636078,-0.462593,0.617586) cam.FieldOfView=70.00 hum:Move(Vector3.new(-0.538,0,-0.843),true) hrp.AssemblyLinearVelocity=Vector3.new(-8.329,-16.350,-13.657) hrp.CFrame=CFrame.new(39.289,2.982,4.029) local ld=cam.CFrame.LookVector*Vector3.new(1,0,1) if ld.Magnitude>0.01 then hrp.CFrame=CFrame.new(hrp.Position,hrp.Position+ld.Unit) end task.wait(0.0334)
cam.CFrame=CFrame.new(45.474,11.477,11.467,0.771625,-0.381332,0.509098,0.000000,0.800371,0.599506,-0.636078,-0.462593,0.617586) cam.FieldOfView=70.00 hum:Move(Vector3.new(-0.539,0,-0.843),true) hrp.AssemblyLinearVelocity=Vector3.new(-8.613,-23.707,-13.483) hrp.CFrame=CFrame.new(38.967,2.206,3.523) local ld=cam.CFrame.LookVector*Vector3.new(1,0,1) if ld.Magnitude>0.01 then hrp.CFrame=CFrame.new(hrp.Position,hrp.Position+ld.Unit) end task.wait(0.0333)
cam.CFrame=CFrame.new(45.187,10.925,11.018,0.771625,-0.381332,0.509098,0.000000,0.800371,0.599506,-0.636078,-0.462593,0.617586) cam.FieldOfView=70.00 hum:Move(Vector3.new(-0.539,0,-0.843),true) hrp.AssemblyLinearVelocity=Vector3.new(-8.615,3.517,-13.483) hrp.CFrame=CFrame.new(38.679,2.080,3.073) local ld=cam.CFrame.LookVector*Vector3.new(1,0,1) if ld.Magnitude>0.01 then hrp.CFrame=CFrame.new(hrp.Position,hrp.Position+ld.Unit) end task.wait(0.0335)
cam.CFrame=CFrame.new(44.899,11.023,10.568,0.771625,-0.381332,0.509098,0.000000,0.800371,0.599506,-0.636078,-0.462593,0.617586) cam.FieldOfView=70.00 hum:Move(Vector3.new(-0.535,0,-0.845),true) hrp.AssemblyLinearVelocity=Vector3.new(-8.564,1.465,-13.515) hrp.CFrame=CFrame.new(38.393,2.160,2.623) local ld=cam.CFrame.LookVector*Vector3.new(1,0,1) if ld.Magnitude>0.01 then hrp.CFrame=CFrame.new(hrp.Position,hrp.Position+ld.Unit) end task.wait(0.0334)
cam.CFrame=CFrame.new(44.483,11.080,9.886,0.771625,-0.381332,0.509098,0.000000,0.800371,0.599506,-0.636078,-0.462593,0.617586) cam.FieldOfView=70.00 hum:Move(Vector3.new(-0.480,0,-0.877),true) hrp.AssemblyLinearVelocity=Vector3.new(-7.695,0.243,-14.028) hrp.CFrame=CFrame.new(37.990,2.191,1.932) local ld=cam.CFrame.LookVector*Vector3.new(1,0,1) if ld.Magnitude>0.01 then hrp.CFrame=CFrame.new(hrp.Position,hrp.Position+ld.Unit) end task.wait(0.0498)
cam.CFrame=CFrame.new(44.230,11.088,9.416,0.771625,-0.381332,0.509098,0.000000,0.800371,0.599506,-0.636078,-0.462593,0.617586) cam.FieldOfView=70.00 hum:Move(Vector3.new(-0.444,0,-0.896),true) hrp.AssemblyLinearVelocity=Vector3.new(-7.116,0.072,-14.330) hrp.CFrame=CFrame.new(37.748,2.196,1.457) local ld=cam.CFrame.LookVector*Vector3.new(1,0,1) if ld.Magnitude>0.01 then hrp.CFrame=CFrame.new(hrp.Position,hrp.Position+ld.Unit) end task.wait(0.0336)
cam.CFrame=CFrame.new(43.995,11.090,8.937,0.771625,-0.381332,0.509098,0.000000,0.800371,0.599506,-0.636078,-0.462593,0.617586) cam.FieldOfView=70.00 hum:Move(Vector3.new(-0.427,0,-0.904),true) hrp.AssemblyLinearVelocity=Vector3.new(-6.834,0.021,-14.467) hrp.CFrame=CFrame.new(37.517,2.197,0.976) local ld=cam.CFrame.LookVector*Vector3.new(1,0,1) if ld.Magnitude>0.01 then hrp.CFrame=CFrame.new(hrp.Position,hrp.Position+ld.Unit) end task.wait(0.0347)
cam.CFrame=CFrame.new(43.605,11.091,8.254,0.775714,-0.378339,0.505102,0.000000,0.800371,0.599506,-0.631085,-0.465045,0.620859) cam.FieldOfView=70.00 hum:Move(Vector3.new(-0.417,0,-0.909),true) hrp.AssemblyLinearVelocity=Vector3.new(-6.679,0.003,-14.539) hrp.CFrame=CFrame.new(37.180,2.197,0.251) local ld=cam.CFrame.LookVector*Vector3.new(1,0,1) if ld.Magnitude>0.01 then hrp.CFrame=CFrame.new(hrp.Position,hrp.Position+ld.Unit) end task.wait(0.0484)
cam.CFrame=CFrame.new(43.292,11.091,7.760,0.780794,-0.374564,0.500062,0.000000,0.800371,0.599506,-0.624788,-0.468090,0.624925) cam.FieldOfView=70.00 hum:Move(Vector3.new(-0.416,0,-0.909),true) hrp.AssemblyLinearVelocity=Vector3.new(-6.664,0.001,-14.546) hrp.CFrame=CFrame.new(36.930,2.197,-0.294) local ld=cam.CFrame.LookVector*Vector3.new(1,0,1) if ld.Magnitude>0.01 then hrp.CFrame=CFrame.new(hrp.Position,hrp.Position+ld.Unit) end task.wait(0.0333)
cam.CFrame=CFrame.new(42.962,11.091,7.031,0.780794,-0.374564,0.500062,0.000000,0.800371,0.599506,-0.624788,-0.468090,0.624925) cam.FieldOfView=70.00 hum:Move(Vector3.new(-0.409,0,-0.913),true) hrp.AssemblyLinearVelocity=Vector3.new(-6.545,0.000,-14.600) hrp.CFrame=CFrame.new(36.602,2.197,-1.024) local ld=cam.CFrame.LookVector*Vector3.new(1,0,1) if ld.Magnitude>0.01 then hrp.CFrame=CFrame.new(hrp.Position,hrp.Position+ld.Unit) end task.wait(0.0498)
cam.CFrame=CFrame.new(42.693,11.091,6.584,0.784849,-0.371506,0.495980,0.000000,0.800371,0.599506,-0.619688,-0.470521,0.628170) cam.FieldOfView=70.00 hum:Move(Vector3.new(-0.409,0,-0.913),true) hrp.AssemblyLinearVelocity=Vector3.new(-6.545,0.000,-14.600) hrp.CFrame=CFrame.new(36.384,2.197,-1.511) local ld=cam.CFrame.LookVector*Vector3.new(1,0,1) if ld.Magnitude>0.01 then hrp.CFrame=CFrame.new(hrp.Position,hrp.Position+ld.Unit) end task.wait(0.0336)
cam.CFrame=CFrame.new(42.425,11.091,6.137,0.788918,-0.368395,0.491827,0.000000,0.800371,0.599506,-0.614498,-0.472961,0.631427) cam.FieldOfView=70.00 hum:Move(Vector3.new(-0.394,0,-0.919),true) hrp.AssemblyLinearVelocity=Vector3.new(-6.303,0.000,-14.706) hrp.CFrame=CFrame.new(36.172,2.197,-2.001) local ld=cam.CFrame.LookVector*Vector3.new(1,0,1) if ld.Magnitude>0.01 then hrp.CFrame=CFrame.new(hrp.Position,hrp.Position+ld.Unit) end task.wait(0.0335)
cam.CFrame=CFrame.new(42.008,11.091,5.483,0.797302,-0.361850,0.483088,0.000000,0.800371,0.599506,-0.603580,-0.477987,0.638137) cam.FieldOfView=70.00 hum:Move(Vector3.new(-0.360,0,-0.933),true) hrp.AssemblyLinearVelocity=Vector3.new(-5.772,0.000,-14.923) hrp.CFrame=CFrame.new(35.873,2.197,-2.742) local ld=cam.CFrame.LookVector*Vector3.new(1,0,1) if ld.Magnitude>0.01 then hrp.CFrame=CFrame.new(hrp.Position,hrp.Position+ld.Unit) end task.wait(0.0496)
cam.CFrame=CFrame.new(41.703,11.091,5.071,0.805958,-0.354891,0.473798,0.000000,0.800371,0.599506,-0.591973,-0.483176,0.645065) cam.FieldOfView=70.00 hum:Move(Vector3.new(-0.334,0,-0.943),true) hrp.AssemblyLinearVelocity=Vector3.new(-5.349,0.000,-15.079) hrp.CFrame=CFrame.new(35.691,2.197,-3.244) local ld=cam.CFrame.LookVector*Vector3.new(1,0,1) if ld.Magnitude>0.01 then hrp.CFrame=CFrame.new(hrp.Position,hrp.Position+ld.Unit) end task.wait(0.0334)
cam.CFrame=CFrame.new(41.406,11.091,4.656,0.814859,-0.347509,0.463942,0.000000,0.800371,0.599506,-0.579659,-0.488512,0.652189) cam.FieldOfView=70.00 hum:Move(Vector3.new(-0.303,0,-0.953),true) hrp.AssemblyLinearVelocity=Vector3.new(-4.852,0.000,-15.246) hrp.CFrame=CFrame.new(35.525,2.197,-3.751) local ld=cam.CFrame.LookVector*Vector3.new(1,0,1) if ld.Magnitude>0.01 then hrp.CFrame=CFrame.new(hrp.Position,hrp.Position+ld.Unit) end task.wait(0.0334)
cam.CFrame=CFrame.new(41.625,11.191,3.768,0.782928,-0.377946,0.494147,0.000000,0.794304,0.607520,-0.622113,-0.475644,0.621883) cam.FieldOfView=70.00 hum:Move(Vector3.new(-0.268,0,-0.963),true) hrp.AssemblyLinearVelocity=Vector3.new(-4.298,0.000,-15.411) hrp.CFrame=CFrame.new(35.377,2.197,-4.263) local ld=cam.CFrame.LookVector*Vector3.new(1,0,1) if ld.Magnitude>0.01 then hrp.CFrame=CFrame.new(hrp.Position,hrp.Position+ld.Unit) end task.wait(0.0334)
cam.CFrame=CFrame.new(42.781,11.509,1.616,0.633637,-0.489657,0.598949,0.000000,0.774206,0.632934,-0.773630,-0.401051,0.490565) cam.FieldOfView=70.00 hum:Move(Vector3.new(-0.403,0,-0.915),true) hrp.AssemblyLinearVelocity=Vector3.new(-6.420,0.000,-14.654) hrp.CFrame=CFrame.new(35.189,2.197,-4.761) local ld=cam.CFrame.LookVector*Vector3.new(1,0,1) if ld.Magnitude>0.01 then hrp.CFrame=CFrame.new(hrp.Position,hrp.Position+ld.Unit) end task.wait(0.0335)
cam.CFrame=CFrame.new(43.188,11.695,-0.486,0.497912,-0.561823,0.660635,0.000000,0.761778,0.647838,-0.867228,-0.322566,0.379298) cam.FieldOfView=70.00 hum:Move(Vector3.new(-0.516,0,-0.856),true) hrp.AssemblyLinearVelocity=Vector3.new(-8.251,0.000,-13.707) hrp.CFrame=CFrame.new(34.792,2.197,-5.455) local ld=cam.CFrame.LookVector*Vector3.new(1,0,1) if ld.Magnitude>0.01 then hrp.CFrame=CFrame.new(hrp.Position,hrp.Position+ld.Unit) end task.wait(0.0495)
cam.CFrame=CFrame.new(43.182,11.760,-1.568,0.434908,-0.588001,0.681989,0.000000,0.757366,0.652990,-0.900475,-0.283991,0.329385) cam.FieldOfView=70.00 hum:Move(Vector3.new(-0.484,0,-0.875),true) hrp.AssemblyLinearVelocity=Vector3.new(-7.746,0.000,-14.000) hrp.CFrame=CFrame.new(34.527,2.197,-5.918) local ld=cam.CFrame.LookVector*Vector3.new(1,0,1) if ld.Magnitude>0.01 then hrp.CFrame=CFrame.new(hrp.Position,hrp.Position+ld.Unit) end task.wait(0.0337)
cam.CFrame=CFrame.new(43.098,11.808,-2.501,0.387947,-0.605372,0.694998,0.000000,0.754054,0.656812,-0.921682,-0.254808,0.292533) cam.FieldOfView=70.00 hum:Move(Vector3.new(-0.363,0,-0.932),true) hrp.AssemblyLinearVelocity=Vector3.new(-5.834,0.000,-14.897) hrp.CFrame=CFrame.new(34.312,2.197,-6.406) local ld=cam.CFrame.LookVector*Vector3.new(1,0,1) if ld.Magnitude>0.01 then hrp.CFrame=CFrame.new(hrp.Position,hrp.Position+ld.Unit) end task.wait(0.0335)
cam.CFrame=CFrame.new(43.032,11.816,-3.679,0.344568,-0.617185,0.707359,0.000000,0.753502,0.657446,-0.938761,-0.226535,0.259632) cam.FieldOfView=70.00 hum:Move(Vector3.new(-0.088,0,-0.996),true) hrp.AssemblyLinearVelocity=Vector3.new(-1.453,0.000,-15.930) hrp.CFrame=CFrame.new(34.165,2.197,-7.190) local ld=cam.CFrame.LookVector*Vector3.new(1,0,1) if ld.Magnitude>0.01 then hrp.CFrame=CFrame.new(hrp.Position,hrp.Position+ld.Unit) end task.wait(0.0498)
cam.CFrame=CFrame.new(43.179,11.823,-5.051,0.283879,-0.631005,0.721973,0.000000,0.752949,0.658078,-0.958860,-0.186814,0.213746) cam.FieldOfView=70.00 hum:Move(Vector3.new(0.041,0,-0.999),true) hrp.AssemblyLinearVelocity=Vector3.new(0.625,0.000,-15.984) hrp.CFrame=CFrame.new(34.165,2.197,-7.989) local ld=cam.CFrame.LookVector*Vector3.new(1,0,1) if ld.Magnitude>0.01 then hrp.CFrame=CFrame.new(hrp.Position,hrp.Position+ld.Unit) end task.wait(0.0500)
cam.CFrame=CFrame.new(43.382,11.842,-6.327,0.205146,-0.645504,0.735690,0.000000,0.751677,0.659531,-0.978731,-0.135300,0.154203) cam.FieldOfView=70.00 hum:Move(Vector3.new(0.163,0,-0.987),true) hrp.AssemblyLinearVelocity=Vector3.new(1.300,50.701,-15.943) hrp.CFrame=CFrame.new(34.208,3.063,-8.521) local ld=cam.CFrame.LookVector*Vector3.new(1,0,1) if ld.Magnitude>0.01 then hrp.CFrame=CFrame.new(hrp.Position,hrp.Position+ld.Unit) end task.wait(0.0342)
cam.CFrame=CFrame.new(43.652,14.304,-8.037,0.106573,-0.658088,0.745361,0.000000,0.749630,0.661857,-0.994305,-0.070536,0.079890) cam.FieldOfView=70.00 hum:Move(Vector3.new(0.348,0,-0.937),true) hrp.AssemblyLinearVelocity=Vector3.new(5.568,40.891,-15.000) hrp.CFrame=CFrame.new(34.427,5.332,-9.286) local ld=cam.CFrame.LookVector*Vector3.new(1,0,1) if ld.Magnitude>0.01 then hrp.CFrame=CFrame.new(hrp.Position,hrp.Position+ld.Unit) end task.wait(0.0495)
cam.CFrame=CFrame.new(43.892,15.653,-9.502,0.003556,-0.661853,0.749625,0.000000,0.749630,0.661857,-0.999994,-0.002354,0.002666) cam.FieldOfView=70.00 hum:Move(Vector3.new(0.341,0,-0.940),true) hrp.AssemblyLinearVelocity=Vector3.new(5.456,34.351,-15.041) hrp.CFrame=CFrame.new(34.613,6.573,-9.786) local ld=cam.CFrame.LookVector*Vector3.new(1,0,1) if ld.Magnitude>0.01 then hrp.CFrame=CFrame.new(hrp.Position,hrp.Position+ld.Unit) end task.wait(0.0335)
cam.CFrame=CFrame.new(43.876,17.014,-13.226,-0.304903,-0.610955,0.730595,0.000000,0.767122,0.641501,-0.952384,0.195595,-0.233898) cam.FieldOfView=70.00 hum:Move(Vector3.new(-0.111,0,-0.994),true) hrp.AssemblyLinearVelocity=Vector3.new(0.239,24.541,-15.844) hrp.CFrame=CFrame.new(34.762,8.025,-10.566) local ld=cam.CFrame.LookVector*Vector3.new(1,0,1) if ld.Magnitude>0.01 then hrp.CFrame=CFrame.new(hrp.Position,hrp.Position+ld.Unit) end task.wait(0.0497)
cam.CFrame=CFrame.new(43.554,17.789,-15.406,-0.438354,-0.551414,0.709780,0.000000,0.789696,0.613499,-0.898803,0.268930,-0.346166) cam.FieldOfView=70.00 hum:Move(Vector3.new(-0.647,0,-0.763),true) hrp.AssemblyLinearVelocity=Vector3.new(-6.589,14.731,-13.918) hrp.CFrame=CFrame.new(34.585,8.986,-11.317) local ld=cam.CFrame.LookVector*Vector3.new(1,0,1) if ld.Magnitude>0.01 then hrp.CFrame=CFrame.new(hrp.Position,hrp.Position+ld.Unit) end task.wait(0.0493)
cam.CFrame=CFrame.new(42.817,18.139,-16.961,-0.544244,-0.506169,0.669023,0.000000,0.797474,0.603353,-0.838927,0.328371,-0.434021) cam.FieldOfView=70.00 hum:Move(Vector3.new(-0.872,0,-0.490),true) hrp.AssemblyLinearVelocity=Vector3.new(-10.363,8.191,-11.027) hrp.CFrame=CFrame.new(34.292,9.354,-11.729) local ld=cam.CFrame.LookVector*Vector3.new(1,0,1) if ld.Magnitude>0.01 then hrp.CFrame=CFrame.new(hrp.Position,hrp.Position+ld.Unit) end task.wait(0.0337)
cam.CFrame=CFrame.new(42.054,18.377,-17.933,-0.604804,-0.479122,0.636124,0.000000,0.798775,0.601629,-0.796375,0.363868,-0.483102) cam.FieldOfView=70.00 hum:Move(Vector3.new(-0.971,0,-0.237),true) hrp.AssemblyLinearVelocity=Vector3.new(-13.233,1.651,-7.230) hrp.CFrame=CFrame.new(33.889,9.505,-12.026) local ld=cam.CFrame.LookVector*Vector3.new(1,0,1) if ld.Magnitude>0.01 then hrp.CFrame=CFrame.new(hrp.Position,hrp.Position+ld.Unit) end task.wait(0.0338)
cam.CFrame=CFrame.new(41.377,18.419,-18.455,-0.634003,-0.465258,0.617718,0.000000,0.798775,0.601629,-0.773331,0.381435,-0.506426) cam.FieldOfView=70.00 hum:Move(Vector3.new(-0.988,0,-0.155),true) hrp.AssemblyLinearVelocity=Vector3.new(-15.514,-4.889,-3.046) hrp.CFrame=CFrame.new(33.404,9.437,-12.189) local ld=cam.CFrame.LookVector*Vector3.new(1,0,1) if ld.Magnitude>0.01 then hrp.CFrame=CFrame.new(hrp.Position,hrp.Position+ld.Unit) end task.wait(0.0333)
cam.CFrame=CFrame.new(40.607,18.242,-18.856,-0.663856,-0.449935,0.597373,0.000000,0.798775,0.601629,-0.747861,0.399395,-0.530272) cam.FieldOfView=70.00 hum:Move(Vector3.new(-0.992,0,-0.125),true) hrp.AssemblyLinearVelocity=Vector3.new(-15.875,-11.429,-1.998) hrp.CFrame=CFrame.new(32.875,9.152,-12.261) local ld=cam.CFrame.LookVector*Vector3.new(1,0,1) if ld.Magnitude>0.01 then hrp.CFrame=CFrame.new(hrp.Position,hrp.Position+ld.Unit) end task.wait(0.0336)
cam.CFrame=CFrame.new(39.335,17.595,-19.506,-0.721460,-0.418069,0.552008,0.000000,0.797175,0.603749,-0.692456,0.435581,-0.575130) cam.FieldOfView=70.00 hum:Move(Vector3.zero,true) hrp.AssemblyLinearVelocity=Vector3.new(-8.781,-21.239,-1.105) hrp.CFrame=CFrame.new(32.274,8.314,-12.337) local ld=cam.CFrame.LookVector*Vector3.new(1,0,1) if ld.Magnitude>0.01 then hrp.CFrame=CFrame.new(hrp.Position,hrp.Position+ld.Unit) end task.wait(0.0494)
cam.CFrame=CFrame.new(38.863,16.873,-19.718,-0.739167,-0.406638,0.536915,0.000000,0.797175,0.603749,-0.673522,0.446271,-0.589245) cam.FieldOfView=70.00 hum:Move(Vector3.zero,true) hrp.AssemblyLinearVelocity=Vector3.new(-4.051,-27.779,-0.510) hrp.CFrame=CFrame.new(32.070,7.484,-12.363) local ld=cam.CFrame.LookVector*Vector3.new(1,0,1) if ld.Magnitude>0.01 then hrp.CFrame=CFrame.new(hrp.Position,hrp.Position+ld.Unit) end task.wait(0.0338)
cam.CFrame=CFrame.new(38.352,15.435,-20.010,-0.769913,-0.387973,0.506667,0.000000,0.793963,0.607966,-0.638149,0.468080,-0.611283) cam.FieldOfView=70.00 hum:Move(Vector3.zero,true) hrp.AssemblyLinearVelocity=Vector3.new(-0.001,-37.589,-0.000) hrp.CFrame=CFrame.new(32.019,5.829,-12.369) local ld=cam.CFrame.LookVector*Vector3.new(1,0,1) if ld.Magnitude>0.01 then hrp.CFrame=CFrame.new(hrp.Position,hrp.Position+ld.Unit) end task.wait(0.0494)
cam.CFrame=CFrame.new(38.161,14.168,-20.165,-0.785469,-0.376271,0.491385,0.000000,0.793963,0.607966,-0.618902,0.477538,-0.623633) cam.FieldOfView=70.00 hum:Move(Vector3.zero,true) hrp.AssemblyLinearVelocity=Vector3.new(-0.000,-44.129,-0.000) hrp.CFrame=CFrame.new(32.019,4.454,-12.369) local ld=cam.CFrame.LookVector*Vector3.new(1,0,1) if ld.Magnitude>0.01 then hrp.CFrame=CFrame.new(hrp.Position,hrp.Position+ld.Unit) end task.wait(0.0333)
cam.CFrame=CFrame.new(38.099,12.684,-20.213,-0.790401,-0.372433,0.486374,0.000000,0.793963,0.607966,-0.612590,0.480537,-0.627550) cam.FieldOfView=70.00 hum:Move(Vector3.zero,true) hrp.AssemblyLinearVelocity=Vector3.new(0.000,-0.084,0.000) hrp.CFrame=CFrame.new(32.019,3.507,-12.369) local ld=cam.CFrame.LookVector*Vector3.new(1,0,1) if ld.Magnitude>0.01 then hrp.CFrame=CFrame.new(hrp.Position,hrp.Position+ld.Unit) end task.wait(0.0337)
cam.CFrame=CFrame.new(38.073,12.634,-20.233,-0.792402,-0.370859,0.484317,0.000000,0.793963,0.607966,-0.610000,0.481753,-0.629138) cam.FieldOfView=70.00 hum:Move(Vector3.new(-0.610,0,0.792),true) hrp.AssemblyLinearVelocity=Vector3.new(-2.038,1.469,2.638) hrp.CFrame=CFrame.new(31.988,3.664,-12.329) local ld=cam.CFrame.LookVector*Vector3.new(1,0,1) if ld.Magnitude>0.01 then hrp.CFrame=CFrame.new(hrp.Position,hrp.Position+ld.Unit) end task.wait(0.0505)
cam.CFrame=CFrame.new(37.856,12.687,-19.921,-0.792402,-0.370859,0.484317,0.000000,0.793963,0.607966,-0.610000,0.481753,-0.629138) cam.FieldOfView=70.00 hum:Move(Vector3.new(-0.554,0,0.832),true) hrp.AssemblyLinearVelocity=Vector3.new(-8.843,0.230,13.228) hrp.CFrame=CFrame.new(31.656,3.692,-11.838) local ld=cam.CFrame.LookVector*Vector3.new(1,0,1) if ld.Magnitude>0.01 then hrp.CFrame=CFrame.new(hrp.Position,hrp.Position+ld.Unit) end task.wait(0.0490)
cam.CFrame=CFrame.new(37.563,12.694,-19.480,-0.792402,-0.370859,0.484317,0.000000,0.793963,0.607966,-0.610000,0.481753,-0.629138) cam.FieldOfView=70.00 hum:Move(Vector3.new(-0.541,0,0.841),true) hrp.AssemblyLinearVelocity=Vector3.new(-8.663,0.066,13.422) hrp.CFrame=CFrame.new(31.365,3.696,-11.391) local ld=cam.CFrame.LookVector*Vector3.new(1,0,1) if ld.Magnitude>0.01 then hrp.CFrame=CFrame.new(hrp.Position,hrp.Position+ld.Unit) end task.wait(0.0335)
cam.CFrame=CFrame.new(37.277,12.696,-19.030,-0.792402,-0.370859,0.484317,0.000000,0.793963,0.607966,-0.610000,0.481753,-0.629138) cam.FieldOfView=70.00 hum:Move(Vector3.new(-0.529,0,0.849),true) hrp.AssemblyLinearVelocity=Vector3.new(-8.478,0.019,13.551) hrp.CFrame=CFrame.new(31.082,3.697,-10.939) local ld=cam.CFrame.LookVector*Vector3.new(1,0,1) if ld.Magnitude>0.01 then hrp.CFrame=CFrame.new(hrp.Position,hrp.Position+ld.Unit) end task.wait(0.0332)
cam.CFrame=CFrame.new(36.994,12.697,-18.577,-0.792402,-0.370859,0.484317,0.000000,0.793963,0.607966,-0.610000,0.481753,-0.629138) cam.FieldOfView=70.00 hum:Move(Vector3.new(-0.529,0,0.849),true) hrp.AssemblyLinearVelocity=Vector3.new(-8.473,0.005,13.562) hrp.CFrame=CFrame.new(30.799,3.697,-10.487) local ld=cam.CFrame.LookVector*Vector3.new(1,0,1) if ld.Magnitude>0.01 then hrp.CFrame=CFrame.new(hrp.Position,hrp.Position+ld.Unit) end task.wait(0.0332)
cam.CFrame=CFrame.new(36.712,12.697,-18.125,-0.792402,-0.370859,0.484317,0.000000,0.793963,0.607966,-0.610000,0.481753,-0.629138) cam.FieldOfView=70.00 hum:Move(Vector3.new(-0.532,0,0.847),true) hrp.AssemblyLinearVelocity=Vector3.new(-8.520,0.002,13.537) hrp.CFrame=CFrame.new(30.516,3.697,-10.035) local ld=cam.CFrame.LookVector*Vector3.new(1,0,1) if ld.Magnitude>0.01 then hrp.CFrame=CFrame.new(hrp.Position,hrp.Position+ld.Unit) end task.wait(0.0340)
cam.CFrame=CFrame.new(36.286,12.697,-17.448,-0.792402,-0.370859,0.484317,0.000000,0.793963,0.607966,-0.610000,0.481753,-0.629138) cam.FieldOfView=70.00 hum:Move(Vector3.new(-0.535,0,0.845),true) hrp.AssemblyLinearVelocity=Vector3.new(-8.572,0.000,13.508) hrp.CFrame=CFrame.new(30.089,3.698,-9.359) local ld=cam.CFrame.LookVector*Vector3.new(1,0,1) if ld.Magnitude>0.01 then hrp.CFrame=CFrame.new(hrp.Position,hrp.Position+ld.Unit) end task.wait(0.0490)
cam.CFrame=CFrame.new(35.994,12.729,-16.972,-0.791736,-0.372948,0.483802,0.000000,0.791997,0.610525,-0.610864,0.483375,-0.627052) cam.FieldOfView=70.00 hum:Move(Vector3.new(-0.537,0,0.844),true) hrp.AssemblyLinearVelocity=Vector3.new(-8.592,0.000,13.496) hrp.CFrame=CFrame.new(29.803,3.698,-8.909) local ld=cam.CFrame.LookVector*Vector3.new(1,0,1) if ld.Magnitude>0.01 then hrp.CFrame=CFrame.new(hrp.Position,hrp.Position+ld.Unit) end task.wait(0.0335)
cam.CFrame=CFrame.new(35.657,12.835,-16.456,-0.791736,-0.378148,0.479748,0.000000,0.785361,0.619039,-0.610864,0.490115,-0.621798) cam.FieldOfView=70.00 hum:Move(Vector3.new(-0.537,0,0.844),true) hrp.AssemblyLinearVelocity=Vector3.new(-8.593,-3.270,13.496) hrp.CFrame=CFrame.new(29.517,3.663,-8.459) local ld=cam.CFrame.LookVector*Vector3.new(1,0,1) if ld.Magnitude>0.01 then hrp.CFrame=CFrame.new(hrp.Position,hrp.Position+ld.Unit) end task.wait(0.0333)
cam.CFrame=CFrame.new(35.321,12.815,-15.942,-0.791736,-0.383143,0.475769,0.000000,0.778846,0.627216,-0.610864,0.496589,-0.616640) cam.FieldOfView=70.00 hum:Move(Vector3.new(-0.537,0,0.844),true) hrp.AssemblyLinearVelocity=Vector3.new(-8.593,-9.810,13.496) hrp.CFrame=CFrame.new(29.230,3.432,-8.009) local ld=cam.CFrame.LookVector*Vector3.new(1,0,1) if ld.Magnitude>0.01 then hrp.CFrame=CFrame.new(hrp.Position,hrp.Position+ld.Unit) end task.wait(0.0332)
cam.CFrame=CFrame.new(35.017,12.511,-15.468,-0.791736,-0.384908,0.474342,0.000000,0.776511,0.630104,-0.610864,0.498876,-0.614792) cam.FieldOfView=70.00 hum:Move(Vector3.new(-0.537,0,0.844),true) hrp.AssemblyLinearVelocity=Vector3.new(-8.593,-16.350,13.496) hrp.CFrame=CFrame.new(28.944,2.982,-7.559) local ld=cam.CFrame.LookVector*Vector3.new(1,0,1) if ld.Magnitude>0.01 then hrp.CFrame=CFrame.new(hrp.Position,hrp.Position+ld.Unit) end task.wait(0.0334)
cam.CFrame=CFrame.new(34.719,11.975,-15.004,-0.791736,-0.386012,0.473444,0.000000,0.775040,0.631912,-0.610864,0.500308,-0.613627) cam.FieldOfView=70.00 hum:Move(Vector3.new(-0.529,0,0.849),true) hrp.AssemblyLinearVelocity=Vector3.new(-8.470,-22.890,13.574) hrp.CFrame=CFrame.new(28.660,2.315,-7.107) local ld=cam.CFrame.LookVector*Vector3.new(1,0,1) if ld.Magnitude>0.01 then hrp.CFrame=CFrame.new(hrp.Position,hrp.Position+ld.Unit) end task.wait(0.0334)
cam.CFrame=CFrame.new(34.438,11.426,-14.550,-0.791736,-0.386012,0.473444,0.000000,0.775040,0.631912,-0.610864,0.500308,-0.613627) cam.FieldOfView=70.00 hum:Move(Vector3.new(-0.516,0,0.857),true) hrp.AssemblyLinearVelocity=Vector3.new(-8.259,1.475,13.704) hrp.CFrame=CFrame.new(28.382,2.138,-6.652) local ld=cam.CFrame.LookVector*Vector3.new(1,0,1) if ld.Magnitude>0.01 then hrp.CFrame=CFrame.new(hrp.Position,hrp.Position+ld.Unit) end task.wait(0.0332)
cam.CFrame=CFrame.new(34.164,11.461,-14.093,-0.791736,-0.386012,0.473444,0.000000,0.775040,0.631912,-0.610864,0.500308,-0.613627) cam.FieldOfView=70.00 hum:Move(Vector3.new(-0.507,0,0.862),true) hrp.AssemblyLinearVelocity=Vector3.new(-8.111,0.763,13.792) hrp.CFrame=CFrame.new(28.111,2.178,-6.193) local ld=cam.CFrame.LookVector*Vector3.new(1,0,1) if ld.Magnitude>0.01 then hrp.CFrame=CFrame.new(hrp.Position,hrp.Position+ld.Unit) end task.wait(0.0333)
cam.CFrame=CFrame.new(33.894,11.485,-13.633,-0.791736,-0.386012,0.473444,0.000000,0.775040,0.631912,-0.610864,0.500308,-0.613627) cam.FieldOfView=70.00 hum:Move(Vector3.new(-0.498,0,0.867),true) hrp.AssemblyLinearVelocity=Vector3.new(-7.978,0.234,13.869) hrp.CFrame=CFrame.new(27.843,2.192,-5.731) local ld=cam.CFrame.LookVector*Vector3.new(1,0,1) if ld.Magnitude>0.01 then hrp.CFrame=CFrame.new(hrp.Position,hrp.Position+ld.Unit) end task.wait(0.0335)
cam.CFrame=CFrame.new(33.630,11.493,-13.170,-0.791736,-0.386012,0.473444,0.000000,0.775040,0.631912,-0.610864,0.500308,-0.613627) cam.FieldOfView=70.00 hum:Move(Vector3.new(-0.485,0,0.875),true) hrp.AssemblyLinearVelocity=Vector3.new(-7.756,0.070,13.994) hrp.CFrame=CFrame.new(27.583,2.196,-5.266) local ld=cam.CFrame.LookVector*Vector3.new(1,0,1) if ld.Magnitude>0.01 then hrp.CFrame=CFrame.new(hrp.Position,hrp.Position+ld.Unit) end task.wait(0.0332)
cam.CFrame=CFrame.new(33.340,11.496,-12.645,-0.791736,-0.386012,0.473444,0.000000,0.775040,0.631912,-0.610864,0.500308,-0.613627) cam.FieldOfView=70.00 hum:Move(Vector3.new(-0.481,0,0.877),true) hrp.AssemblyLinearVelocity=Vector3.new(-7.699,0.020,14.026) hrp.CFrame=CFrame.new(27.293,2.197,-4.741) local ld=cam.CFrame.LookVector*Vector3.new(1,0,1) if ld.Magnitude>0.01 then hrp.CFrame=CFrame.new(hrp.Position,hrp.Position+ld.Unit) end task.wait(0.0333)
cam.CFrame=CFrame.new(33.083,11.496,-12.177,-0.791736,-0.386012,0.473444,0.000000,0.775040,0.631912,-0.610864,0.500308,-0.613627) cam.FieldOfView=70.00 hum:Move(Vector3.new(-0.479,0,0.878),true) hrp.AssemblyLinearVelocity=Vector3.new(-7.664,0.006,14.045) hrp.CFrame=CFrame.new(27.038,2.197,-4.272) local ld=cam.CFrame.LookVector*Vector3.new(1,0,1) if ld.Magnitude>0.01 then hrp.CFrame=CFrame.new(hrp.Position,hrp.Position+ld.Unit) end task.wait(0.0333)
cam.CFrame=CFrame.new(32.828,11.496,-11.709,-0.791736,-0.386012,0.473444,0.000000,0.775040,0.631912,-0.610864,0.500308,-0.613627) cam.FieldOfView=70.00 hum:Move(Vector3.new(-0.479,0,0.878),true) hrp.AssemblyLinearVelocity=Vector3.new(-7.664,0.002,14.045) hrp.CFrame=CFrame.new(26.782,2.197,-3.804) local ld=cam.CFrame.LookVector*Vector3.new(1,0,1) if ld.Magnitude>0.01 then hrp.CFrame=CFrame.new(hrp.Position,hrp.Position+ld.Unit) end task.wait(0.0332)
cam.CFrame=CFrame.new(32.573,11.496,-11.241,-0.791736,-0.386012,0.473444,0.000000,0.775040,0.631912,-0.610864,0.500308,-0.613627) cam.FieldOfView=70.00 hum:Move(Vector3.new(-0.479,0,0.878),true) hrp.AssemblyLinearVelocity=Vector3.new(-7.664,0.000,14.045) hrp.CFrame=CFrame.new(26.527,2.197,-3.336) local ld=cam.CFrame.LookVector*Vector3.new(1,0,1) if ld.Magnitude>0.01 then hrp.CFrame=CFrame.new(hrp.Position,hrp.Position+ld.Unit) end task.wait(0.0344)
cam.CFrame=CFrame.new(32.189,11.496,-10.538,-0.791736,-0.386012,0.473444,0.000000,0.775040,0.631912,-0.610864,0.500308,-0.613627) cam.FieldOfView=70.00 hum:Move(Vector3.new(-0.484,0,0.875),true) hrp.AssemblyLinearVelocity=Vector3.new(-7.746,0.000,14.000) hrp.CFrame=CFrame.new(26.142,2.197,-2.635) local ld=cam.CFrame.LookVector*Vector3.new(1,0,1) if ld.Magnitude>0.01 then hrp.CFrame=CFrame.new(hrp.Position,hrp.Position+ld.Unit) end task.wait(0.0493)
cam.CFrame=CFrame.new(31.929,11.496,-10.073,-0.791736,-0.386012,0.473444,0.000000,0.775040,0.631912,-0.610864,0.500308,-0.613627) cam.FieldOfView=70.00 hum:Move(Vector3.new(-0.509,0,0.861),true) hrp.AssemblyLinearVelocity=Vector3.new(-8.135,0.000,13.777) hrp.CFrame=CFrame.new(25.876,2.197,-2.173) local ld=cam.CFrame.LookVector*Vector3.new(1,0,1) if ld.Magnitude>0.01 then hrp.CFrame=CFrame.new(hrp.Position,hrp.Position+ld.Unit) end task.wait(0.0342)
cam.CFrame=CFrame.new(31.656,11.496,-9.614,-0.791736,-0.386012,0.473444,0.000000,0.775040,0.631912,-0.610864,0.500308,-0.613627) cam.FieldOfView=70.00 hum:Move(Vector3.new(-0.527,0,0.850),true) hrp.AssemblyLinearVelocity=Vector3.new(-8.431,0.000,13.599) hrp.CFrame=CFrame.new(25.598,2.197,-1.717) local ld=cam.CFrame.LookVector*Vector3.new(1,0,1) if ld.Magnitude>0.01 then hrp.CFrame=CFrame.new(hrp.Position,hrp.Position+ld.Unit) end task.wait(0.0350)
cam.CFrame=CFrame.new(31.231,11.496,-8.937,-0.791736,-0.386012,0.473444,0.000000,0.775040,0.631912,-0.610864,0.500308,-0.613627) cam.FieldOfView=70.00 hum:Move(Vector3.new(-0.545,0,0.838),true) hrp.AssemblyLinearVelocity=Vector3.new(-8.720,0.000,13.415) hrp.CFrame=CFrame.new(25.167,2.197,-1.043) local ld=cam.CFrame.LookVector*Vector3.new(1,0,1) if ld.Magnitude>0.01 then hrp.CFrame=CFrame.new(hrp.Position,hrp.Position+ld.Unit) end task.wait(0.0477)
cam.CFrame=CFrame.new(30.938,11.496,-8.491,-0.791736,-0.386012,0.473444,0.000000,0.775040,0.631912,-0.610864,0.500308,-0.613627) cam.FieldOfView=70.00 hum:Move(Vector3.new(-0.560,0,0.829),true) hrp.AssemblyLinearVelocity=Vector3.new(-8.953,0.000,13.260) hrp.CFrame=CFrame.new(24.871,2.197,-0.600) local ld=cam.CFrame.LookVector*Vector3.new(1,0,1) if ld.Magnitude>0.01 then hrp.CFrame=CFrame.new(hrp.Position,hrp.Position+ld.Unit) end task.wait(0.0338)
cam.CFrame=CFrame.new(30.638,11.496,-8.050,-0.791736,-0.386012,0.473444,0.000000,0.775040,0.631912,-0.610864,0.500308,-0.613627) cam.FieldOfView=70.00 hum:Move(Vector3.new(-0.572,0,0.820),true) hrp.AssemblyLinearVelocity=Vector3.new(-9.145,0.000,13.129) hrp.CFrame=CFrame.new(24.568,2.197,-0.161) local ld=cam.CFrame.LookVector*Vector3.new(1,0,1) if ld.Magnitude>0.01 then hrp.CFrame=CFrame.new(hrp.Position,hrp.Position+ld.Unit) end task.wait(0.0335)
cam.CFrame=CFrame.new(30.180,11.496,-7.395,-0.791736,-0.386012,0.473444,0.000000,0.775040,0.631912,-0.610864,0.500308,-0.613627) cam.FieldOfView=70.00 hum:Move(Vector3.new(-0.578,0,0.816),true) hrp.AssemblyLinearVelocity=Vector3.new(-9.238,0.000,13.064) hrp.CFrame=CFrame.new(24.108,2.197,0.493) local ld=cam.CFrame.LookVector*Vector3.new(1,0,1) if ld.Magnitude>0.01 then hrp.CFrame=CFrame.new(hrp.Position,hrp.Position+ld.Unit) end task.wait(0.0499)
cam.CFrame=CFrame.new(29.718,11.496,-6.742,-0.791736,-0.386012,0.473444,0.000000,0.775040,0.631912,-0.610864,0.500308,-0.613627) cam.FieldOfView=70.00 hum:Move(Vector3.new(-0.578,0,0.816),true) hrp.AssemblyLinearVelocity=Vector3.new(-9.240,0.000,13.062) hrp.CFrame=CFrame.new(23.646,2.197,1.147) local ld=cam.CFrame.LookVector*Vector3.new(1,0,1) if ld.Magnitude>0.01 then hrp.CFrame=CFrame.new(hrp.Position,hrp.Position+ld.Unit) end task.wait(0.0501)
cam.CFrame=CFrame.new(29.410,11.496,-6.306,-0.791736,-0.386012,0.473444,0.000000,0.775040,0.631912,-0.610864,0.500308,-0.613627) cam.FieldOfView=70.00 hum:Move(Vector3.new(-0.576,0,0.817),true) hrp.AssemblyLinearVelocity=Vector3.new(-9.240,50.701,13.062) hrp.CFrame=CFrame.new(23.338,3.063,1.582) local ld=cam.CFrame.LookVector*Vector3.new(1,0,1) if ld.Magnitude>0.01 then hrp.CFrame=CFrame.new(hrp.Position,hrp.Position+ld.Unit) end task.wait(0.0346)
cam.CFrame=CFrame.new(28.948,13.929,-5.653,-0.791736,-0.386012,0.473444,0.000000,0.775040,0.631912,-0.610864,0.500308,-0.613627) cam.FieldOfView=70.00 hum:Move(Vector3.new(-0.577,0,0.817),true) hrp.AssemblyLinearVelocity=Vector3.new(-9.228,40.891,13.071) hrp.CFrame=CFrame.new(22.876,5.332,2.235) local ld=cam.CFrame.LookVector*Vector3.new(1,0,1) if ld.Magnitude>0.01 then hrp.CFrame=CFrame.new(hrp.Position,hrp.Position+ld.Unit) end task.wait(0.0484)
cam.CFrame=CFrame.new(28.640,15.279,-5.217,-0.791736,-0.386012,0.473444,0.000000,0.775040,0.631912,-0.610864,0.500308,-0.613627) cam.FieldOfView=70.00 hum:Move(Vector3.new(-0.577,0,0.817),true) hrp.AssemblyLinearVelocity=Vector3.new(-9.237,34.351,13.065) hrp.CFrame=CFrame.new(22.568,6.573,2.671) local ld=cam.CFrame.LookVector*Vector3.new(1,0,1) if ld.Magnitude>0.01 then hrp.CFrame=CFrame.new(hrp.Position,hrp.Position+ld.Unit) end task.wait(0.0334)
cam.CFrame=CFrame.new(28.332,16.410,-4.782,-0.791736,-0.386012,0.473444,0.000000,0.775040,0.631912,-0.610864,0.500308,-0.613627) cam.FieldOfView=70.00 hum:Move(Vector3.new(-0.579,0,0.815),true) hrp.AssemblyLinearVelocity=Vector3.new(-9.261,27.811,13.047) hrp.CFrame=CFrame.new(22.260,7.595,3.106) local ld=cam.CFrame.LookVector*Vector3.new(1,0,1) if ld.Magnitude>0.01 then hrp.CFrame=CFrame.new(hrp.Position,hrp.Position+ld.Unit) end task.wait(0.0335)
cam.CFrame=CFrame.new(28.024,17.324,-4.347,-0.791736,-0.386012,0.473444,0.000000,0.775040,0.631912,-0.610864,0.500308,-0.613627) cam.FieldOfView=70.00 hum:Move(Vector3.new(-0.579,0,0.816),true) hrp.AssemblyLinearVelocity=Vector3.new(-9.257,21.271,13.050) hrp.CFrame=CFrame.new(21.951,8.400,3.541) local ld=cam.CFrame.LookVector*Vector3.new(1,0,1) if ld.Magnitude>0.01 then hrp.CFrame=CFrame.new(hrp.Position,hrp.Position+ld.Unit) end task.wait(0.0335)
cam.CFrame=CFrame.new(27.561,18.285,-3.694,-0.791736,-0.386012,0.473444,0.000000,0.775040,0.631912,-0.610864,0.500308,-0.613627) cam.FieldOfView=70.00 hum:Move(Vector3.new(-0.578,0,0.816),true) hrp.AssemblyLinearVelocity=Vector3.new(-9.254,11.461,13.052) hrp.CFrame=CFrame.new(21.489,9.197,4.194) local ld=cam.CFrame.LookVector*Vector3.new(1,0,1) if ld.Magnitude>0.01 then hrp.CFrame=CFrame.new(hrp.Position,hrp.Position+ld.Unit) end task.wait(0.0501)
cam.CFrame=CFrame.new(27.252,18.653,-3.259,-0.791736,-0.386012,0.473444,0.000000,0.775040,0.631912,-0.610864,0.500308,-0.613627) cam.FieldOfView=70.00 hum:Move(Vector3.new(-0.575,0,0.818),true) hrp.AssemblyLinearVelocity=Vector3.new(-9.204,4.921,13.088) hrp.CFrame=CFrame.new(21.181,9.457,4.629) local ld=cam.CFrame.LookVector*Vector3.new(1,0,1) if ld.Magnitude>0.01 then hrp.CFrame=CFrame.new(hrp.Position,hrp.Position+ld.Unit) end task.wait(0.0335)
cam.CFrame=CFrame.new(26.798,18.797,-2.601,-0.791736,-0.386012,0.473444,0.000000,0.775040,0.631912,-0.610864,0.500308,-0.613627) cam.FieldOfView=70.00 hum:Move(Vector3.new(-0.544,0,0.839),true) hrp.AssemblyLinearVelocity=Vector3.new(-8.711,-4.889,13.421) hrp.CFrame=CFrame.new(20.735,9.437,5.293) local ld=cam.CFrame.LookVector*Vector3.new(1,0,1) if ld.Magnitude>0.01 then hrp.CFrame=CFrame.new(hrp.Position,hrp.Position+ld.Unit) end task.wait(0.0497)
cam.CFrame=CFrame.new(26.510,18.621,-2.152,-0.791736,-0.386012,0.473444,0.000000,0.775040,0.631912,-0.610864,0.500308,-0.613627) cam.FieldOfView=70.00 hum:Move(Vector3.zero,true) hrp.AssemblyLinearVelocity=Vector3.new(-7.237,-11.429,11.534) hrp.CFrame=CFrame.new(20.464,9.152,5.724) local ld=cam.CFrame.LookVector*Vector3.new(1,0,1) if ld.Magnitude>0.01 then hrp.CFrame=CFrame.new(hrp.Position,hrp.Position+ld.Unit) end task.wait(0.0335)
cam.CFrame=CFrame.new(26.274,18.226,-1.776,-0.791736,-0.386012,0.473444,0.000000,0.775040,0.631912,-0.610864,0.500308,-0.613627) cam.FieldOfView=70.00 hum:Move(Vector3.zero,true) hrp.AssemblyLinearVelocity=Vector3.new(-4.704,-17.969,7.497) hrp.CFrame=CFrame.new(20.270,8.648,6.032) local ld=cam.CFrame.LookVector*Vector3.new(1,0,1) if ld.Magnitude>0.01 then hrp.CFrame=CFrame.new(hrp.Position,hrp.Position+ld.Unit) end task.wait(0.0332)
cam.CFrame=CFrame.new(26.079,17.225,-1.464,-0.791736,-0.386012,0.473444,0.000000,0.775040,0.631912,-0.610864,0.500308,-0.613627) cam.FieldOfView=70.00 hum:Move(Vector3.zero,true) hrp.AssemblyLinearVelocity=Vector3.new(-0.904,-27.779,1.440) hrp.CFrame=CFrame.new(20.138,7.484,6.243) local ld=cam.CFrame.LookVector*Vector3.new(1,0,1) if ld.Magnitude>0.01 then hrp.CFrame=CFrame.new(hrp.Position,hrp.Position+ld.Unit) end task.wait(0.0498)
cam.CFrame=CFrame.new(26.052,16.286,-1.421,-0.791736,-0.386012,0.473444,0.000000,0.775040,0.631912,-0.610864,0.500308,-0.613627) cam.FieldOfView=70.00 hum:Move(Vector3.zero,true) hrp.AssemblyLinearVelocity=Vector3.new(-0.001,-34.319,0.001) hrp.CFrame=CFrame.new(20.134,6.435,6.250) local ld=cam.CFrame.LookVector*Vector3.new(1,0,1) if ld.Magnitude>0.01 then hrp.CFrame=CFrame.new(hrp.Position,hrp.Position+ld.Unit) end task.wait(0.0335)
