-- V23 Full Path (295 acts) - 20260126_203400
local gs = game.GetService; local workspace = gs(game, 'Workspace'); local cam = workspace.CurrentCamera; local Players = gs(game, 'Players'); local plr = Players.LocalPlayer; task.wait(2); local char = plr.Character; if not char then return end; local hum = char:WaitForChild('Humanoid',5); local hrp = char:WaitForChild('HumanoidRootPart',5); if not(hum and hrp) then return end; hum.AutoRotate = false; cam.CameraType = Enum.CameraType.Scriptable; task.wait(1.5);

cam.CFrame = CFrame.new(112.762,255.228,117.443,-0.997888,-0.024577,0.060123,0.000000,0.925651,0.378379,-0.064953,0.377580,-0.923696); cam.FieldOfView = 70.00; hum:Move(Vector3.zero, true); hrp.AssemblyLinearVelocity = Vector3.new(-0.000,0.001,-0.000); hrp.CFrame = CFrame.new(112.011,248.998,128.989); local lookDir = cam.CFrame.LookVector * Vector3.new(1,0,1); if lookDir.Magnitude > 0.01 then hrp.CFrame = CFrame.new(hrp.Position, hrp.Position + lookDir.Unit); end; task.wait(0.0000);
cam.CFrame = CFrame.new(111.742,255.289,117.447,-0.999728,0.008932,-0.021526,0.000000,0.923638,0.383267,0.023306,0.383163,-0.923387); cam.FieldOfView = 70.00; hum:Move(Vector3.zero, true); hrp.AssemblyLinearVelocity = Vector3.new(0.000,0.001,0.000); hrp.CFrame = CFrame.new(112.011,248.998,128.989); local lookDir = cam.CFrame.LookVector * Vector3.new(1,0,1); if lookDir.Magnitude > 0.01 then hrp.CFrame = CFrame.new(hrp.Position, hrp.Position + lookDir.Unit); end; task.wait(0.0334);
cam.CFrame = CFrame.new(105.225,255.511,119.765,-0.805491,0.237652,-0.542868,0.000000,0.916066,0.401028,0.592608,0.323025,-0.737883); cam.FieldOfView = 70.00; hum:Move(Vector3.zero, true); hrp.AssemblyLinearVelocity = Vector3.new(-0.000,0.001,-0.000); hrp.CFrame = CFrame.new(112.011,248.998,128.989); local lookDir = cam.CFrame.LookVector * Vector3.new(1,0,1); if lookDir.Magnitude > 0.01 then hrp.CFrame = CFrame.new(hrp.Position, hrp.Position + lookDir.Unit); end; task.wait(0.0340);
cam.CFrame = CFrame.new(101.321,255.519,124.893,-0.357771,0.375112,-0.855156,0.000000,0.915771,0.401700,0.933809,0.143717,-0.327637); cam.FieldOfView = 70.00; hum:Move(Vector3.zero, true); hrp.AssemblyLinearVelocity = Vector3.new(-0.000,0.001,-0.000); hrp.CFrame = CFrame.new(112.011,248.998,128.989); local lookDir = cam.CFrame.LookVector * Vector3.new(1,0,1); if lookDir.Magnitude > 0.01 then hrp.CFrame = CFrame.new(hrp.Position, hrp.Position + lookDir.Unit); end; task.wait(0.0336);
cam.CFrame = CFrame.new(100.567,255.431,129.963,0.084812,0.393225,-0.915522,0.000000,0.918833,0.394647,0.996397,-0.033471,0.077928); cam.FieldOfView = 70.00; hum:Move(Vector3.zero, true); hrp.AssemblyLinearVelocity = Vector3.new(-0.000,0.001,-0.000); hrp.CFrame = CFrame.new(112.011,248.998,128.989); local lookDir = cam.CFrame.LookVector * Vector3.new(1,0,1); if lookDir.Magnitude > 0.01 then hrp.CFrame = CFrame.new(hrp.Position, hrp.Position + lookDir.Unit); end; task.wait(0.0357);
cam.CFrame = CFrame.new(101.727,255.321,134.208,0.452608,0.344038,-0.822669,0.000000,0.922575,0.385818,0.891710,-0.174624,0.417565); cam.FieldOfView = 70.00; hum:Move(Vector3.zero, true); hrp.AssemblyLinearVelocity = Vector3.new(-0.000,0.001,-0.000); hrp.CFrame = CFrame.new(112.011,248.998,128.989); local lookDir = cam.CFrame.LookVector * Vector3.new(1,0,1); if lookDir.Magnitude > 0.01 then hrp.CFrame = CFrame.new(hrp.Position, hrp.Position + lookDir.Unit); end; task.wait(0.0330);
cam.CFrame = CFrame.new(104.027,255.445,137.238,0.718570,0.275261,-0.638662,0.000000,0.918337,0.395800,0.695455,-0.284410,0.659889); cam.FieldOfView = 70.00; hum:Move(Vector3.zero, true); hrp.AssemblyLinearVelocity = Vector3.new(0.000,0.001,0.000); hrp.CFrame = CFrame.new(112.011,248.998,128.989); local lookDir = cam.CFrame.LookVector * Vector3.new(1,0,1); if lookDir.Magnitude > 0.01 then hrp.CFrame = CFrame.new(hrp.Position, hrp.Position + lookDir.Unit); end; task.wait(0.0330);
cam.CFrame = CFrame.new(107.273,255.558,139.391,0.910042,0.167791,-0.379037,0.000000,0.914410,0.404788,0.414515,-0.368375,0.832152); cam.FieldOfView = 70.00; hum:Move(Vector3.zero, true); hrp.AssemblyLinearVelocity = Vector3.new(0.000,0.001,0.000); hrp.CFrame = CFrame.new(112.011,248.998,128.989); local lookDir = cam.CFrame.LookVector * Vector3.new(1,0,1); if lookDir.Magnitude > 0.01 then hrp.CFrame = CFrame.new(hrp.Position, hrp.Position + lookDir.Unit); end; task.wait(0.0333);
cam.CFrame = CFrame.new(110.989,255.547,140.378,0.996000,0.036092,-0.081741,0.000000,0.914793,0.403924,0.089355,-0.402308,0.911133); cam.FieldOfView = 70.00; hum:Move(Vector3.zero, true); hrp.AssemblyLinearVelocity = Vector3.new(0.000,0.001,0.000); hrp.CFrame = CFrame.new(112.011,248.998,128.989); local lookDir = cam.CFrame.LookVector * Vector3.new(1,0,1); if lookDir.Magnitude > 0.01 then hrp.CFrame = CFrame.new(hrp.Position, hrp.Position + lookDir.Unit); end; task.wait(0.0346);
cam.CFrame = CFrame.new(113.781,255.531,140.293,0.987958,-0.062293,0.141631,0.000000,0.915373,0.402606,-0.154725,-0.397758,0.904350); cam.FieldOfView = 70.00; hum:Move(Vector3.zero, true); hrp.AssemblyLinearVelocity = Vector3.new(-0.000,0.001,-0.000); hrp.CFrame = CFrame.new(112.011,248.998,128.989); local lookDir = cam.CFrame.LookVector * Vector3.new(1,0,1); if lookDir.Magnitude > 0.01 then hrp.CFrame = CFrame.new(hrp.Position, hrp.Position + lookDir.Unit); end; task.wait(0.0330);
cam.CFrame = CFrame.new(114.482,255.009,140.382,0.977271,-0.076498,0.197711,0.000000,0.932624,0.360851,-0.211994,-0.352649,0.911426); cam.FieldOfView = 70.00; hum:Move(Vector3.zero, true); hrp.AssemblyLinearVelocity = Vector3.new(0.000,0.001,0.000); hrp.CFrame = CFrame.new(112.011,248.998,128.989); local lookDir = cam.CFrame.LookVector * Vector3.new(1,0,1); if lookDir.Magnitude > 0.01 then hrp.CFrame = CFrame.new(hrp.Position, hrp.Position + lookDir.Unit); end; task.wait(0.0330);
cam.CFrame = CFrame.new(115.038,254.694,140.368,0.966372,-0.086329,0.242223,0.000000,0.941962,0.335718,-0.257147,-0.324429,0.910286); cam.FieldOfView = 70.00; hum:Move(Vector3.zero, true); hrp.AssemblyLinearVelocity = Vector3.new(0.000,0.001,0.000); hrp.CFrame = CFrame.new(112.011,248.998,128.989); local lookDir = cam.CFrame.LookVector * Vector3.new(1,0,1); if lookDir.Magnitude > 0.01 then hrp.CFrame = CFrame.new(hrp.Position, hrp.Position + lookDir.Unit); end; task.wait(0.0372);
cam.CFrame = CFrame.new(115.052,254.547,140.417,0.966372,-0.083295,0.243283,0.000000,0.946084,0.323920,-0.257147,-0.313027,0.914270); cam.FieldOfView = 70.00; hum:Move(Vector3.zero, true); hrp.AssemblyLinearVelocity = Vector3.new(0.000,0.001,0.000); hrp.CFrame = CFrame.new(112.011,248.998,128.989); local lookDir = cam.CFrame.LookVector * Vector3.new(1,0,1); if lookDir.Magnitude > 0.01 then hrp.CFrame = CFrame.new(hrp.Position, hrp.Position + lookDir.Unit); end; task.wait(0.0330);
cam.CFrame = CFrame.new(115.049,254.285,140.507,0.966931,-0.077270,0.243051,0.000000,0.952999,0.302972,-0.255038,-0.292953,0.921485); cam.FieldOfView = 70.00; hum:Move(Vector3.new(-0.316,0,-0.949), true); hrp.AssemblyLinearVelocity = Vector3.new(-7.457,0.002,-21.266); hrp.CFrame = CFrame.new(111.911,248.998,128.681); local lookDir = cam.CFrame.LookVector * Vector3.new(1,0,1); if lookDir.Magnitude > 0.01 then hrp.CFrame = CFrame.new(hrp.Position, hrp.Position + lookDir.Unit); end; task.wait(0.0386);
cam.CFrame = CFrame.new(114.768,254.285,139.632,0.966931,-0.077270,0.243051,0.000000,0.952999,0.302972,-0.255038,-0.292953,0.921485); cam.FieldOfView = 70.00; hum:Move(Vector3.new(-0.288,0,-0.958), true); hrp.AssemblyLinearVelocity = Vector3.new(-11.316,0.001,-36.690); hrp.CFrame = CFrame.new(111.545,248.998,127.511); local lookDir = cam.CFrame.LookVector * Vector3.new(1,0,1); if lookDir.Magnitude > 0.01 then hrp.CFrame = CFrame.new(hrp.Position, hrp.Position + lookDir.Unit); end; task.wait(0.0330);
cam.CFrame = CFrame.new(114.373,254.285,138.265,0.966931,-0.077270,0.243051,0.000000,0.952999,0.302972,-0.255038,-0.292953,0.921485); cam.FieldOfView = 70.00; hum:Move(Vector3.new(-0.199,0,-0.980), true); hrp.AssemblyLinearVelocity = Vector3.new(-7.614,0.104,-37.584); hrp.CFrame = CFrame.new(111.138,248.993,125.818); local lookDir = cam.CFrame.LookVector * Vector3.new(1,0,1); if lookDir.Magnitude > 0.01 then hrp.CFrame = CFrame.new(hrp.Position, hrp.Position + lookDir.Unit); end; task.wait(0.0427);
cam.CFrame = CFrame.new(114.062,254.282,136.713,0.966931,-0.077270,0.243051,0.000000,0.952999,0.302972,-0.255038,-0.292953,0.921485); cam.FieldOfView = 70.00; hum:Move(Vector3.new(-0.158,0,-0.987), true); hrp.AssemblyLinearVelocity = Vector3.new(-5.965,0.076,-37.769); hrp.CFrame = CFrame.new(110.947,248.996,124.725); local lookDir = cam.CFrame.LookVector * Vector3.new(1,0,1); if lookDir.Magnitude > 0.01 then hrp.CFrame = CFrame.new(hrp.Position, hrp.Position + lookDir.Unit); end; task.wait(0.0330);
cam.CFrame = CFrame.new(113.892,254.284,135.617,0.966931,-0.077270,0.243051,0.000000,0.952999,0.302972,-0.255038,-0.292953,0.921485); cam.FieldOfView = 70.00; hum:Move(Vector3.new(-0.137,0,-0.991), true); hrp.AssemblyLinearVelocity = Vector3.new(-5.131,0.027,-37.812); hrp.CFrame = CFrame.new(110.788,248.997,123.628); local lookDir = cam.CFrame.LookVector * Vector3.new(1,0,1); if lookDir.Magnitude > 0.01 then hrp.CFrame = CFrame.new(hrp.Position, hrp.Position + lookDir.Unit); end; task.wait(0.0330);
cam.CFrame = CFrame.new(113.763,254.285,134.676,0.966931,-0.077270,0.243051,0.000000,0.952999,0.302972,-0.255038,-0.292953,0.921485); cam.FieldOfView = 70.00; hum:Move(Vector3.new(-0.127,0,-0.992), true); hrp.AssemblyLinearVelocity = Vector3.new(-4.713,0.009,-37.809); hrp.CFrame = CFrame.new(110.644,248.998,122.529); local lookDir = cam.CFrame.LookVector * Vector3.new(1,0,1); if lookDir.Magnitude > 0.01 then hrp.CFrame = CFrame.new(hrp.Position, hrp.Position + lookDir.Unit); end; task.wait(0.0330);
cam.CFrame = CFrame.new(113.602,254.285,133.419,0.966931,-0.077270,0.243051,0.000000,0.952999,0.302972,-0.255038,-0.292953,0.921485); cam.FieldOfView = 70.00; hum:Move(Vector3.new(-0.126,0,-0.992), true); hrp.AssemblyLinearVelocity = Vector3.new(-4.688,0.003,-37.769); hrp.CFrame = CFrame.new(110.484,248.998,121.272); local lookDir = cam.CFrame.LookVector * Vector3.new(1,0,1); if lookDir.Magnitude > 0.01 then hrp.CFrame = CFrame.new(hrp.Position, hrp.Position + lookDir.Unit); end; task.wait(0.0330);
cam.CFrame = CFrame.new(113.443,254.285,132.162,0.966931,-0.077270,0.243051,0.000000,0.952999,0.302972,-0.255038,-0.292953,0.921485); cam.FieldOfView = 70.00; hum:Move(Vector3.new(-0.125,0,-0.992), true); hrp.AssemblyLinearVelocity = Vector3.new(-4.674,0.001,-37.744); hrp.CFrame = CFrame.new(110.326,248.998,120.015); local lookDir = cam.CFrame.LookVector * Vector3.new(1,0,1); if lookDir.Magnitude > 0.01 then hrp.CFrame = CFrame.new(hrp.Position, hrp.Position + lookDir.Unit); end; task.wait(0.0330);
cam.CFrame = CFrame.new(113.285,254.285,130.905,0.966931,-0.077270,0.243051,0.000000,0.952999,0.302972,-0.255038,-0.292953,0.921485); cam.FieldOfView = 70.00; hum:Move(Vector3.new(-0.125,0,-0.992), true); hrp.AssemblyLinearVelocity = Vector3.new(-4.691,0.001,-37.727); hrp.CFrame = CFrame.new(110.168,248.998,118.758); local lookDir = cam.CFrame.LookVector * Vector3.new(1,0,1); if lookDir.Magnitude > 0.01 then hrp.CFrame = CFrame.new(hrp.Position, hrp.Position + lookDir.Unit); end; task.wait(0.0346);
cam.CFrame = CFrame.new(113.127,254.285,129.648,0.966931,-0.077270,0.243051,0.000000,0.952999,0.302972,-0.255038,-0.292953,0.921485); cam.FieldOfView = 70.00; hum:Move(Vector3.new(-0.122,0,-0.993), true); hrp.AssemblyLinearVelocity = Vector3.new(-4.587,0.001,-37.732); hrp.CFrame = CFrame.new(110.011,248.998,117.501); local lookDir = cam.CFrame.LookVector * Vector3.new(1,0,1); if lookDir.Magnitude > 0.01 then hrp.CFrame = CFrame.new(hrp.Position, hrp.Position + lookDir.Unit); end; task.wait(0.0330);
cam.CFrame = CFrame.new(112.972,254.285,128.391,0.966931,-0.077270,0.243051,0.000000,0.952999,0.302972,-0.255038,-0.292953,0.921485); cam.FieldOfView = 70.00; hum:Move(Vector3.new(-0.113,0,-0.994), true); hrp.AssemblyLinearVelocity = Vector3.new(-4.255,0.001,-37.767); hrp.CFrame = CFrame.new(109.844,248.998,116.086); local lookDir = cam.CFrame.LookVector * Vector3.new(1,0,1); if lookDir.Magnitude > 0.01 then hrp.CFrame = CFrame.new(hrp.Position, hrp.Position + lookDir.Unit); end; task.wait(0.0387);
cam.CFrame = CFrame.new(112.812,254.285,126.975,0.966931,-0.077270,0.243051,0.000000,0.952999,0.302972,-0.255038,-0.292953,0.921485); cam.FieldOfView = 70.00; hum:Move(Vector3.new(-0.100,0,-0.995), true); hrp.AssemblyLinearVelocity = Vector3.new(-3.786,0.001,-37.815); hrp.CFrame = CFrame.new(109.726,248.998,114.984); local lookDir = cam.CFrame.LookVector * Vector3.new(1,0,1); if lookDir.Magnitude > 0.01 then hrp.CFrame = CFrame.new(hrp.Position, hrp.Position + lookDir.Unit); end; task.wait(0.0330);
cam.CFrame = CFrame.new(112.705,254.285,125.872,0.966931,-0.077270,0.243051,0.000000,0.952999,0.302972,-0.255038,-0.292953,0.921485); cam.FieldOfView = 70.00; hum:Move(Vector3.new(-0.087,0,-0.996), true); hrp.AssemblyLinearVelocity = Vector3.new(-3.268,0.001,-37.862); hrp.CFrame = CFrame.new(109.611,248.998,113.723); local lookDir = cam.CFrame.LookVector * Vector3.new(1,0,1); if lookDir.Magnitude > 0.01 then hrp.CFrame = CFrame.new(hrp.Position, hrp.Position + lookDir.Unit); end; task.wait(0.0330);
cam.CFrame = CFrame.new(112.597,254.285,124.610,0.966931,-0.077270,0.243051,0.000000,0.952999,0.302972,-0.255038,-0.292953,0.921485); cam.FieldOfView = 70.00; hum:Move(Vector3.new(-0.074,0,-0.997), true); hrp.AssemblyLinearVelocity = Vector3.new(-2.798,0.001,-37.899); hrp.CFrame = CFrame.new(109.511,248.998,112.460); local lookDir = cam.CFrame.LookVector * Vector3.new(1,0,1); if lookDir.Magnitude > 0.01 then hrp.CFrame = CFrame.new(hrp.Position, hrp.Position + lookDir.Unit); end; task.wait(0.0334);
cam.CFrame = CFrame.new(112.509,254.285,123.346,0.966931,-0.077270,0.243051,0.000000,0.952999,0.302972,-0.255038,-0.292953,0.921485); cam.FieldOfView = 70.00; hum:Move(Vector3.new(-0.055,0,-0.998), true); hrp.AssemblyLinearVelocity = Vector3.new(-2.086,0.001,-37.944); hrp.CFrame = CFrame.new(109.435,248.998,111.195); local lookDir = cam.CFrame.LookVector * Vector3.new(1,0,1); if lookDir.Magnitude > 0.01 then hrp.CFrame = CFrame.new(hrp.Position, hrp.Position + lookDir.Unit); end; task.wait(0.0330);
cam.CFrame = CFrame.new(112.444,254.285,122.081,0.966931,-0.077270,0.243051,0.000000,0.952999,0.302972,-0.255038,-0.292953,0.921485); cam.FieldOfView = 70.00; hum:Move(Vector3.new(-0.035,0,-0.999), true); hrp.AssemblyLinearVelocity = Vector3.new(-1.330,0.001,-37.978); hrp.CFrame = CFrame.new(109.382,248.998,109.930); local lookDir = cam.CFrame.LookVector * Vector3.new(1,0,1); if lookDir.Magnitude > 0.01 then hrp.CFrame = CFrame.new(hrp.Position, hrp.Position + lookDir.Unit); end; task.wait(0.0330);
cam.CFrame = CFrame.new(112.405,254.285,120.815,0.966931,-0.077270,0.243051,0.000000,0.952999,0.302972,-0.255038,-0.292953,0.921485); cam.FieldOfView = 70.00; hum:Move(Vector3.new(-0.010,0,-1.000), true); hrp.AssemblyLinearVelocity = Vector3.new(-0.386,0.001,-37.999); hrp.CFrame = CFrame.new(109.360,248.998,108.664); local lookDir = cam.CFrame.LookVector * Vector3.new(1,0,1); if lookDir.Magnitude > 0.01 then hrp.CFrame = CFrame.new(hrp.Position, hrp.Position + lookDir.Unit); end; task.wait(0.0342);
cam.CFrame = CFrame.new(112.396,254.285,119.549,0.966931,-0.077270,0.243051,0.000000,0.952999,0.302972,-0.255038,-0.292953,0.921485); cam.FieldOfView = 70.00; hum:Move(Vector3.new(0.004,0,-1.000), true); hrp.AssemblyLinearVelocity = Vector3.new(0.161,0.001,-38.001); hrp.CFrame = CFrame.new(109.360,248.998,107.397); local lookDir = cam.CFrame.LookVector * Vector3.new(1,0,1); if lookDir.Magnitude > 0.01 then hrp.CFrame = CFrame.new(hrp.Position, hrp.Position + lookDir.Unit); end; task.wait(0.0334);
cam.CFrame = CFrame.new(112.401,254.285,118.282,0.966931,-0.077270,0.243051,0.000000,0.952999,0.302972,-0.255038,-0.292953,0.921485); cam.FieldOfView = 70.00; hum:Move(Vector3.new(0.006,0,-1.000), true); hrp.AssemblyLinearVelocity = Vector3.new(0.222,0.001,-38.000); hrp.CFrame = CFrame.new(109.366,248.998,106.130); local lookDir = cam.CFrame.LookVector * Vector3.new(1,0,1); if lookDir.Magnitude > 0.01 then hrp.CFrame = CFrame.new(hrp.Position, hrp.Position + lookDir.Unit); end; task.wait(0.0330);
cam.CFrame = CFrame.new(112.409,254.285,117.015,0.966931,-0.077270,0.243051,0.000000,0.952999,0.302972,-0.255038,-0.292953,0.921485); cam.FieldOfView = 70.00; hum:Move(Vector3.new(0.008,0,-1.000), true); hrp.AssemblyLinearVelocity = Vector3.new(0.297,0.001,-37.999); hrp.CFrame = CFrame.new(109.375,248.998,104.864); local lookDir = cam.CFrame.LookVector * Vector3.new(1,0,1); if lookDir.Magnitude > 0.01 then hrp.CFrame = CFrame.new(hrp.Position, hrp.Position + lookDir.Unit); end; task.wait(0.0330);
cam.CFrame = CFrame.new(112.417,254.285,115.749,0.966931,-0.077270,0.243051,0.000000,0.952999,0.302972,-0.255038,-0.292953,0.921485); cam.FieldOfView = 70.00; hum:Move(Vector3.new(0.003,0,-1.000), true); hrp.AssemblyLinearVelocity = Vector3.new(0.123,0.001,-38.000); hrp.CFrame = CFrame.new(109.381,248.998,103.597); local lookDir = cam.CFrame.LookVector * Vector3.new(1,0,1); if lookDir.Magnitude > 0.01 then hrp.CFrame = CFrame.new(hrp.Position, hrp.Position + lookDir.Unit); end; task.wait(0.0337);
cam.CFrame = CFrame.new(112.421,255.962,113.849,0.966931,-0.077270,0.243051,0.000000,0.952999,0.302972,-0.255038,-0.292953,0.921485); cam.FieldOfView = 70.00; hum:Move(Vector3.new(-0.004,0,-1.000), true); hrp.AssemblyLinearVelocity = Vector3.new(-0.139,44.161,-38.000); hrp.CFrame = CFrame.new(109.380,251.431,101.697); local lookDir = cam.CFrame.LookVector * Vector3.new(1,0,1); if lookDir.Magnitude > 0.01 then hrp.CFrame = CFrame.new(hrp.Position, hrp.Position + lookDir.Unit); end; hum.Jump = true; task.wait(0.0501);
cam.CFrame = CFrame.new(112.413,258.067,111.949,0.966931,-0.077270,0.243051,0.000000,0.952999,0.302972,-0.255038,-0.292953,0.921485); cam.FieldOfView = 70.00; hum:Move(Vector3.new(-0.005,0,-1.000), true); hrp.AssemblyLinearVelocity = Vector3.new(-0.193,34.351,-38.000); hrp.CFrame = CFrame.new(109.371,253.373,99.797); local lookDir = cam.CFrame.LookVector * Vector3.new(1,0,1); if lookDir.Magnitude > 0.01 then hrp.CFrame = CFrame.new(hrp.Position, hrp.Position + lookDir.Unit); end; task.wait(0.0497);
cam.CFrame = CFrame.new(112.403,259.683,110.049,0.966931,-0.077270,0.243051,0.000000,0.952999,0.302972,-0.255038,-0.292953,0.921485); cam.FieldOfView = 70.00; hum:Move(Vector3.new(0.004,0,-1.000), true); hrp.AssemblyLinearVelocity = Vector3.new(0.135,24.541,-38.000); hrp.CFrame = CFrame.new(109.366,254.825,97.897); local lookDir = cam.CFrame.LookVector * Vector3.new(1,0,1); if lookDir.Magnitude > 0.01 then hrp.CFrame = CFrame.new(hrp.Position, hrp.Position + lookDir.Unit); end; task.wait(0.0507);
cam.CFrame = CFrame.new(112.415,260.487,108.782,0.966931,-0.077270,0.243051,0.000000,0.952999,0.302972,-0.255038,-0.292953,0.921485); cam.FieldOfView = 70.00; hum:Move(Vector3.new(0.041,0,-0.999), true); hrp.AssemblyLinearVelocity = Vector3.new(1.537,18.001,-37.969); hrp.CFrame = CFrame.new(109.401,255.520,96.631); local lookDir = cam.CFrame.LookVector * Vector3.new(1,0,1); if lookDir.Magnitude > 0.01 then hrp.CFrame = CFrame.new(hrp.Position, hrp.Position + lookDir.Unit); end; task.wait(0.0333);
cam.CFrame = CFrame.new(112.515,261.285,106.885,0.966931,-0.077270,0.243051,0.000000,0.952999,0.302972,-0.255038,-0.292953,0.921485); cam.FieldOfView = 70.00; hum:Move(Vector3.new(0.076,0,-0.997), true); hrp.AssemblyLinearVelocity = Vector3.new(2.875,8.191,-37.891); hrp.CFrame = CFrame.new(109.524,256.155,94.735); local lookDir = cam.CFrame.LookVector * Vector3.new(1,0,1); if lookDir.Magnitude > 0.01 then hrp.CFrame = CFrame.new(hrp.Position, hrp.Position + lookDir.Unit); end; task.wait(0.0498);
cam.CFrame = CFrame.new(112.615,261.544,105.622,0.966931,-0.077270,0.243051,0.000000,0.952999,0.302972,-0.255038,-0.292953,0.921485); cam.FieldOfView = 70.00; hum:Move(Vector3.new(0.090,0,-0.996), true); hrp.AssemblyLinearVelocity = Vector3.new(3.407,1.651,-37.847); hrp.CFrame = CFrame.new(109.633,256.305,93.473); local lookDir = cam.CFrame.LookVector * Vector3.new(1,0,1); if lookDir.Magnitude > 0.01 then hrp.CFrame = CFrame.new(hrp.Position, hrp.Position + lookDir.Unit); end; task.wait(0.0343);
cam.CFrame = CFrame.new(112.806,261.525,103.732,0.966931,-0.077270,0.243051,0.000000,0.952999,0.302972,-0.255038,-0.292953,0.921485); cam.FieldOfView = 70.00; hum:Move(Vector3.new(0.129,0,-0.992), true); hrp.AssemblyLinearVelocity = Vector3.new(4.882,-8.159,-37.685); hrp.CFrame = CFrame.new(109.848,256.122,91.585); local lookDir = cam.CFrame.LookVector * Vector3.new(1,0,1); if lookDir.Magnitude > 0.01 then hrp.CFrame = CFrame.new(hrp.Position, hrp.Position + lookDir.Unit); end; task.wait(0.0489);
cam.CFrame = CFrame.new(110.848,262.890,101.449,0.997387,-0.032730,0.064408,0.000000,0.891497,0.453027,-0.072247,-0.451843,0.889167); cam.FieldOfView = 70.00; hum:Move(Vector3.new(0.281,0,-0.960), true); hrp.AssemblyLinearVelocity = Vector3.new(9.625,-17.969,-36.723); hrp.CFrame = CFrame.new(110.189,255.448,89.719); local lookDir = cam.CFrame.LookVector * Vector3.new(1,0,1); if lookDir.Magnitude > 0.01 then hrp.CFrame = CFrame.new(hrp.Position, hrp.Position + lookDir.Unit); end; task.wait(0.0500);
cam.CFrame = CFrame.new(110.762,262.888,99.919,0.999350,-0.018095,0.031188,0.000000,0.864963,0.501836,-0.036057,-0.501509,0.864401); cam.FieldOfView = 70.00; hum:Move(Vector3.new(0.377,0,-0.926), true); hrp.AssemblyLinearVelocity = Vector3.new(14.049,-24.509,-35.293); hrp.CFrame = CFrame.new(110.593,254.727,88.521); local lookDir = cam.CFrame.LookVector * Vector3.new(1,0,1); if lookDir.Magnitude > 0.01 then hrp.CFrame = CFrame.new(hrp.Position, hrp.Position + lookDir.Unit); end; task.wait(0.0335);
cam.CFrame = CFrame.new(111.193,262.283,98.609,0.999450,-0.017247,0.028334,0.000000,0.854202,0.519941,-0.033170,-0.519655,0.853732); cam.FieldOfView = 70.00; hum:Move(Vector3.new(0.402,0,-0.916), true); hrp.AssemblyLinearVelocity = Vector3.new(15.277,-34.319,-34.794); hrp.CFrame = CFrame.new(111.346,253.236,86.777); local lookDir = cam.CFrame.LookVector * Vector3.new(1,0,1); if lookDir.Magnitude > 0.01 then hrp.CFrame = CFrame.new(hrp.Position, hrp.Position + lookDir.Unit); end; task.wait(0.0499);
cam.CFrame = CFrame.new(111.700,261.245,97.443,0.999450,-0.017274,0.028317,0.000000,0.853702,0.520762,-0.033170,-0.520475,0.853232); cam.FieldOfView = 70.00; hum:Move(Vector3.new(0.405,0,-0.914), true); hrp.AssemblyLinearVelocity = Vector3.new(15.391,-42.494,-34.744); hrp.CFrame = CFrame.new(111.985,251.618,85.329); local lookDir = cam.CFrame.LookVector * Vector3.new(1,0,1); if lookDir.Magnitude > 0.01 then hrp.CFrame = CFrame.new(hrp.Position, hrp.Position + lookDir.Unit); end; task.wait(0.0448);
cam.CFrame = CFrame.new(112.918,257.881,94.692,0.999450,-0.017274,0.028317,0.000000,0.853702,0.520762,-0.033170,-0.520475,0.853232); cam.FieldOfView = 70.00; hum:Move(Vector3.new(0.407,0,-0.914), true); hrp.AssemblyLinearVelocity = Vector3.new(15.457,-51.487,-34.714); hrp.CFrame = CFrame.new(112.693,249.446,83.737); local lookDir = cam.CFrame.LookVector * Vector3.new(1,0,1); if lookDir.Magnitude > 0.01 then hrp.CFrame = CFrame.new(hrp.Position, hrp.Position + lookDir.Unit); end; task.wait(0.0445);
cam.CFrame = CFrame.new(113.240,256.791,93.969,0.999450,-0.017274,0.028317,0.000000,0.853702,0.520762,-0.033170,-0.520475,0.853232); cam.FieldOfView = 70.00; hum:Move(Vector3.new(0.407,0,-0.914), true); hrp.AssemblyLinearVelocity = Vector3.new(15.468,-29.100,-34.710); hrp.CFrame = CFrame.new(113.144,247.966,82.725); local lookDir = cam.CFrame.LookVector * Vector3.new(1,0,1); if lookDir.Magnitude > 0.01 then hrp.CFrame = CFrame.new(hrp.Position, hrp.Position + lookDir.Unit); end; task.wait(0.0330);
cam.CFrame = CFrame.new(113.753,255.936,92.811,0.999450,-0.017274,0.028317,0.000000,0.853702,0.520762,-0.033170,-0.520475,0.853232); cam.FieldOfView = 70.00; hum:Move(Vector3.new(0.396,0,-0.918), true); hrp.AssemblyLinearVelocity = Vector3.new(15.075,5.866,-34.882); hrp.CFrame = CFrame.new(113.651,248.029,81.564); local lookDir = cam.CFrame.LookVector * Vector3.new(1,0,1); if lookDir.Magnitude > 0.01 then hrp.CFrame = CFrame.new(hrp.Position, hrp.Position + lookDir.Unit); end; task.wait(0.0350);
cam.CFrame = CFrame.new(114.794,255.895,91.204,0.998174,-0.030188,0.052327,0.000000,0.866192,0.499711,-0.060410,-0.498798,0.864610); cam.FieldOfView = 70.00; hum:Move(Vector3.new(0.355,0,-0.935), true); hrp.AssemblyLinearVelocity = Vector3.new(13.503,1.158,-35.520); hrp.CFrame = CFrame.new(114.367,248.173,79.805); local lookDir = cam.CFrame.LookVector * Vector3.new(1,0,1); if lookDir.Magnitude > 0.01 then hrp.CFrame = CFrame.new(hrp.Position, hrp.Position + lookDir.Unit); end; task.wait(0.0476);
cam.CFrame = CFrame.new(115.327,255.855,90.053,0.997608,-0.034107,0.060117,0.000000,0.869767,0.493462,-0.069119,-0.492282,0.867687); cam.FieldOfView = 70.00; hum:Move(Vector3.new(0.309,0,-0.951), true); hrp.AssemblyLinearVelocity = Vector3.new(11.748,0.345,-36.139); hrp.CFrame = CFrame.new(114.773,248.194,78.605); local lookDir = cam.CFrame.LookVector * Vector3.new(1,0,1); if lookDir.Magnitude > 0.01 then hrp.CFrame = CFrame.new(hrp.Position, hrp.Position + lookDir.Unit); end; task.wait(0.0347);
cam.CFrame = CFrame.new(115.855,255.829,88.267,0.997901,-0.031756,0.056445,0.000000,0.871538,0.490328,-0.064765,-0.489298,0.869708); cam.FieldOfView = 70.00; hum:Move(Vector3.new(0.294,0,-0.956), true); hrp.AssemblyLinearVelocity = Vector3.new(11.152,0.055,-36.327); hrp.CFrame = CFrame.new(115.335,248.201,76.790); local lookDir = cam.CFrame.LookVector * Vector3.new(1,0,1); if lookDir.Magnitude > 0.01 then hrp.CFrame = CFrame.new(hrp.Position, hrp.Position + lookDir.Unit); end; task.wait(0.0492);
cam.CFrame = CFrame.new(116.030,255.713,87.133,0.998930,-0.022241,0.040551,0.000000,0.876782,0.480887,-0.046250,-0.480373,0.875844); cam.FieldOfView = 70.00; hum:Move(Vector3.new(0.304,0,-0.953), true); hrp.AssemblyLinearVelocity = Vector3.new(11.550,0.016,-36.202); hrp.CFrame = CFrame.new(115.715,248.202,75.582); local lookDir = cam.CFrame.LookVector * Vector3.new(1,0,1); if lookDir.Magnitude > 0.01 then hrp.CFrame = CFrame.new(hrp.Position, hrp.Position + lookDir.Unit); end; task.wait(0.0349);
cam.CFrame = CFrame.new(116.420,255.714,85.928,0.998930,-0.022241,0.040551,0.000000,0.876782,0.480887,-0.046250,-0.480373,0.875844); cam.FieldOfView = 70.00; hum:Move(Vector3.new(0.314,0,-0.949), true); hrp.AssemblyLinearVelocity = Vector3.new(11.933,0.005,-36.078); hrp.CFrame = CFrame.new(116.112,248.203,74.379); local lookDir = cam.CFrame.LookVector * Vector3.new(1,0,1); if lookDir.Magnitude > 0.01 then hrp.CFrame = CFrame.new(hrp.Position, hrp.Position + lookDir.Unit); end; task.wait(0.0330);
cam.CFrame = CFrame.new(116.818,255.714,84.726,0.998930,-0.022241,0.040551,0.000000,0.876782,0.480887,-0.046250,-0.480373,0.875844); cam.FieldOfView = 70.00; hum:Move(Vector3.new(0.304,0,-0.953), true); hrp.AssemblyLinearVelocity = Vector3.new(11.566,0.001,-36.197); hrp.CFrame = CFrame.new(116.505,248.203,73.175); local lookDir = cam.CFrame.LookVector * Vector3.new(1,0,1); if lookDir.Magnitude > 0.01 then hrp.CFrame = CFrame.new(hrp.Position, hrp.Position + lookDir.Unit); end; task.wait(0.0333);
cam.CFrame = CFrame.new(117.196,255.714,83.517,0.998930,-0.022241,0.040551,0.000000,0.876782,0.480887,-0.046250,-0.480373,0.875844); cam.FieldOfView = 70.00; hum:Move(Vector3.new(0.283,0,-0.959), true); hrp.AssemblyLinearVelocity = Vector3.new(10.744,0.001,-36.450); hrp.CFrame = CFrame.new(116.869,248.203,71.962); local lookDir = cam.CFrame.LookVector * Vector3.new(1,0,1); if lookDir.Magnitude > 0.01 then hrp.CFrame = CFrame.new(hrp.Position, hrp.Position + lookDir.Unit); end; task.wait(0.0330);
cam.CFrame = CFrame.new(117.722,255.714,81.691,0.998930,-0.022241,0.040551,0.000000,0.876782,0.480887,-0.046250,-0.480373,0.875844); cam.FieldOfView = 70.00; hum:Move(Vector3.new(0.260,0,-0.966), true); hrp.AssemblyLinearVelocity = Vector3.new(9.883,0.001,-36.693); hrp.CFrame = CFrame.new(117.381,248.203,70.132); local lookDir = cam.CFrame.LookVector * Vector3.new(1,0,1); if lookDir.Magnitude > 0.01 then hrp.CFrame = CFrame.new(hrp.Position, hrp.Position + lookDir.Unit); end; task.wait(0.0495);
cam.CFrame = CFrame.new(118.052,255.714,80.468,0.998930,-0.022241,0.040551,0.000000,0.876782,0.480887,-0.046250,-0.480373,0.875844); cam.FieldOfView = 70.00; hum:Move(Vector3.new(0.258,0,-0.966), true); hrp.AssemblyLinearVelocity = Vector3.new(9.804,0.001,-36.714); hrp.CFrame = CFrame.new(117.708,248.203,68.908); local lookDir = cam.CFrame.LookVector * Vector3.new(1,0,1); if lookDir.Magnitude > 0.01 then hrp.CFrame = CFrame.new(hrp.Position, hrp.Position + lookDir.Unit); end; task.wait(0.0340);
cam.CFrame = CFrame.new(118.378,255.714,79.244,0.998930,-0.022241,0.040551,0.000000,0.876782,0.480887,-0.046250,-0.480373,0.875844); cam.FieldOfView = 70.00; hum:Move(Vector3.new(0.257,0,-0.966), true); hrp.AssemblyLinearVelocity = Vector3.new(9.789,50.701,-36.718); hrp.CFrame = CFrame.new(118.035,249.068,67.684); local lookDir = cam.CFrame.LookVector * Vector3.new(1,0,1); if lookDir.Magnitude > 0.01 then hrp.CFrame = CFrame.new(hrp.Position, hrp.Position + lookDir.Unit); end; task.wait(0.0363);
cam.CFrame = CFrame.new(118.854,258.147,77.405,0.998930,-0.022241,0.040551,0.000000,0.876782,0.480887,-0.046250,-0.480373,0.875844); cam.FieldOfView = 70.00; hum:Move(Vector3.new(0.216,0,-0.976), true); hrp.AssemblyLinearVelocity = Vector3.new(8.240,40.891,-37.096); hrp.CFrame = CFrame.new(118.487,251.337,65.839); local lookDir = cam.CFrame.LookVector * Vector3.new(1,0,1); if lookDir.Magnitude > 0.01 then hrp.CFrame = CFrame.new(hrp.Position, hrp.Position + lookDir.Unit); end; hum.Jump = true; task.wait(0.0489);
cam.CFrame = CFrame.new(119.123,259.496,76.167,0.998930,-0.022241,0.040551,0.000000,0.876782,0.480887,-0.046250,-0.480373,0.875844); cam.FieldOfView = 70.00; hum:Move(Vector3.new(0.175,0,-0.985), true); hrp.AssemblyLinearVelocity = Vector3.new(6.670,34.351,-37.410); hrp.CFrame = CFrame.new(118.731,252.578,64.596); local lookDir = cam.CFrame.LookVector * Vector3.new(1,0,1); if lookDir.Magnitude > 0.01 then hrp.CFrame = CFrame.new(hrp.Position, hrp.Position + lookDir.Unit); end; task.wait(0.0330);
cam.CFrame = CFrame.new(119.428,261.111,74.292,0.998930,-0.022241,0.040551,0.000000,0.876782,0.480887,-0.046250,-0.480373,0.875844); cam.FieldOfView = 70.00; hum:Move(Vector3.new(0.109,0,-0.994), true); hrp.AssemblyLinearVelocity = Vector3.new(4.153,24.541,-37.772); hrp.CFrame = CFrame.new(118.994,254.030,62.715); local lookDir = cam.CFrame.LookVector * Vector3.new(1,0,1); if lookDir.Magnitude > 0.01 then hrp.CFrame = CFrame.new(hrp.Position, hrp.Position + lookDir.Unit); end; task.wait(0.0499);
cam.CFrame = CFrame.new(119.555,261.916,73.032,0.998930,-0.022241,0.040551,0.000000,0.876782,0.480887,-0.046250,-0.480373,0.875844); cam.FieldOfView = 70.00; hum:Move(Vector3.new(0.060,0,-0.998), true); hrp.AssemblyLinearVelocity = Vector3.new(2.284,18.001,-37.931); hrp.CFrame = CFrame.new(119.089,254.725,61.452); local lookDir = cam.CFrame.LookVector * Vector3.new(1,0,1); if lookDir.Magnitude > 0.01 then hrp.CFrame = CFrame.new(hrp.Position, hrp.Position + lookDir.Unit); end; task.wait(0.0334);
cam.CFrame = CFrame.new(119.629,262.502,71.768,0.998930,-0.022241,0.040551,0.000000,0.876782,0.480887,-0.046250,-0.480373,0.875844); cam.FieldOfView = 70.00; hum:Move(Vector3.new(0.051,0,-0.999), true); hrp.AssemblyLinearVelocity = Vector3.new(1.925,11.461,-37.951); hrp.CFrame = CFrame.new(119.155,255.202,60.187); local lookDir = cam.CFrame.LookVector * Vector3.new(1,0,1); if lookDir.Magnitude > 0.01 then hrp.CFrame = CFrame.new(hrp.Position, hrp.Position + lookDir.Unit); end; task.wait(0.0339);
cam.CFrame = CFrame.new(119.694,262.871,70.503,0.998930,-0.022241,0.040551,0.000000,0.876782,0.480887,-0.046250,-0.480373,0.875844); cam.FieldOfView = 70.00; hum:Move(Vector3.new(0.051,0,-0.999), true); hrp.AssemblyLinearVelocity = Vector3.new(1.924,4.921,-37.951); hrp.CFrame = CFrame.new(119.220,255.462,58.922); local lookDir = cam.CFrame.LookVector * Vector3.new(1,0,1); if lookDir.Magnitude > 0.01 then hrp.CFrame = CFrame.new(hrp.Position, hrp.Position + lookDir.Unit); end; task.wait(0.0330);
cam.CFrame = CFrame.new(119.759,263.021,69.238,0.998930,-0.022241,0.040551,0.000000,0.876782,0.480887,-0.046250,-0.480373,0.875844); cam.FieldOfView = 70.00; hum:Move(Vector3.new(0.056,0,-0.998), true); hrp.AssemblyLinearVelocity = Vector3.new(2.142,-1.619,-37.940); hrp.CFrame = CFrame.new(119.288,255.503,57.658); local lookDir = cam.CFrame.LookVector * Vector3.new(1,0,1); if lookDir.Magnitude > 0.01 then hrp.CFrame = CFrame.new(hrp.Position, hrp.Position + lookDir.Unit); end; task.wait(0.0361);
cam.CFrame = CFrame.new(119.844,262.953,67.974,0.998930,-0.022241,0.040551,0.000000,0.876782,0.480887,-0.046250,-0.480373,0.875844); cam.FieldOfView = 70.00; hum:Move(Vector3.new(0.111,0,-0.994), true); hrp.AssemblyLinearVelocity = Vector3.new(4.192,-8.159,-37.768); hrp.CFrame = CFrame.new(119.404,255.327,56.396); local lookDir = cam.CFrame.LookVector * Vector3.new(1,0,1); if lookDir.Magnitude > 0.01 then hrp.CFrame = CFrame.new(hrp.Position, hrp.Position + lookDir.Unit); end; task.wait(0.0330);
cam.CFrame = CFrame.new(120.832,262.413,66.054,0.993729,-0.053502,0.098183,0.000000,0.878091,0.478494,-0.111814,-0.475493,0.872585); cam.FieldOfView = 70.00; hum:Move(Vector3.new(0.240,0,-0.971), true); hrp.AssemblyLinearVelocity = Vector3.new(9.008,-17.969,-36.914); hrp.CFrame = CFrame.new(119.746,254.653,54.529); local lookDir = cam.CFrame.LookVector * Vector3.new(1,0,1); if lookDir.Magnitude > 0.01 then hrp.CFrame = CFrame.new(hrp.Position, hrp.Position + lookDir.Unit); end; task.wait(0.0504);
cam.CFrame = CFrame.new(123.443,261.567,64.431,0.947499,-0.147027,0.283954,0.000000,0.888021,0.459803,-0.319760,-0.435663,0.841399); cam.FieldOfView = 70.00; hum:Move(Vector3.new(0.179,0,-0.984), true); hrp.AssemblyLinearVelocity = Vector3.new(6.931,-24.509,-37.359); hrp.CFrame = CFrame.new(120.018,253.931,53.293); local lookDir = cam.CFrame.LookVector * Vector3.new(1,0,1); if lookDir.Magnitude > 0.01 then hrp.CFrame = CFrame.new(hrp.Position, hrp.Position + lookDir.Unit); end; task.wait(0.0335);
cam.CFrame = CFrame.new(125.303,259.981,62.034,0.890103,-0.200125,0.409470,0.000000,0.898437,0.439103,-0.455759,-0.390847,0.799702); cam.FieldOfView = 70.00; hum:Move(Vector3.new(0.087,0,-0.996), true); hrp.AssemblyLinearVelocity = Vector3.new(3.342,-34.319,-37.853); hrp.CFrame = CFrame.new(120.243,252.440,51.407); local lookDir = cam.CFrame.LookVector * Vector3.new(1,0,1); if lookDir.Magnitude > 0.01 then hrp.CFrame = CFrame.new(hrp.Position, hrp.Position + lookDir.Unit); end; task.wait(0.0507);
cam.CFrame = CFrame.new(125.658,258.753,60.671,0.878602,-0.207028,0.430347,0.000000,0.901146,0.433516,-0.477555,-0.380888,0.791748); cam.FieldOfView = 70.00; hum:Move(Vector3.new(0.004,0,-1.000), true); hrp.AssemblyLinearVelocity = Vector3.new(0.218,-40.859,-37.998); hrp.CFrame = CFrame.new(120.290,251.174,50.142); local lookDir = cam.CFrame.LookVector * Vector3.new(1,0,1); if lookDir.Magnitude > 0.01 then hrp.CFrame = CFrame.new(hrp.Position, hrp.Position + lookDir.Unit); end; task.wait(0.0330);
cam.CFrame = CFrame.new(125.320,257.335,59.601,0.894348,-0.192402,0.403885,0.000000,0.902795,0.430071,-0.447372,-0.384633,0.807413); cam.FieldOfView = 70.00; hum:Move(Vector3.new(-0.138,0,-0.990), true); hrp.AssemblyLinearVelocity = Vector3.new(-4.072,-47.399,-37.743); hrp.CFrame = CFrame.new(120.219,249.689,48.878); local lookDir = cam.CFrame.LookVector * Vector3.new(1,0,1); if lookDir.Magnitude > 0.01 then hrp.CFrame = CFrame.new(hrp.Position, hrp.Position + lookDir.Unit); end; task.wait(0.0356);
cam.CFrame = CFrame.new(124.776,254.840,57.873,0.906117,-0.181190,0.382259,0.000000,0.903628,0.428318,-0.423027,-0.388106,0.818793); cam.FieldOfView = 70.00; hum:Move(Vector3.new(-0.436,0,-0.900), true); hrp.AssemblyLinearVelocity = Vector3.new(-10.999,-57.209,-36.017); hrp.CFrame = CFrame.new(119.830,247.053,47.033); local lookDir = cam.CFrame.LookVector * Vector3.new(1,0,1); if lookDir.Magnitude > 0.01 then hrp.CFrame = CFrame.new(hrp.Position, hrp.Position + lookDir.Unit); end; task.wait(0.0477);
cam.CFrame = CFrame.new(123.986,253.003,56.171,0.906117,-0.181190,0.382259,0.000000,0.903628,0.428318,-0.423027,-0.388106,0.818793); cam.FieldOfView = 70.00; hum:Move(Vector3.new(-0.537,0,-0.844), true); hrp.AssemblyLinearVelocity = Vector3.new(-20.399,1.752,-31.961); hrp.CFrame = CFrame.new(118.870,246.183,45.403); local lookDir = cam.CFrame.LookVector * Vector3.new(1,0,1); if lookDir.Magnitude > 0.01 then hrp.CFrame = CFrame.new(hrp.Position, hrp.Position + lookDir.Unit); end; task.wait(0.0502);
cam.CFrame = CFrame.new(123.649,253.037,55.638,0.906117,-0.181190,0.382259,0.000000,0.903628,0.428318,-0.423027,-0.388106,0.818793); cam.FieldOfView = 70.00; hum:Move(Vector3.new(-0.543,0,-0.840), true); hrp.AssemblyLinearVelocity = Vector3.new(-20.627,-0.778,-31.801); hrp.CFrame = CFrame.new(118.528,246.189,44.872); local lookDir = cam.CFrame.LookVector * Vector3.new(1,0,1); if lookDir.Magnitude > 0.01 then hrp.CFrame = CFrame.new(hrp.Position, hrp.Position + lookDir.Unit); end; task.wait(0.0360);
cam.CFrame = CFrame.new(122.619,252.943,54.048,0.906117,-0.181190,0.382259,0.000000,0.903628,0.428318,-0.423027,-0.388106,0.818793); cam.FieldOfView = 70.00; hum:Move(Vector3.new(-0.544,0,-0.839), true); hrp.AssemblyLinearVelocity = Vector3.new(-20.692,53.153,-31.747); hrp.CFrame = CFrame.new(117.496,246.975,43.283); local lookDir = cam.CFrame.LookVector * Vector3.new(1,0,1); if lookDir.Magnitude > 0.01 then hrp.CFrame = CFrame.new(hrp.Position, hrp.Position + lookDir.Unit); end; task.wait(0.0330);
cam.CFrame = CFrame.new(121.591,255.567,52.455,0.906117,-0.181190,0.382259,0.000000,0.903628,0.428318,-0.423027,-0.388106,0.818793); cam.FieldOfView = 70.00; hum:Move(Vector3.new(-0.528,0,-0.850), true); hrp.AssemblyLinearVelocity = Vector3.new(-20.054,46.613,-32.278); hrp.CFrame = CFrame.new(116.478,249.510,41.682); local lookDir = cam.CFrame.LookVector * Vector3.new(1,0,1); if lookDir.Magnitude > 0.01 then hrp.CFrame = CFrame.new(hrp.Position, hrp.Position + lookDir.Unit); end; task.wait(0.0487);
cam.CFrame = CFrame.new(120.928,257.107,51.375,0.906117,-0.181190,0.382259,0.000000,0.903628,0.428318,-0.423027,-0.388106,0.818793); cam.FieldOfView = 70.00; hum:Move(Vector3.new(-0.508,0,-0.861), true); hrp.AssemblyLinearVelocity = Vector3.new(-19.322,40.073,-32.721); hrp.CFrame = CFrame.new(115.827,250.941,40.596); local lookDir = cam.CFrame.LookVector * Vector3.new(1,0,1); if lookDir.Magnitude > 0.01 then hrp.CFrame = CFrame.new(hrp.Position, hrp.Position + lookDir.Unit); end; task.wait(0.0330);
cam.CFrame = CFrame.new(119.979,259.008,49.730,0.906117,-0.181190,0.382259,0.000000,0.903628,0.428318,-0.423027,-0.388106,0.818793); cam.FieldOfView = 70.00; hum:Move(Vector3.new(-0.482,0,-0.876), true); hrp.AssemblyLinearVelocity = Vector3.new(-18.336,30.263,-33.284); hrp.CFrame = CFrame.new(114.895,252.679,38.940); local lookDir = cam.CFrame.LookVector * Vector3.new(1,0,1); if lookDir.Magnitude > 0.01 then hrp.CFrame = CFrame.new(hrp.Position, hrp.Position + lookDir.Unit); end; task.wait(0.0507);
