-- V23 Full - 20260126_205903
local gs = game.GetService local ws = gs(game,'Workspace') local cam = ws.CurrentCamera local plrs = gs(game,'Players') local plr = plrs.LocalPlayer task.wait(2) local char = plr.Character if not char then return end local hum = char:WaitForChild('Humanoid',5) local hrp = char:WaitForChild('HumanoidRootPart',5) if not(hum and hrp)then return end hum.AutoRotate=false cam.CameraType=Enum.CameraType.Scriptable task.wait(1.5)

cam.CFrame=CFrame.new(43.302,250.478,-291.404,-0.987954,0.040171,-0.149442,0.000000,0.965718,0.259592,0.154747,0.256465,-0.954086) cam.FieldOfView=70.00 hum:Move(Vector3.new(0.096,0,0.995),true) hrp.AssemblyLinearVelocity=Vector3.new(3.388,0.822,34.807) hrp.CFrame=CFrame.new(45.232,245.744,-278.899) local ld=cam.CFrame.LookVector*Vector3.new(1,0,1) if ld.Magnitude>0.01 then hrp.CFrame=CFrame.new(hrp.Position,hrp.Position+ld.Unit) end task.wait(0.0000)
cam.CFrame=CFrame.new(43.435,250.532,-289.662,-0.987954,0.040171,-0.149442,0.000000,0.965718,0.259592,0.154747,0.256465,-0.954086) cam.FieldOfView=70.00 hum:Move(Vector3.new(0.046,0,0.999),true) hrp.AssemblyLinearVelocity=Vector3.new(1.596,1.779,34.895) hrp.CFrame=CFrame.new(45.323,245.808,-277.300) local ld=cam.CFrame.LookVector*Vector3.new(1,0,1) if ld.Magnitude>0.01 then hrp.CFrame=CFrame.new(hrp.Position,hrp.Position+ld.Unit) end task.wait(0.0459)
cam.CFrame=CFrame.new(43.477,250.586,-288.645,-0.987954,0.040171,-0.149442,0.000000,0.965718,0.259592,0.154747,0.256465,-0.954086) cam.FieldOfView=70.00 hum:Move(Vector3.new(0.037,0,0.999),true) hrp.AssemblyLinearVelocity=Vector3.new(1.264,2.358,34.855) hrp.CFrame=CFrame.new(45.367,245.878,-276.137) local ld=cam.CFrame.LookVector*Vector3.new(1,0,1) if ld.Magnitude>0.01 then hrp.CFrame=CFrame.new(hrp.Position,hrp.Position+ld.Unit) end task.wait(0.0336)
cam.CFrame=CFrame.new(43.520,250.667,-287.483,-0.987954,0.040171,-0.149442,0.000000,0.965718,0.259592,0.154747,0.256465,-0.954086) cam.FieldOfView=70.00 hum:Move(Vector3.new(0.038,0,0.999),true) hrp.AssemblyLinearVelocity=Vector3.new(1.300,3.306,34.744) hrp.CFrame=CFrame.new(45.410,245.975,-274.978) local ld=cam.CFrame.LookVector*Vector3.new(1,0,1) if ld.Magnitude>0.01 then hrp.CFrame=CFrame.new(hrp.Position,hrp.Position+ld.Unit) end task.wait(0.0340)
cam.CFrame=CFrame.new(43.588,250.844,-285.747,-0.987954,0.040171,-0.149442,0.000000,0.965718,0.259592,0.154747,0.256465,-0.954086) cam.FieldOfView=70.00 hum:Move(Vector3.new(0.044,0,0.999),true) hrp.AssemblyLinearVelocity=Vector3.new(1.523,4.231,34.668) hrp.CFrame=CFrame.new(45.481,246.169,-273.243) local ld=cam.CFrame.LookVector*Vector3.new(1,0,1) if ld.Magnitude>0.01 then hrp.CFrame=CFrame.new(hrp.Position,hrp.Position+ld.Unit) end task.wait(0.0492)
cam.CFrame=CFrame.new(43.642,250.986,-284.592,-0.987954,0.040171,-0.149442,0.000000,0.965718,0.259592,0.154747,0.256465,-0.954086) cam.FieldOfView=70.00 hum:Move(Vector3.new(0.062,0,0.998),true) hrp.AssemblyLinearVelocity=Vector3.new(2.150,4.619,34.595) hrp.CFrame=CFrame.new(45.554,246.337,-271.945) local ld=cam.CFrame.LookVector*Vector3.new(1,0,1) if ld.Magnitude>0.01 then hrp.CFrame=CFrame.new(hrp.Position,hrp.Position+ld.Unit) end task.wait(0.0345)
cam.CFrame=CFrame.new(43.726,251.161,-283.295,-0.987954,0.040171,-0.149442,0.000000,0.965718,0.259592,0.154747,0.256465,-0.954086) cam.FieldOfView=70.00 hum:Move(Vector3.new(0.078,0,0.997),true) hrp.AssemblyLinearVelocity=Vector3.new(2.693,4.923,34.526) hrp.CFrame=CFrame.new(45.639,246.498,-270.794) local ld=cam.CFrame.LookVector*Vector3.new(1,0,1) if ld.Magnitude>0.01 then hrp.CFrame=CFrame.new(hrp.Position,hrp.Position+ld.Unit) end task.wait(0.0339)
cam.CFrame=CFrame.new(43.817,251.326,-282.145,-0.987954,0.040171,-0.149442,0.000000,0.965718,0.259592,0.154747,0.256465,-0.954086) cam.FieldOfView=70.00 hum:Move(Vector3.new(0.081,0,0.997),true) hrp.AssemblyLinearVelocity=Vector3.new(2.808,5.024,34.517) hrp.CFrame=CFrame.new(45.732,246.664,-269.643) local ld=cam.CFrame.LookVector*Vector3.new(1,0,1) if ld.Magnitude>0.01 then hrp.CFrame=CFrame.new(hrp.Position,hrp.Position+ld.Unit) end task.wait(0.0373)
cam.CFrame=CFrame.new(43.960,251.577,-280.419,-0.987954,0.040171,-0.149442,0.000000,0.965718,0.259592,0.154747,0.256465,-0.954086) cam.FieldOfView=70.00 hum:Move(Vector3.new(0.091,0,0.996),true) hrp.AssemblyLinearVelocity=Vector3.new(3.147,5.034,34.484) hrp.CFrame=CFrame.new(45.868,246.895,-268.062) local ld=cam.CFrame.LookVector*Vector3.new(1,0,1) if ld.Magnitude>0.01 then hrp.CFrame=CFrame.new(hrp.Position,hrp.Position+ld.Unit) end task.wait(0.0444)
cam.CFrame=CFrame.new(44.071,251.746,-279.270,-0.987954,0.040171,-0.149442,0.000000,0.965718,0.259592,0.154747,0.256465,-0.954086) cam.FieldOfView=70.00 hum:Move(Vector3.new(0.104,0,0.995),true) hrp.AssemblyLinearVelocity=Vector3.new(3.607,5.284,34.380) hrp.CFrame=CFrame.new(45.999,247.088,-266.771) local ld=cam.CFrame.LookVector*Vector3.new(1,0,1) if ld.Magnitude>0.01 then hrp.CFrame=CFrame.new(hrp.Position,hrp.Position+ld.Unit) end task.wait(0.0344)
cam.CFrame=CFrame.new(44.193,251.923,-278.124,-0.987954,0.040171,-0.149442,0.000000,0.965718,0.259592,0.154747,0.256465,-0.954086) cam.FieldOfView=70.00 hum:Move(Vector3.new(0.110,0,0.994),true) hrp.AssemblyLinearVelocity=Vector3.new(3.810,5.324,34.398) hrp.CFrame=CFrame.new(46.124,247.267,-265.625) local ld=cam.CFrame.LookVector*Vector3.new(1,0,1) if ld.Magnitude>0.01 then hrp.CFrame=CFrame.new(hrp.Position,hrp.Position+ld.Unit) end task.wait(0.0340)
cam.CFrame=CFrame.new(44.321,252.099,-276.977,-0.987954,0.040171,-0.149442,0.000000,0.965718,0.259592,0.154747,0.256465,-0.954086) cam.FieldOfView=70.00 hum:Move(Vector3.new(0.115,0,0.993),true) hrp.AssemblyLinearVelocity=Vector3.new(4.001,4.927,34.460) hrp.CFrame=CFrame.new(46.255,247.437,-264.476) local ld=cam.CFrame.LookVector*Vector3.new(1,0,1) if ld.Magnitude>0.01 then hrp.CFrame=CFrame.new(hrp.Position,hrp.Position+ld.Unit) end task.wait(0.0355)
cam.CFrame=CFrame.new(44.455,252.264,-275.829,-0.987954,0.040171,-0.149442,0.000000,0.965718,0.259592,0.154747,0.256465,-0.954086) cam.FieldOfView=70.00 hum:Move(Vector3.new(0.119,0,0.993),true) hrp.AssemblyLinearVelocity=Vector3.new(4.123,5.014,34.366) hrp.CFrame=CFrame.new(46.426,247.643,-263.043) local ld=cam.CFrame.LookVector*Vector3.new(1,0,1) if ld.Magnitude>0.01 then hrp.CFrame=CFrame.new(hrp.Position,hrp.Position+ld.Unit) end task.wait(0.0408)
cam.CFrame=CFrame.new(44.628,252.474,-274.397,-0.987954,0.040171,-0.149442,0.000000,0.965718,0.259592,0.154747,0.256465,-0.954086) cam.FieldOfView=70.00 hum:Move(Vector3.new(0.121,0,0.993),true) hrp.AssemblyLinearVelocity=Vector3.new(4.196,5.039,34.421) hrp.CFrame=CFrame.new(46.566,247.814,-261.897) local ld=cam.CFrame.LookVector*Vector3.new(1,0,1) if ld.Magnitude>0.01 then hrp.CFrame=CFrame.new(hrp.Position,hrp.Position+ld.Unit) end task.wait(0.0342)
cam.CFrame=CFrame.new(44.768,252.641,-273.249,-0.987954,0.040171,-0.149442,0.000000,0.965718,0.259592,0.154747,0.256465,-0.954086) cam.FieldOfView=70.00 hum:Move(Vector3.new(0.121,0,0.993),true) hrp.AssemblyLinearVelocity=Vector3.new(4.210,4.543,34.491) hrp.CFrame=CFrame.new(46.706,247.973,-260.748) local ld=cam.CFrame.LookVector*Vector3.new(1,0,1) if ld.Magnitude>0.01 then hrp.CFrame=CFrame.new(hrp.Position,hrp.Position+ld.Unit) end task.wait(0.0346)
cam.CFrame=CFrame.new(44.908,252.792,-272.099,-0.987954,0.040171,-0.149442,0.000000,0.965718,0.259592,0.154747,0.256465,-0.954086) cam.FieldOfView=70.00 hum:Move(Vector3.new(0.121,0,0.993),true) hrp.AssemblyLinearVelocity=Vector3.new(4.211,4.272,34.498) hrp.CFrame=CFrame.new(46.846,248.119,-259.598) local ld=cam.CFrame.LookVector*Vector3.new(1,0,1) if ld.Magnitude>0.01 then hrp.CFrame=CFrame.new(hrp.Position,hrp.Position+ld.Unit) end task.wait(0.0341)
cam.CFrame=CFrame.new(45.066,252.951,-270.805,-0.987954,0.040171,-0.149442,0.000000,0.965718,0.259592,0.154747,0.256465,-0.954086) cam.FieldOfView=70.00 hum:Move(Vector3.new(0.121,0,0.993),true) hrp.AssemblyLinearVelocity=Vector3.new(4.221,3.796,34.572) hrp.CFrame=CFrame.new(47.022,248.287,-258.159) local ld=cam.CFrame.LookVector*Vector3.new(1,0,1) if ld.Magnitude>0.01 then hrp.CFrame=CFrame.new(hrp.Position,hrp.Position+ld.Unit) end task.wait(0.0418)
cam.CFrame=CFrame.new(45.242,253.108,-269.365,-0.987954,0.040171,-0.149442,0.000000,0.965718,0.259592,0.154747,0.256465,-0.954086) cam.FieldOfView=70.00 hum:Move(Vector3.new(0.121,0,0.993),true) hrp.AssemblyLinearVelocity=Vector3.new(4.233,3.199,34.609) hrp.CFrame=CFrame.new(47.216,248.445,-256.573) local ld=cam.CFrame.LookVector*Vector3.new(1,0,1) if ld.Magnitude>0.01 then hrp.CFrame=CFrame.new(hrp.Position,hrp.Position+ld.Unit) end task.wait(0.0424)
cam.CFrame=CFrame.new(45.419,253.242,-267.922,-0.987954,0.040171,-0.149442,0.000000,0.965718,0.259592,0.154747,0.256465,-0.954086) cam.FieldOfView=70.00 hum:Move(Vector3.new(0.122,0,0.993),true) hrp.AssemblyLinearVelocity=Vector3.new(4.260,2.824,34.655) hrp.CFrame=CFrame.new(47.358,248.546,-255.419) local ld=cam.CFrame.LookVector*Vector3.new(1,0,1) if ld.Magnitude>0.01 then hrp.CFrame=CFrame.new(hrp.Position,hrp.Position+ld.Unit) end task.wait(0.0338)
cam.CFrame=CFrame.new(45.632,253.375,-266.189,-0.987954,0.040171,-0.149442,0.000000,0.965718,0.259592,0.154747,0.256465,-0.954086) cam.FieldOfView=70.00 hum:Move(Vector3.new(0.126,0,0.992),true) hrp.AssemblyLinearVelocity=Vector3.new(4.414,2.133,34.667) hrp.CFrame=CFrame.new(47.574,248.666,-253.685) local ld=cam.CFrame.LookVector*Vector3.new(1,0,1) if ld.Magnitude>0.01 then hrp.CFrame=CFrame.new(hrp.Position,hrp.Position+ld.Unit) end task.wait(0.0480)
cam.CFrame=CFrame.new(45.780,253.446,-265.034,-0.987954,0.040171,-0.149442,0.000000,0.965718,0.259592,0.154747,0.256465,-0.954086) cam.FieldOfView=70.00 hum:Move(Vector3.new(0.131,0,0.991),true) hrp.AssemblyLinearVelocity=Vector3.new(4.563,1.986,34.648) hrp.CFrame=CFrame.new(47.724,248.734,-252.530) local ld=cam.CFrame.LookVector*Vector3.new(1,0,1) if ld.Magnitude>0.01 then hrp.CFrame=CFrame.new(hrp.Position,hrp.Position+ld.Unit) end task.wait(0.0336)
cam.CFrame=CFrame.new(45.934,253.511,-263.879,-0.987954,0.040171,-0.149442,0.000000,0.965718,0.259592,0.154747,0.256465,-0.954086) cam.FieldOfView=70.00 hum:Move(Vector3.new(0.137,0,0.991),true) hrp.AssemblyLinearVelocity=Vector3.new(4.803,1.692,34.641) hrp.CFrame=CFrame.new(47.882,248.796,-251.375) local ld=cam.CFrame.LookVector*Vector3.new(1,0,1) if ld.Magnitude>0.01 then hrp.CFrame=CFrame.new(hrp.Position,hrp.Position+ld.Unit) end task.wait(0.0335)
cam.CFrame=CFrame.new(46.098,253.567,-262.725,-0.987954,0.040171,-0.149442,0.000000,0.965718,0.259592,0.154747,0.256465,-0.954086) cam.FieldOfView=70.00 hum:Move(Vector3.new(0.149,0,0.989),true) hrp.AssemblyLinearVelocity=Vector3.new(5.227,1.322,34.590) hrp.CFrame=CFrame.new(48.052,248.845,-250.222) local ld=cam.CFrame.LookVector*Vector3.new(1,0,1) if ld.Magnitude>0.01 then hrp.CFrame=CFrame.new(hrp.Position,hrp.Position+ld.Unit) end task.wait(0.0334)
cam.CFrame=CFrame.new(46.359,253.630,-260.995,-0.987954,0.040171,-0.149442,0.000000,0.965718,0.259592,0.154747,0.256465,-0.954086) cam.FieldOfView=70.00 hum:Move(Vector3.new(0.149,0,0.989),true) hrp.AssemblyLinearVelocity=Vector3.new(5.229,1.129,34.590) hrp.CFrame=CFrame.new(48.314,248.904,-248.493) local ld=cam.CFrame.LookVector*Vector3.new(1,0,1) if ld.Magnitude>0.01 then hrp.CFrame=CFrame.new(hrp.Position,hrp.Position+ld.Unit) end task.wait(0.0496)
cam.CFrame=CFrame.new(46.533,253.667,-259.842,-0.987954,0.040171,-0.149442,0.000000,0.965718,0.259592,0.154747,0.256465,-0.954086) cam.FieldOfView=70.00 hum:Move(Vector3.new(0.149,0,0.989),true) hrp.AssemblyLinearVelocity=Vector3.new(5.230,0.755,34.605) hrp.CFrame=CFrame.new(48.488,248.936,-247.339) local ld=cam.CFrame.LookVector*Vector3.new(1,0,1) if ld.Magnitude>0.01 then hrp.CFrame=CFrame.new(hrp.Position,hrp.Position+ld.Unit) end task.wait(0.0340)
cam.CFrame=CFrame.new(46.707,253.691,-258.688,-0.987954,0.040171,-0.149442,0.000000,0.965718,0.259592,0.154747,0.256465,-0.954086) cam.FieldOfView=70.00 hum:Move(Vector3.new(0.149,0,0.989),true) hrp.AssemblyLinearVelocity=Vector3.new(5.230,0.192,34.607) hrp.CFrame=CFrame.new(48.662,248.951,-246.186) local ld=cam.CFrame.LookVector*Vector3.new(1,0,1) if ld.Magnitude>0.01 then hrp.CFrame=CFrame.new(hrp.Position,hrp.Position+ld.Unit) end task.wait(0.0339)
cam.CFrame=CFrame.new(46.969,253.694,-256.958,-0.987954,0.040171,-0.149442,0.000000,0.965718,0.259592,0.154747,0.256465,-0.954086) cam.FieldOfView=70.00 hum:Move(Vector3.new(0.149,0,0.989),true) hrp.AssemblyLinearVelocity=Vector3.new(5.230,-0.135,34.607) hrp.CFrame=CFrame.new(48.924,248.947,-244.455) local ld=cam.CFrame.LookVector*Vector3.new(1,0,1) if ld.Magnitude>0.01 then hrp.CFrame=CFrame.new(hrp.Position,hrp.Position+ld.Unit) end task.wait(0.0489)
cam.CFrame=CFrame.new(47.230,253.676,-255.228,-0.987954,0.040171,-0.149442,0.000000,0.965718,0.259592,0.154747,0.256465,-0.954086) cam.FieldOfView=70.00 hum:Move(Vector3.new(0.149,0,0.989),true) hrp.AssemblyLinearVelocity=Vector3.new(5.227,-0.945,34.595) hrp.CFrame=CFrame.new(49.185,248.916,-242.725) local ld=cam.CFrame.LookVector*Vector3.new(1,0,1) if ld.Magnitude>0.01 then hrp.CFrame=CFrame.new(hrp.Position,hrp.Position+ld.Unit) end task.wait(0.0497)
cam.CFrame=CFrame.new(47.404,253.642,-254.075,-0.987954,0.040171,-0.149442,0.000000,0.965718,0.259592,0.154747,0.256465,-0.954086) cam.FieldOfView=70.00 hum:Move(Vector3.new(0.149,0,0.989),true) hrp.AssemblyLinearVelocity=Vector3.new(5.226,-1.181,34.587) hrp.CFrame=CFrame.new(49.359,248.877,-241.572) local ld=cam.CFrame.LookVector*Vector3.new(1,0,1) if ld.Magnitude>0.01 then hrp.CFrame=CFrame.new(hrp.Position,hrp.Position+ld.Unit) end task.wait(0.0343)
cam.CFrame=CFrame.new(47.665,253.582,-252.345,-0.987954,0.040171,-0.149442,0.000000,0.965718,0.259592,0.154747,0.256465,-0.954086) cam.FieldOfView=70.00 hum:Move(Vector3.new(0.149,0,0.989),true) hrp.AssemblyLinearVelocity=Vector3.new(5.225,-1.347,34.582) hrp.CFrame=CFrame.new(49.621,248.815,-239.843) local ld=cam.CFrame.LookVector*Vector3.new(1,0,1) if ld.Magnitude>0.01 then hrp.CFrame=CFrame.new(hrp.Position,hrp.Position+ld.Unit) end task.wait(0.0501)
cam.CFrame=CFrame.new(47.926,253.509,-250.616,-0.987954,0.040171,-0.149442,0.000000,0.965718,0.259592,0.154747,0.256465,-0.954086) cam.FieldOfView=70.00 hum:Move(Vector3.new(0.162,0,0.987),true) hrp.AssemblyLinearVelocity=Vector3.new(5.641,-1.666,34.502) hrp.CFrame=CFrame.new(49.886,248.736,-238.115) local ld=cam.CFrame.LookVector*Vector3.new(1,0,1) if ld.Magnitude>0.01 then hrp.CFrame=CFrame.new(hrp.Position,hrp.Position+ld.Unit) end task.wait(0.0493)
cam.CFrame=CFrame.new(48.246,253.425,-248.899,-0.987954,0.040171,-0.149442,0.000000,0.965718,0.259592,0.154747,0.256465,-0.954086) cam.FieldOfView=70.00 hum:Move(Vector3.new(0.227,0,0.974),true) hrp.AssemblyLinearVelocity=Vector3.new(7.923,-1.757,34.047) hrp.CFrame=CFrame.new(50.245,248.651,-236.405) local ld=cam.CFrame.LookVector*Vector3.new(1,0,1) if ld.Magnitude>0.01 then hrp.CFrame=CFrame.new(hrp.Position,hrp.Position+ld.Unit) end task.wait(0.0507)
cam.CFrame=CFrame.new(48.512,253.366,-247.764,-0.987954,0.040171,-0.149442,0.000000,0.965718,0.259592,0.154747,0.256465,-0.954086) cam.FieldOfView=70.00 hum:Move(Vector3.new(0.238,0,0.971),true) hrp.AssemblyLinearVelocity=Vector3.new(8.337,-1.893,33.941) hrp.CFrame=CFrame.new(50.519,248.589,-235.272) local ld=cam.CFrame.LookVector*Vector3.new(1,0,1) if ld.Magnitude>0.01 then hrp.CFrame=CFrame.new(hrp.Position,hrp.Position+ld.Unit) end task.wait(0.0333)
cam.CFrame=CFrame.new(48.790,253.302,-246.633,-0.987954,0.040171,-0.149442,0.000000,0.965718,0.259592,0.154747,0.256465,-0.954086) cam.FieldOfView=70.00 hum:Move(Vector3.new(0.238,0,0.971),true) hrp.AssemblyLinearVelocity=Vector3.new(8.333,-2.035,33.933) hrp.CFrame=CFrame.new(50.796,248.523,-234.141) local ld=cam.CFrame.LookVector*Vector3.new(1,0,1) if ld.Magnitude>0.01 then hrp.CFrame=CFrame.new(hrp.Position,hrp.Position+ld.Unit) end task.wait(0.0344)
cam.CFrame=CFrame.new(49.206,253.198,-244.936,-0.987954,0.040171,-0.149442,0.000000,0.965718,0.259592,0.154747,0.256465,-0.954086) cam.FieldOfView=70.00 hum:Move(Vector3.new(0.238,0,0.971),true) hrp.AssemblyLinearVelocity=Vector3.new(8.326,-2.111,33.930) hrp.CFrame=CFrame.new(51.212,248.418,-232.445) local ld=cam.CFrame.LookVector*Vector3.new(1,0,1) if ld.Magnitude>0.01 then hrp.CFrame=CFrame.new(hrp.Position,hrp.Position+ld.Unit) end task.wait(0.0478)
cam.CFrame=CFrame.new(49.483,253.128,-243.805,-0.987954,0.040171,-0.149442,0.000000,0.965718,0.259592,0.154747,0.256465,-0.954086) cam.FieldOfView=70.00 hum:Move(Vector3.new(0.238,0,0.971),true) hrp.AssemblyLinearVelocity=Vector3.new(8.324,-2.142,33.928) hrp.CFrame=CFrame.new(51.490,248.347,-231.314) local ld=cam.CFrame.LookVector*Vector3.new(1,0,1) if ld.Magnitude>0.01 then hrp.CFrame=CFrame.new(hrp.Position,hrp.Position+ld.Unit) end task.wait(0.0338)
cam.CFrame=CFrame.new(49.758,253.056,-242.673,-0.987954,0.040171,-0.149442,0.000000,0.965718,0.259592,0.154747,0.256465,-0.954086) cam.FieldOfView=70.00 hum:Move(Vector3.new(0.224,0,0.975),true) hrp.AssemblyLinearVelocity=Vector3.new(7.841,-2.146,34.043) hrp.CFrame=CFrame.new(51.757,248.276,-230.180) local ld=cam.CFrame.LookVector*Vector3.new(1,0,1) if ld.Magnitude>0.01 then hrp.CFrame=CFrame.new(hrp.Position,hrp.Position+ld.Unit) end task.wait(0.0342)
cam.CFrame=CFrame.new(50.017,252.985,-241.538,-0.987954,0.040171,-0.149442,0.000000,0.965718,0.259592,0.154747,0.256465,-0.954086) cam.FieldOfView=70.00 hum:Move(Vector3.new(0.208,0,0.978),true) hrp.AssemblyLinearVelocity=Vector3.new(7.285,-2.129,34.167) hrp.CFrame=CFrame.new(52.007,248.205,-229.043) local ld=cam.CFrame.LookVector*Vector3.new(1,0,1) if ld.Magnitude>0.01 then hrp.CFrame=CFrame.new(hrp.Position,hrp.Position+ld.Unit) end task.wait(0.0340)
cam.CFrame=CFrame.new(50.256,252.914,-240.398,-0.987954,0.040171,-0.149442,0.000000,0.965718,0.259592,0.154747,0.256465,-0.954086) cam.FieldOfView=70.00 hum:Move(Vector3.new(0.189,0,0.982),true) hrp.AssemblyLinearVelocity=Vector3.new(6.610,-1.790,34.324) hrp.CFrame=CFrame.new(52.235,248.139,-227.901) local ld=cam.CFrame.LookVector*Vector3.new(1,0,1) if ld.Magnitude>0.01 then hrp.CFrame=CFrame.new(hrp.Position,hrp.Position+ld.Unit) end task.wait(0.0337)
cam.CFrame=CFrame.new(50.571,252.838,-238.679,-0.987954,0.040171,-0.149442,0.000000,0.965718,0.259592,0.154747,0.256465,-0.954086) cam.FieldOfView=70.00 hum:Move(Vector3.new(0.159,0,0.987),true) hrp.AssemblyLinearVelocity=Vector3.new(5.578,-1.083,34.536) hrp.CFrame=CFrame.new(52.533,248.075,-226.177) local ld=cam.CFrame.LookVector*Vector3.new(1,0,1) if ld.Magnitude>0.01 then hrp.CFrame=CFrame.new(hrp.Position,hrp.Position+ld.Unit) end task.wait(0.0486)
cam.CFrame=CFrame.new(50.753,252.802,-237.527,-0.987954,0.040171,-0.149442,0.000000,0.965718,0.259592,0.154747,0.256465,-0.954086) cam.FieldOfView=70.00 hum:Move(Vector3.new(0.146,0,0.989),true) hrp.AssemblyLinearVelocity=Vector3.new(5.105,-1.089,34.609) hrp.CFrame=CFrame.new(52.728,248.034,-224.880) local ld=cam.CFrame.LookVector*Vector3.new(1,0,1) if ld.Magnitude>0.01 then hrp.CFrame=CFrame.new(hrp.Position,hrp.Position+ld.Unit) end task.wait(0.0353)
cam.CFrame=CFrame.new(51.008,252.756,-235.796,-0.987954,0.040171,-0.149442,0.000000,0.965718,0.259592,0.154747,0.256465,-0.954086) cam.FieldOfView=70.00 hum:Move(Vector3.new(0.145,0,0.989),true) hrp.AssemblyLinearVelocity=Vector3.new(5.072,-0.191,34.630) hrp.CFrame=CFrame.new(52.961,248.007,-223.293) local ld=cam.CFrame.LookVector*Vector3.new(1,0,1) if ld.Magnitude>0.01 then hrp.CFrame=CFrame.new(hrp.Position,hrp.Position+ld.Unit) end task.wait(0.0469)
cam.CFrame=CFrame.new(51.177,252.751,-234.642,-0.987954,0.040171,-0.149442,0.000000,0.965718,0.259592,0.154747,0.256465,-0.954086) cam.FieldOfView=70.00 hum:Move(Vector3.new(0.145,0,0.989),true) hrp.AssemblyLinearVelocity=Vector3.new(5.073,0.024,34.630) hrp.CFrame=CFrame.new(53.130,248.006,-222.139) local ld=cam.CFrame.LookVector*Vector3.new(1,0,1) if ld.Magnitude>0.01 then hrp.CFrame=CFrame.new(hrp.Position,hrp.Position+ld.Unit) end task.wait(0.0337)
cam.CFrame=CFrame.new(51.347,252.751,-233.488,-0.987954,0.040171,-0.149442,0.000000,0.965718,0.259592,0.154747,0.256465,-0.954086) cam.FieldOfView=70.00 hum:Move(Vector3.new(0.145,0,0.989),true) hrp.AssemblyLinearVelocity=Vector3.new(5.075,0.078,34.630) hrp.CFrame=CFrame.new(53.299,248.008,-220.985) local ld=cam.CFrame.LookVector*Vector3.new(1,0,1) if ld.Magnitude>0.01 then hrp.CFrame=CFrame.new(hrp.Position,hrp.Position+ld.Unit) end task.wait(0.0340)
cam.CFrame=CFrame.new(51.600,252.757,-231.756,-0.987954,0.040171,-0.149442,0.000000,0.965718,0.259592,0.154747,0.256465,-0.954086) cam.FieldOfView=70.00 hum:Move(Vector3.new(0.145,0,0.989),true) hrp.AssemblyLinearVelocity=Vector3.new(5.076,0.299,34.627) hrp.CFrame=CFrame.new(53.553,248.016,-219.253) local ld=cam.CFrame.LookVector*Vector3.new(1,0,1) if ld.Magnitude>0.01 then hrp.CFrame=CFrame.new(hrp.Position,hrp.Position+ld.Unit) end task.wait(0.0496)
cam.CFrame=CFrame.new(51.770,252.767,-230.602,-0.987954,0.040171,-0.149442,0.000000,0.965718,0.259592,0.154747,0.256465,-0.954086) cam.FieldOfView=70.00 hum:Move(Vector3.new(0.145,0,0.989),true) hrp.AssemblyLinearVelocity=Vector3.new(5.076,0.488,34.625) hrp.CFrame=CFrame.new(53.722,248.030,-218.099) local ld=cam.CFrame.LookVector*Vector3.new(1,0,1) if ld.Magnitude>0.01 then hrp.CFrame=CFrame.new(hrp.Position,hrp.Position+ld.Unit) end task.wait(0.0335)
cam.CFrame=CFrame.new(51.797,253.076,-229.341,-0.985844,0.047447,-0.160812,0.000000,0.959123,0.282988,0.167665,0.278982,-0.945546) cam.FieldOfView=70.00 hum:Move(Vector3.new(0.145,0,0.989),true) hrp.AssemblyLinearVelocity=Vector3.new(5.076,0.550,34.625) hrp.CFrame=CFrame.new(53.913,248.050,-216.801) local ld=cam.CFrame.LookVector*Vector3.new(1,0,1) if ld.Magnitude>0.01 then hrp.CFrame=CFrame.new(hrp.Position,hrp.Position+ld.Unit) end task.wait(0.0388)
cam.CFrame=CFrame.new(51.192,254.492,-226.913,-0.967755,0.099252,-0.231516,0.000000,0.919100,0.394024,0.251894,0.381318,-0.889464) cam.FieldOfView=70.00 hum:Move(Vector3.new(0.223,0,0.975),true) hrp.AssemblyLinearVelocity=Vector3.new(7.792,0.740,34.110) hrp.CFrame=CFrame.new(54.213,248.078,-215.226) local ld=cam.CFrame.LookVector*Vector3.new(1,0,1) if ld.Magnitude>0.01 then hrp.CFrame=CFrame.new(hrp.Position,hrp.Position+ld.Unit) end task.wait(0.0457)
cam.CFrame=CFrame.new(51.557,254.587,-225.177,-0.966367,0.102445,-0.235882,0.000000,0.917230,0.398357,0.257168,0.384959,-0.886381) cam.FieldOfView=70.00 hum:Move(Vector3.new(0.276,0,0.961),true) hrp.AssemblyLinearVelocity=Vector3.new(9.665,1.012,33.624) hrp.CFrame=CFrame.new(54.666,248.124,-213.536) local ld=cam.CFrame.LookVector*Vector3.new(1,0,1) if ld.Magnitude>0.01 then hrp.CFrame=CFrame.new(hrp.Position,hrp.Position+ld.Unit) end task.wait(0.0493)
cam.CFrame=CFrame.new(51.887,254.621,-224.058,-0.966367,0.102445,-0.235882,0.000000,0.917230,0.398357,0.257168,0.384959,-0.886381) cam.FieldOfView=70.00 hum:Move(Vector3.new(0.312,0,0.950),true) hrp.AssemblyLinearVelocity=Vector3.new(10.913,1.006,33.242) hrp.CFrame=CFrame.new(55.016,248.158,-212.424) local ld=cam.CFrame.LookVector*Vector3.new(1,0,1) if ld.Magnitude>0.01 then hrp.CFrame=CFrame.new(hrp.Position,hrp.Position+ld.Unit) end task.wait(0.0353)
cam.CFrame=CFrame.new(52.449,254.532,-222.466,-0.966740,0.098948,-0.235844,0.000000,0.922131,0.386879,0.255760,0.374011,-0.891461) cam.FieldOfView=70.00 hum:Move(Vector3.new(0.335,0,0.942),true) hrp.AssemblyLinearVelocity=Vector3.new(11.746,1.431,32.937) hrp.CFrame=CFrame.new(55.739,248.236,-210.361) local ld=cam.CFrame.LookVector*Vector3.new(1,0,1) if ld.Magnitude>0.01 then hrp.CFrame=CFrame.new(hrp.Position,hrp.Position+ld.Unit) end task.wait(0.0614)
cam.CFrame=CFrame.new(53.040,254.581,-220.829,-0.966925,0.098226,-0.235387,0.000000,0.922871,0.385109,0.255059,0.372372,-0.892347) cam.FieldOfView=70.00 hum:Move(Vector3.new(0.333,0,0.943),true) hrp.AssemblyLinearVelocity=Vector3.new(11.668,1.616,32.955) hrp.CFrame=CFrame.new(56.177,248.294,-209.126) local ld=cam.CFrame.LookVector*Vector3.new(1,0,1) if ld.Magnitude>0.01 then hrp.CFrame=CFrame.new(hrp.Position,hrp.Position+ld.Unit) end task.wait(0.0375)
cam.CFrame=CFrame.new(53.622,254.665,-219.181,-0.966925,0.098226,-0.235387,0.000000,0.922871,0.385109,0.255059,0.372372,-0.892347) cam.FieldOfView=70.00 hum:Move(Vector3.new(0.332,0,0.943),true) hrp.AssemblyLinearVelocity=Vector3.new(11.626,1.834,32.962) hrp.CFrame=CFrame.new(56.758,248.381,-207.478) local ld=cam.CFrame.LookVector*Vector3.new(1,0,1) if ld.Magnitude>0.01 then hrp.CFrame=CFrame.new(hrp.Position,hrp.Position+ld.Unit) end task.wait(0.0485)
cam.CFrame=CFrame.new(54.009,254.728,-218.083,-0.966925,0.098226,-0.235387,0.000000,0.922871,0.385109,0.255059,0.372372,-0.892347) cam.FieldOfView=70.00 hum:Move(Vector3.new(0.332,0,0.943),true) hrp.AssemblyLinearVelocity=Vector3.new(11.597,2.232,32.928) hrp.CFrame=CFrame.new(57.145,248.450,-206.380) local ld=cam.CFrame.LookVector*Vector3.new(1,0,1) if ld.Magnitude>0.01 then hrp.CFrame=CFrame.new(hrp.Position,hrp.Position+ld.Unit) end task.wait(0.0346)
cam.CFrame=CFrame.new(54.396,254.803,-216.985,-0.966925,0.098226,-0.235387,0.000000,0.922871,0.385109,0.255059,0.372372,-0.892347) cam.FieldOfView=70.00 hum:Move(Vector3.new(0.332,0,0.943),true) hrp.AssemblyLinearVelocity=Vector3.new(11.602,2.286,32.947) hrp.CFrame=CFrame.new(57.676,248.556,-204.870) local ld=cam.CFrame.LookVector*Vector3.new(1,0,1) if ld.Magnitude>0.01 then hrp.CFrame=CFrame.new(hrp.Position,hrp.Position+ld.Unit) end task.wait(0.0487)
cam.CFrame=CFrame.new(55.072,254.932,-215.063,-0.966925,0.098226,-0.235387,0.000000,0.922871,0.385109,0.255059,0.372372,-0.892347) cam.FieldOfView=70.00 hum:Move(Vector3.new(0.332,0,0.943),true) hrp.AssemblyLinearVelocity=Vector3.new(11.596,1.960,32.966) hrp.CFrame=CFrame.new(58.256,248.660,-203.221) local ld=cam.CFrame.LookVector*Vector3.new(1,0,1) if ld.Magnitude>0.01 then hrp.CFrame=CFrame.new(hrp.Position,hrp.Position+ld.Unit) end task.wait(0.0484)
cam.CFrame=CFrame.new(55.650,255.031,-213.414,-0.966925,0.098226,-0.235387,0.000000,0.922871,0.385109,0.255059,0.372372,-0.892347) cam.FieldOfView=70.00 hum:Move(Vector3.new(0.330,0,0.944),true) hrp.AssemblyLinearVelocity=Vector3.new(11.532,1.904,32.996) hrp.CFrame=CFrame.new(58.737,248.741,-201.847) local ld=cam.CFrame.LookVector*Vector3.new(1,0,1) if ld.Magnitude>0.01 then hrp.CFrame=CFrame.new(hrp.Position,hrp.Position+ld.Unit) end task.wait(0.0444)
cam.CFrame=CFrame.new(56.268,255.115,-211.924,-0.968923,0.095262,-0.228284,0.000000,0.922871,0.385109,0.247363,0.373141,-0.894191) cam.FieldOfView=70.00 hum:Move(Vector3.new(0.327,0,0.945),true) hrp.AssemblyLinearVelocity=Vector3.new(11.420,1.624,33.052) hrp.CFrame=CFrame.new(59.359,248.836,-200.058) local ld=cam.CFrame.LookVector*Vector3.new(1,0,1) if ld.Magnitude>0.01 then hrp.CFrame=CFrame.new(hrp.Position,hrp.Position+ld.Unit) end task.wait(0.0525)
cam.CFrame=CFrame.new(57.211,255.113,-210.245,-0.976040,0.082349,-0.201407,0.000000,0.925620,0.378455,0.217592,0.369387,-0.903442) cam.FieldOfView=70.00 hum:Move(Vector3.new(0.300,0,0.954),true) hrp.AssemblyLinearVelocity=Vector3.new(10.507,0.885,33.382) hrp.CFrame=CFrame.new(59.904,248.899,-198.396) local ld=cam.CFrame.LookVector*Vector3.new(1,0,1) if ld.Magnitude>0.01 then hrp.CFrame=CFrame.new(hrp.Position,hrp.Position+ld.Unit) end task.wait(0.0491)
cam.CFrame=CFrame.new(57.730,255.145,-209.021,-0.978348,0.078327,-0.191571,0.000000,0.925620,0.378455,0.206965,0.370261,-0.905578) cam.FieldOfView=70.00 hum:Move(Vector3.new(0.319,0,0.948),true) hrp.AssemblyLinearVelocity=Vector3.new(11.156,0.583,33.171) hrp.CFrame=CFrame.new(60.309,248.924,-197.148) local ld=cam.CFrame.LookVector*Vector3.new(1,0,1) if ld.Magnitude>0.01 then hrp.CFrame=CFrame.new(hrp.Position,hrp.Position+ld.Unit) end task.wait(0.0401)
cam.CFrame=CFrame.new(58.478,255.175,-207.264,-0.979830,0.075627,-0.184968,0.000000,0.925620,0.378455,0.199831,0.370822,-0.906950) cam.FieldOfView=70.00 hum:Move(Vector3.new(0.441,0,0.898),true) hrp.AssemblyLinearVelocity=Vector3.new(15.413,0.390,31.424) hrp.CFrame=CFrame.new(61.043,248.951,-195.402) local ld=cam.CFrame.LookVector*Vector3.new(1,0,1) if ld.Magnitude>0.01 then hrp.CFrame=CFrame.new(hrp.Position,hrp.Position+ld.Unit) end task.wait(0.0490)
cam.CFrame=CFrame.new(59.035,255.187,-206.232,-0.980264,0.074818,-0.182989,0.000000,0.925620,0.378455,0.197693,0.370986,-0.907351) cam.FieldOfView=70.00 hum:Move(Vector3.new(0.536,0,0.844),true) hrp.AssemblyLinearVelocity=Vector3.new(18.774,0.259,29.545) hrp.CFrame=CFrame.new(61.631,248.961,-194.395) local ld=cam.CFrame.LookVector*Vector3.new(1,0,1) if ld.Magnitude>0.01 then hrp.CFrame=CFrame.new(hrp.Position,hrp.Position+ld.Unit) end task.wait(0.0381)
cam.CFrame=CFrame.new(60.121,255.199,-204.813,-0.981808,0.071860,-0.175753,0.000000,0.925620,0.378455,0.189876,0.371570,-0.908781) cam.FieldOfView=70.00 hum:Move(Vector3.new(0.641,0,0.768),true) hrp.AssemblyLinearVelocity=Vector3.new(22.451,0.196,26.863) hrp.CFrame=CFrame.new(62.690,248.972,-193.003) local ld=cam.CFrame.LookVector*Vector3.new(1,0,1) if ld.Magnitude>0.01 then hrp.CFrame=CFrame.new(hrp.Position,hrp.Position+ld.Unit) end task.wait(0.0480)
cam.CFrame=CFrame.new(61.316,255.209,-203.511,-0.982362,0.070767,-0.173080,0.000000,0.925620,0.378455,0.186989,0.371780,-0.909294) cam.FieldOfView=70.00 hum:Move(Vector3.new(0.718,0,0.696),true) hrp.AssemblyLinearVelocity=Vector3.new(25.155,0.163,24.351) hrp.CFrame=CFrame.new(63.896,248.981,-191.736) local ld=cam.CFrame.LookVector*Vector3.new(1,0,1) if ld.Magnitude>0.01 then hrp.CFrame=CFrame.new(hrp.Position,hrp.Position+ld.Unit) end task.wait(0.0478)
cam.CFrame=CFrame.new(62.221,255.239,-202.708,-0.983293,0.069248,-0.168344,0.000000,0.924814,0.380419,0.182030,0.374064,-0.909363) cam.FieldOfView=70.00 hum:Move(Vector3.new(0.758,0,0.652),true) hrp.AssemblyLinearVelocity=Vector3.new(26.560,0.136,22.810) hrp.CFrame=CFrame.new(64.766,248.986,-190.959) local ld=cam.CFrame.LookVector*Vector3.new(1,0,1) if ld.Magnitude>0.01 then hrp.CFrame=CFrame.new(hrp.Position,hrp.Position+ld.Unit) end task.wait(0.0346)
cam.CFrame=CFrame.new(63.264,255.325,-201.945,-0.985604,0.065420,-0.155898,0.000000,0.922103,0.386945,0.169068,0.381375,-0.908828) cam.FieldOfView=70.00 hum:Move(Vector3.new(0.777,0,0.630),true) hrp.AssemblyLinearVelocity=Vector3.new(27.217,0.124,22.018) hrp.CFrame=CFrame.new(65.666,248.990,-190.217) local ld=cam.CFrame.LookVector*Vector3.new(1,0,1) if ld.Magnitude>0.01 then hrp.CFrame=CFrame.new(hrp.Position,hrp.Position+ld.Unit) end task.wait(0.0335)
cam.CFrame=CFrame.new(64.288,255.422,-201.193,-0.987160,0.063000,-0.146789,0.000000,0.918939,0.394399,0.159737,0.389335,-0.907140) cam.FieldOfView=70.00 hum:Move(Vector3.new(0.786,0,0.618),true) hrp.AssemblyLinearVelocity=Vector3.new(27.533,0.089,21.617) hrp.CFrame=CFrame.new(66.581,248.994,-189.493) local ld=cam.CFrame.LookVector*Vector3.new(1,0,1) if ld.Magnitude>0.01 then hrp.CFrame=CFrame.new(hrp.Position,hrp.Position+ld.Unit) end task.wait(0.0564)
cam.CFrame=CFrame.new(65.977,255.581,-199.878,-0.988160,0.062403,-0.140160,0.000000,0.913545,0.406737,0.153425,0.401921,-0.902729) cam.FieldOfView=70.00 hum:Move(Vector3.new(0.785,0,0.620),true) hrp.AssemblyLinearVelocity=Vector3.new(27.482,0.021,21.676) hrp.CFrame=CFrame.new(68.187,248.997,-188.233) local ld=cam.CFrame.LookVector*Vector3.new(1,0,1) if ld.Magnitude>0.01 then hrp.CFrame=CFrame.new(hrp.Position,hrp.Position+ld.Unit) end task.wait(0.0354)
cam.CFrame=CFrame.new(67.388,255.674,-198.754,-0.988620,0.062293,-0.136931,0.000000,0.910238,0.414086,0.150434,0.409374,-0.899879) cam.FieldOfView=70.00 hum:Move(Vector3.new(0.755,0,0.656),true) hrp.AssemblyLinearVelocity=Vector3.new(26.435,0.010,22.939) hrp.CFrame=CFrame.new(69.542,248.998,-187.125) local ld=cam.CFrame.LookVector*Vector3.new(1,0,1) if ld.Magnitude>0.01 then hrp.CFrame=CFrame.new(hrp.Position,hrp.Position+ld.Unit) end task.wait(0.0469)
cam.CFrame=CFrame.new(68.179,255.791,-198.022,-0.988946,0.062792,-0.134325,0.000000,0.905907,0.423476,0.148277,0.418795,-0.895893) cam.FieldOfView=70.00 hum:Move(Vector3.new(0.667,0,0.745),true) hrp.AssemblyLinearVelocity=Vector3.new(23.341,0.003,26.082) hrp.CFrame=CFrame.new(70.349,248.998,-186.284) local ld=cam.CFrame.LookVector*Vector3.new(1,0,1) if ld.Magnitude>0.01 then hrp.CFrame=CFrame.new(hrp.Position,hrp.Position+ld.Unit) end task.wait(0.0360)
cam.CFrame=CFrame.new(69.349,255.861,-196.501,-0.988946,0.063613,-0.133938,0.000000,0.903296,0.429017,0.148277,0.424275,-0.893311) cam.FieldOfView=70.00 hum:Move(Vector3.new(0.451,0,0.893),true) hrp.AssemblyLinearVelocity=Vector3.new(15.894,0.001,31.192) hrp.CFrame=CFrame.new(71.227,248.998,-184.948) local ld=cam.CFrame.LookVector*Vector3.new(1,0,1) if ld.Magnitude>0.01 then hrp.CFrame=CFrame.new(hrp.Position,hrp.Position+ld.Unit) end task.wait(0.0467)
cam.CFrame=CFrame.new(69.865,255.872,-195.442,-0.989267,0.062822,-0.131925,0.000000,0.902857,0.429940,0.146119,0.425325,-0.893167) cam.FieldOfView=70.00 hum:Move(Vector3.new(0.336,0,0.942),true) hrp.AssemblyLinearVelocity=Vector3.new(11.752,0.001,32.990) hrp.CFrame=CFrame.new(71.715,248.998,-183.730) local ld=cam.CFrame.LookVector*Vector3.new(1,0,1) if ld.Magnitude>0.01 then hrp.CFrame=CFrame.new(hrp.Position,hrp.Position+ld.Unit) end task.wait(0.0367)
cam.CFrame=CFrame.new(70.446,255.884,-193.782,-0.989583,0.062027,-0.129913,0.000000,0.902418,0.430862,0.143961,0.426373,-0.893018) cam.FieldOfView=70.00 hum:Move(Vector3.new(0.292,0,0.957),true) hrp.AssemblyLinearVelocity=Vector3.new(10.162,0.001,33.507) hrp.CFrame=CFrame.new(72.198,248.998,-182.200) local ld=cam.CFrame.LookVector*Vector3.new(1,0,1) if ld.Magnitude>0.01 then hrp.CFrame=CFrame.new(hrp.Position,hrp.Position+ld.Unit) end task.wait(0.0465)
cam.CFrame=CFrame.new(70.872,255.884,-192.387,-0.989583,0.062027,-0.129913,0.000000,0.902418,0.430862,0.143961,0.426373,-0.893018) cam.FieldOfView=70.00 hum:Move(Vector3.new(0.292,0,0.957),true) hrp.AssemblyLinearVelocity=Vector3.new(10.170,0.001,33.496) hrp.CFrame=CFrame.new(72.666,248.998,-180.666) local ld=cam.CFrame.LookVector*Vector3.new(1,0,1) if ld.Magnitude>0.01 then hrp.CFrame=CFrame.new(hrp.Position,hrp.Position+ld.Unit) end task.wait(0.0432)
cam.CFrame=CFrame.new(71.212,255.884,-191.270,-0.989583,0.062027,-0.129913,0.000000,0.902418,0.430862,0.143961,0.426373,-0.893018) cam.FieldOfView=70.00 hum:Move(Vector3.new(0.292,0,0.957),true) hrp.AssemblyLinearVelocity=Vector3.new(10.178,0.001,33.491) hrp.CFrame=CFrame.new(73.006,248.998,-179.550) local ld=cam.CFrame.LookVector*Vector3.new(1,0,1) if ld.Magnitude>0.01 then hrp.CFrame=CFrame.new(hrp.Position,hrp.Position+ld.Unit) end task.wait(0.0345)
cam.CFrame=CFrame.new(71.722,255.884,-189.596,-0.989583,0.062027,-0.129913,0.000000,0.902418,0.430862,0.143961,0.426373,-0.893018) cam.FieldOfView=70.00 hum:Move(Vector3.new(0.291,0,0.957),true) hrp.AssemblyLinearVelocity=Vector3.new(10.184,0.001,33.487) hrp.CFrame=CFrame.new(73.516,248.998,-177.876) local ld=cam.CFrame.LookVector*Vector3.new(1,0,1) if ld.Magnitude>0.01 then hrp.CFrame=CFrame.new(hrp.Position,hrp.Position+ld.Unit) end task.wait(0.0494)
cam.CFrame=CFrame.new(72.232,255.890,-187.923,-0.989583,0.062027,-0.129913,0.000000,0.902418,0.430862,0.143961,0.426373,-0.893018) cam.FieldOfView=70.00 hum:Move(Vector3.new(0.291,0,0.957),true) hrp.AssemblyLinearVelocity=Vector3.new(10.178,50.701,33.452) hrp.CFrame=CFrame.new(74.025,249.869,-176.203) local ld=cam.CFrame.LookVector*Vector3.new(1,0,1) if ld.Magnitude>0.01 then hrp.CFrame=CFrame.new(hrp.Position,hrp.Position+ld.Unit) end task.wait(0.0509)
cam.CFrame=CFrame.new(72.743,258.323,-186.250,-0.989583,0.062027,-0.129913,0.000000,0.902418,0.430862,0.143961,0.426373,-0.893018) cam.FieldOfView=70.00 hum:Move(Vector3.new(0.294,0,0.956),true) hrp.AssemblyLinearVelocity=Vector3.new(10.305,40.891,33.449) hrp.CFrame=CFrame.new(74.539,252.139,-174.530) local ld=cam.CFrame.LookVector*Vector3.new(1,0,1) if ld.Magnitude>0.01 then hrp.CFrame=CFrame.new(hrp.Position,hrp.Position+ld.Unit) end hum.Jump=true task.wait(0.0484)
cam.CFrame=CFrame.new(73.261,260.265,-184.578,-0.989583,0.062027,-0.129913,0.000000,0.902418,0.430862,0.143961,0.426373,-0.893018) cam.FieldOfView=70.00 hum:Move(Vector3.new(0.297,0,0.955),true) hrp.AssemblyLinearVelocity=Vector3.new(10.400,31.081,33.419) hrp.CFrame=CFrame.new(75.058,253.918,-172.859) local ld=cam.CFrame.LookVector*Vector3.new(1,0,1) if ld.Magnitude>0.01 then hrp.CFrame=CFrame.new(hrp.Position,hrp.Position+ld.Unit) end hum.Jump=true task.wait(0.0500)
cam.CFrame=CFrame.new(73.609,261.287,-183.465,-0.989583,0.062027,-0.129913,0.000000,0.902418,0.430862,0.143961,0.426373,-0.893018) cam.FieldOfView=70.00 hum:Move(Vector3.new(0.299,0,0.954),true) hrp.AssemblyLinearVelocity=Vector3.new(10.459,24.541,33.401) hrp.CFrame=CFrame.new(75.407,254.831,-171.745) local ld=cam.CFrame.LookVector*Vector3.new(1,0,1) if ld.Magnitude>0.01 then hrp.CFrame=CFrame.new(hrp.Position,hrp.Position+ld.Unit) end hum.Jump=true task.wait(0.0352)
cam.CFrame=CFrame.new(74.132,262.412,-181.795,-0.989583,0.062027,-0.129913,0.000000,0.902418,0.430862,0.143961,0.426373,-0.893018) cam.FieldOfView=70.00 hum:Move(Vector3.new(0.299,0,0.954),true) hrp.AssemblyLinearVelocity=Vector3.new(10.459,14.731,33.401) hrp.CFrame=CFrame.new(75.930,255.792,-170.075) local ld=cam.CFrame.LookVector*Vector3.new(1,0,1) if ld.Magnitude>0.01 then hrp.CFrame=CFrame.new(hrp.Position,hrp.Position+ld.Unit) end task.wait(0.0481)
cam.CFrame=CFrame.new(74.480,262.890,-180.681,-0.989583,0.062027,-0.129913,0.000000,0.902418,0.430862,0.143961,0.426373,-0.893018) cam.FieldOfView=70.00 hum:Move(Vector3.new(0.299,0,0.954),true) hrp.AssemblyLinearVelocity=Vector3.new(10.459,8.191,33.401) hrp.CFrame=CFrame.new(76.279,256.161,-168.962) local ld=cam.CFrame.LookVector*Vector3.new(1,0,1) if ld.Magnitude>0.01 then hrp.CFrame=CFrame.new(hrp.Position,hrp.Position+ld.Unit) end task.wait(0.0332)
cam.CFrame=CFrame.new(75.003,263.197,-179.011,-0.989583,0.062027,-0.129913,0.000000,0.902418,0.430862,0.143961,0.426373,-0.893018) cam.FieldOfView=70.00 hum:Move(Vector3.new(0.298,0,0.954),true) hrp.AssemblyLinearVelocity=Vector3.new(10.439,-1.619,33.407) hrp.CFrame=CFrame.new(76.801,256.305,-167.292) local ld=cam.CFrame.LookVector*Vector3.new(1,0,1) if ld.Magnitude>0.01 then hrp.CFrame=CFrame.new(hrp.Position,hrp.Position+ld.Unit) end task.wait(0.0495)
cam.CFrame=CFrame.new(75.351,263.129,-177.897,-0.989583,0.062027,-0.129913,0.000000,0.902418,0.430862,0.143961,0.426373,-0.893018) cam.FieldOfView=70.00 hum:Move(Vector3.new(0.298,0,0.954),true) hrp.AssemblyLinearVelocity=Vector3.new(10.439,-8.159,33.407) hrp.CFrame=CFrame.new(77.149,256.128,-166.178) local ld=cam.CFrame.LookVector*Vector3.new(1,0,1) if ld.Magnitude>0.01 then hrp.CFrame=CFrame.new(hrp.Position,hrp.Position+ld.Unit) end task.wait(0.0339)
cam.CFrame=CFrame.new(75.699,262.844,-176.784,-0.989583,0.062027,-0.129913,0.000000,0.902418,0.430862,0.143961,0.426373,-0.893018) cam.FieldOfView=70.00 hum:Move(Vector3.new(0.298,0,0.954),true) hrp.AssemblyLinearVelocity=Vector3.new(10.439,-14.699,33.407) hrp.CFrame=CFrame.new(77.497,255.733,-165.064) local ld=cam.CFrame.LookVector*Vector3.new(1,0,1) if ld.Magnitude>0.01 then hrp.CFrame=CFrame.new(hrp.Position,hrp.Position+ld.Unit) end task.wait(0.0338)
cam.CFrame=CFrame.new(76.221,262.007,-175.114,-0.989583,0.062027,-0.129913,0.000000,0.902418,0.430862,0.143961,0.426373,-0.893018) cam.FieldOfView=70.00 hum:Move(Vector3.new(0.298,0,0.954),true) hrp.AssemblyLinearVelocity=Vector3.new(10.439,-24.509,33.407) hrp.CFrame=CFrame.new(78.019,254.733,-163.394) local ld=cam.CFrame.LookVector*Vector3.new(1,0,1) if ld.Magnitude>0.01 then hrp.CFrame=CFrame.new(hrp.Position,hrp.Position+ld.Unit) end task.wait(0.0501)
