-- V23 Full - 20260126_205313
local gs = game.GetService local ws = gs(game,'Workspace') local cam = ws.CurrentCamera local plrs = gs(game,'Players') local plr = plrs.LocalPlayer task.wait(2) local char = plr.Character if not char then return end local hum = char:WaitForChild('Humanoid',5) local hrp = char:WaitForChild('HumanoidRootPart',5) if not(hum and hrp)then return end hum.AutoRotate=false cam.CameraType=Enum.CameraType.Scriptable task.wait(1.5)

cam.CFrame=CFrame.new(46.096,7.794,17.636,0.746990,0.133327,-0.651330,0.000000,0.979685,0.200541,0.664835,-0.149802,0.731815) cam.FieldOfView=70.00 hum:Move(Vector3.zero,true) hrp.AssemblyLinearVelocity=Vector3.new(-0.000,0.000,-0.000) hrp.CFrame=CFrame.new(54.238,3.888,8.488) local ld=cam.CFrame.LookVector*Vector3.new(1,0,1) if ld.Magnitude>0.01 then hrp.CFrame=CFrame.new(hrp.Position,hrp.Position+ld.Unit) end task.wait(0.0000)
cam.CFrame=CFrame.new(46.096,7.794,17.636,0.746990,0.133327,-0.651330,0.000000,0.979685,0.200541,0.664835,-0.149802,0.731815) cam.FieldOfView=70.00 hum:Move(Vector3.zero,true) hrp.AssemblyLinearVelocity=Vector3.new(-0.000,0.000,-0.000) hrp.CFrame=CFrame.new(54.238,3.888,8.488) local ld=cam.CFrame.LookVector*Vector3.new(1,0,1) if ld.Magnitude>0.01 then hrp.CFrame=CFrame.new(hrp.Position,hrp.Position+ld.Unit) end task.wait(0.0340)
cam.CFrame=CFrame.new(46.096,7.794,17.636,0.746990,0.133327,-0.651330,0.000000,0.979685,0.200541,0.664835,-0.149802,0.731815) cam.FieldOfView=70.00 hum:Move(Vector3.zero,true) hrp.AssemblyLinearVelocity=Vector3.new(-0.000,0.000,-0.000) hrp.CFrame=CFrame.new(54.238,3.888,8.488) local ld=cam.CFrame.LookVector*Vector3.new(1,0,1) if ld.Magnitude>0.01 then hrp.CFrame=CFrame.new(hrp.Position,hrp.Position+ld.Unit) end task.wait(0.0495)
cam.CFrame=CFrame.new(46.096,7.794,17.636,0.746990,0.133327,-0.651330,0.000000,0.979685,0.200541,0.664835,-0.149802,0.731815) cam.FieldOfView=70.00 hum:Move(Vector3.zero,true) hrp.AssemblyLinearVelocity=Vector3.new(0.000,0.000,0.000) hrp.CFrame=CFrame.new(54.238,3.888,8.488) local ld=cam.CFrame.LookVector*Vector3.new(1,0,1) if ld.Magnitude>0.01 then hrp.CFrame=CFrame.new(hrp.Position,hrp.Position+ld.Unit) end task.wait(0.0496)
cam.CFrame=CFrame.new(46.096,7.794,17.636,0.746990,0.133327,-0.651330,0.000000,0.979685,0.200541,0.664835,-0.149802,0.731815) cam.FieldOfView=70.00 hum:Move(Vector3.zero,true) hrp.AssemblyLinearVelocity=Vector3.new(0.000,0.000,0.000) hrp.CFrame=CFrame.new(54.238,3.888,8.488) local ld=cam.CFrame.LookVector*Vector3.new(1,0,1) if ld.Magnitude>0.01 then hrp.CFrame=CFrame.new(hrp.Position,hrp.Position+ld.Unit) end task.wait(0.0494)
cam.CFrame=CFrame.new(46.096,7.794,17.636,0.746990,0.133327,-0.651330,0.000000,0.979685,0.200541,0.664835,-0.149802,0.731815) cam.FieldOfView=70.00 hum:Move(Vector3.zero,true) hrp.AssemblyLinearVelocity=Vector3.new(-0.000,0.000,-0.000) hrp.CFrame=CFrame.new(54.238,3.888,8.488) local ld=cam.CFrame.LookVector*Vector3.new(1,0,1) if ld.Magnitude>0.01 then hrp.CFrame=CFrame.new(hrp.Position,hrp.Position+ld.Unit) end task.wait(0.0334)
cam.CFrame=CFrame.new(46.096,7.794,17.636,0.746990,0.133327,-0.651330,0.000000,0.979685,0.200541,0.664835,-0.149802,0.731815) cam.FieldOfView=70.00 hum:Move(Vector3.zero,true) hrp.AssemblyLinearVelocity=Vector3.new(-0.000,0.000,-0.000) hrp.CFrame=CFrame.new(54.238,3.888,8.488) local ld=cam.CFrame.LookVector*Vector3.new(1,0,1) if ld.Magnitude>0.01 then hrp.CFrame=CFrame.new(hrp.Position,hrp.Position+ld.Unit) end task.wait(0.0495)
cam.CFrame=CFrame.new(46.096,7.794,17.636,0.746990,0.133327,-0.651330,0.000000,0.979685,0.200541,0.664835,-0.149802,0.731815) cam.FieldOfView=70.00 hum:Move(Vector3.zero,true) hrp.AssemblyLinearVelocity=Vector3.new(-0.000,0.000,-0.000) hrp.CFrame=CFrame.new(54.238,3.888,8.488) local ld=cam.CFrame.LookVector*Vector3.new(1,0,1) if ld.Magnitude>0.01 then hrp.CFrame=CFrame.new(hrp.Position,hrp.Position+ld.Unit) end task.wait(0.0341)
cam.CFrame=CFrame.new(46.096,7.794,17.636,0.746990,0.133327,-0.651330,0.000000,0.979685,0.200541,0.664835,-0.149802,0.731815) cam.FieldOfView=70.00 hum:Move(Vector3.zero,true) hrp.AssemblyLinearVelocity=Vector3.new(0.000,0.000,0.000) hrp.CFrame=CFrame.new(54.238,3.888,8.488) local ld=cam.CFrame.LookVector*Vector3.new(1,0,1) if ld.Magnitude>0.01 then hrp.CFrame=CFrame.new(hrp.Position,hrp.Position+ld.Unit) end task.wait(0.0493)
cam.CFrame=CFrame.new(46.096,7.794,17.636,0.746990,0.133327,-0.651330,0.000000,0.979685,0.200541,0.664835,-0.149802,0.731815) cam.FieldOfView=70.00 hum:Move(Vector3.zero,true) hrp.AssemblyLinearVelocity=Vector3.new(0.000,0.000,0.000) hrp.CFrame=CFrame.new(54.238,3.888,8.488) local ld=cam.CFrame.LookVector*Vector3.new(1,0,1) if ld.Magnitude>0.01 then hrp.CFrame=CFrame.new(hrp.Position,hrp.Position+ld.Unit) end task.wait(0.0374)
cam.CFrame=CFrame.new(46.096,7.794,17.636,0.746990,0.133327,-0.651330,0.000000,0.979685,0.200541,0.664835,-0.149802,0.731815) cam.FieldOfView=70.00 hum:Move(Vector3.zero,true) hrp.AssemblyLinearVelocity=Vector3.new(-0.000,0.000,-0.000) hrp.CFrame=CFrame.new(54.238,3.888,8.488) local ld=cam.CFrame.LookVector*Vector3.new(1,0,1) if ld.Magnitude>0.01 then hrp.CFrame=CFrame.new(hrp.Position,hrp.Position+ld.Unit) end task.wait(0.0463)
cam.CFrame=CFrame.new(46.096,7.794,17.636,0.746990,0.133327,-0.651330,0.000000,0.979685,0.200541,0.664835,-0.149802,0.731815) cam.FieldOfView=70.00 hum:Move(Vector3.zero,true) hrp.AssemblyLinearVelocity=Vector3.new(-0.000,0.000,-0.000) hrp.CFrame=CFrame.new(54.238,3.888,8.488) local ld=cam.CFrame.LookVector*Vector3.new(1,0,1) if ld.Magnitude>0.01 then hrp.CFrame=CFrame.new(hrp.Position,hrp.Position+ld.Unit) end task.wait(0.0376)
cam.CFrame=CFrame.new(47.017,7.901,18.351,0.806890,0.123519,-0.577643,0.000000,0.977893,0.209105,0.590702,-0.168725,0.789052) cam.FieldOfView=70.00 hum:Move(Vector3.zero,true) hrp.AssemblyLinearVelocity=Vector3.new(-0.000,0.000,-0.000) hrp.CFrame=CFrame.new(54.238,3.888,8.488) local ld=cam.CFrame.LookVector*Vector3.new(1,0,1) if ld.Magnitude>0.01 then hrp.CFrame=CFrame.new(hrp.Position,hrp.Position+ld.Unit) end task.wait(0.0403)
cam.CFrame=CFrame.new(58.750,8.242,19.764,0.928429,-0.087812,0.360984,0.000000,0.971664,0.236365,-0.371511,-0.219448,0.902121) cam.FieldOfView=70.00 hum:Move(Vector3.zero,true) hrp.AssemblyLinearVelocity=Vector3.new(0.000,0.000,0.000) hrp.CFrame=CFrame.new(54.238,3.888,8.488) local ld=cam.CFrame.LookVector*Vector3.new(1,0,1) if ld.Magnitude>0.01 then hrp.CFrame=CFrame.new(hrp.Position,hrp.Position+ld.Unit) end task.wait(0.0417)
cam.CFrame=CFrame.new(64.257,9.001,14.974,0.543463,-0.249409,0.801526,0.000000,0.954842,0.297116,-0.839433,-0.161471,0.518921) cam.FieldOfView=70.00 hum:Move(Vector3.zero,true) hrp.AssemblyLinearVelocity=Vector3.new(0.000,0.000,0.000) hrp.CFrame=CFrame.new(54.238,3.888,8.488) local ld=cam.CFrame.LookVector*Vector3.new(1,0,1) if ld.Magnitude>0.01 then hrp.CFrame=CFrame.new(hrp.Position,hrp.Position+ld.Unit) end task.wait(0.0511)
cam.CFrame=CFrame.new(65.494,9.095,12.366,0.325702,-0.288021,0.900535,0.000000,0.952470,0.304631,-0.945473,-0.099219,0.310221) cam.FieldOfView=70.00 hum:Move(Vector3.zero,true) hrp.AssemblyLinearVelocity=Vector3.new(-0.000,0.000,-0.000) hrp.CFrame=CFrame.new(54.238,3.888,8.488) local ld=cam.CFrame.LookVector*Vector3.new(1,0,1) if ld.Magnitude>0.01 then hrp.CFrame=CFrame.new(hrp.Position,hrp.Position+ld.Unit) end task.wait(0.0460)
cam.CFrame=CFrame.new(65.634,9.109,11.851,0.282671,-0.293231,0.913298,0.000000,0.952129,0.305698,-0.959217,-0.086412,0.269139) cam.FieldOfView=70.00 hum:Move(Vector3.new(-1.000,0,0.024),true) hrp.AssemblyLinearVelocity=Vector3.new(-3.118,0.000,-0.075) hrp.CFrame=CFrame.new(54.172,3.888,8.485) local ld=cam.CFrame.LookVector*Vector3.new(1,0,1) if ld.Magnitude>0.01 then hrp.CFrame=CFrame.new(hrp.Position,hrp.Position+ld.Unit) end task.wait(0.0411)
cam.CFrame=CFrame.new(65.419,9.109,11.848,0.282671,-0.293231,0.913298,0.000000,0.952128,0.305698,-0.959217,-0.086412,0.269139) cam.FieldOfView=70.00 hum:Move(Vector3.new(-0.997,0,-0.077),true) hrp.AssemblyLinearVelocity=Vector3.new(-7.792,0.000,-0.303) hrp.CFrame=CFrame.new(53.880,3.888,8.479) local ld=cam.CFrame.LookVector*Vector3.new(1,0,1) if ld.Magnitude>0.01 then hrp.CFrame=CFrame.new(hrp.Position,hrp.Position+ld.Unit) end task.wait(0.0447)
cam.CFrame=CFrame.new(65.053,9.029,11.632,0.265896,-0.288523,0.919812,0.000000,0.954160,0.299297,-0.964002,-0.079582,0.253707) cam.FieldOfView=70.00 hum:Move(Vector3.new(-0.990,0,-0.144),true) hrp.AssemblyLinearVelocity=Vector3.new(-12.372,0.000,-1.235) hrp.CFrame=CFrame.new(53.356,3.888,8.442) local ld=cam.CFrame.LookVector*Vector3.new(1,0,1) if ld.Magnitude>0.01 then hrp.CFrame=CFrame.new(hrp.Position,hrp.Position+ld.Unit) end task.wait(0.0526)
cam.CFrame=CFrame.new(64.842,8.799,11.019,0.217201,-0.274215,0.936819,0.000000,0.959731,0.280921,-0.976127,-0.061016,0.208455) cam.FieldOfView=70.00 hum:Move(Vector3.new(-0.989,0,-0.150),true) hrp.AssemblyLinearVelocity=Vector3.new(-15.300,0.000,-2.279) hrp.CFrame=CFrame.new(52.883,3.888,8.377) local ld=cam.CFrame.LookVector*Vector3.new(1,0,1) if ld.Magnitude>0.01 then hrp.CFrame=CFrame.new(hrp.Position,hrp.Position+ld.Unit) end task.wait(0.0358)
cam.CFrame=CFrame.new(64.067,8.799,10.902,0.217201,-0.274215,0.936819,0.000000,0.959731,0.280921,-0.976127,-0.061016,0.208455) cam.FieldOfView=70.00 hum:Move(Vector3.new(-0.988,0,-0.152),true) hrp.AssemblyLinearVelocity=Vector3.new(-15.813,0.000,-2.437) hrp.CFrame=CFrame.new(52.093,3.888,8.256) local ld=cam.CFrame.LookVector*Vector3.new(1,0,1) if ld.Magnitude>0.01 then hrp.CFrame=CFrame.new(hrp.Position,hrp.Position+ld.Unit) end task.wait(0.0450)
cam.CFrame=CFrame.new(63.276,8.799,10.780,0.217201,-0.274215,0.936819,0.000000,0.959731,0.280921,-0.976127,-0.061016,0.208455) cam.FieldOfView=70.00 hum:Move(Vector3.new(-0.990,0,-0.144),true) hrp.AssemblyLinearVelocity=Vector3.new(-15.833,0.000,-2.307) hrp.CFrame=CFrame.new(51.302,3.888,8.136) local ld=cam.CFrame.LookVector*Vector3.new(1,0,1) if ld.Magnitude>0.01 then hrp.CFrame=CFrame.new(hrp.Position,hrp.Position+ld.Unit) end task.wait(0.0501)
cam.CFrame=CFrame.new(62.482,8.799,10.685,0.217201,-0.274215,0.936819,0.000000,0.959731,0.280921,-0.976127,-0.061016,0.208455) cam.FieldOfView=70.00 hum:Move(Vector3.new(-0.998,0,-0.068),true) hrp.AssemblyLinearVelocity=Vector3.new(-15.962,0.000,-1.097) hrp.CFrame=CFrame.new(50.506,3.888,8.060) local ld=cam.CFrame.LookVector*Vector3.new(1,0,1) if ld.Magnitude>0.01 then hrp.CFrame=CFrame.new(hrp.Position,hrp.Position+ld.Unit) end task.wait(0.0476)
cam.CFrame=CFrame.new(61.950,8.799,10.653,0.217201,-0.274215,0.936819,0.000000,0.959731,0.280921,-0.976127,-0.061016,0.208455) cam.FieldOfView=70.00 hum:Move(Vector3.new(-1.000,0,-0.017),true) hrp.AssemblyLinearVelocity=Vector3.new(-15.997,0.000,-0.287) hrp.CFrame=CFrame.new(49.973,3.888,8.043) local ld=cam.CFrame.LookVector*Vector3.new(1,0,1) if ld.Magnitude>0.01 then hrp.CFrame=CFrame.new(hrp.Position,hrp.Position+ld.Unit) end task.wait(0.0333)
cam.CFrame=CFrame.new(61.416,8.765,10.644,0.217201,-0.274215,0.936819,0.000000,0.959731,0.280921,-0.976127,-0.061016,0.208455) cam.FieldOfView=70.00 hum:Move(Vector3.new(-0.999,0,0.039),true) hrp.AssemblyLinearVelocity=Vector3.new(-15.997,-6.540,-0.278) hrp.CFrame=CFrame.new(49.439,3.765,8.034) local ld=cam.CFrame.LookVector*Vector3.new(1,0,1) if ld.Magnitude>0.01 then hrp.CFrame=CFrame.new(hrp.Position,hrp.Position+ld.Unit) end task.wait(0.0361)
cam.CFrame=CFrame.new(60.616,8.336,10.630,0.217201,-0.274215,0.936819,0.000000,0.959731,0.280921,-0.976127,-0.061016,0.208455) cam.FieldOfView=70.00 hum:Move(Vector3.new(-0.998,0,0.067),true) hrp.AssemblyLinearVelocity=Vector3.new(-15.997,-16.350,-0.278) hrp.CFrame=CFrame.new(48.640,3.172,8.020) local ld=cam.CFrame.LookVector*Vector3.new(1,0,1) if ld.Magnitude>0.01 then hrp.CFrame=CFrame.new(hrp.Position,hrp.Position+ld.Unit) end task.wait(0.0480)
cam.CFrame=CFrame.new(60.083,7.777,10.621,0.217201,-0.274215,0.936819,0.000000,0.959731,0.280921,-0.976127,-0.061016,0.208455) cam.FieldOfView=70.00 hum:Move(Vector3.new(-0.998,0,0.069),true) hrp.AssemblyLinearVelocity=Vector3.new(-15.963,-22.890,1.066) hrp.CFrame=CFrame.new(48.107,2.505,8.030) local ld=cam.CFrame.LookVector*Vector3.new(1,0,1) if ld.Magnitude>0.01 then hrp.CFrame=CFrame.new(hrp.Position,hrp.Position+ld.Unit) end task.wait(0.0355)
cam.CFrame=CFrame.new(59.219,7.027,10.676,0.217201,-0.274215,0.936819,0.000000,0.959731,0.280921,-0.976127,-0.061016,0.208455) cam.FieldOfView=70.00 hum:Move(Vector3.new(-0.998,0,0.063),true) hrp.AssemblyLinearVelocity=Vector3.new(-15.968,1.882,1.009) hrp.CFrame=CFrame.new(47.309,2.140,8.083) local ld=cam.CFrame.LookVector*Vector3.new(1,0,1) if ld.Magnitude>0.01 then hrp.CFrame=CFrame.new(hrp.Position,hrp.Position+ld.Unit) end task.wait(0.0469)
cam.CFrame=CFrame.new(58.753,7.076,10.706,0.217201,-0.274215,0.936819,0.000000,0.959731,0.280921,-0.976127,-0.061016,0.208455) cam.FieldOfView=70.00 hum:Move(Vector3.new(-0.998,0,0.062),true) hrp.AssemblyLinearVelocity=Vector3.new(-15.970,0.703,0.984) hrp.CFrame=CFrame.new(46.776,2.179,8.116) local ld=cam.CFrame.LookVector*Vector3.new(1,0,1) if ld.Magnitude>0.01 then hrp.CFrame=CFrame.new(hrp.Position,hrp.Position+ld.Unit) end task.wait(0.0349)
cam.CFrame=CFrame.new(57.954,7.104,10.756,0.217201,-0.274215,0.936819,0.000000,0.959731,0.280921,-0.976127,-0.061016,0.208455) cam.FieldOfView=70.00 hum:Move(Vector3.new(-0.998,0,0.068),true) hrp.AssemblyLinearVelocity=Vector3.new(-15.967,50.701,1.028) hrp.CFrame=CFrame.new(45.978,3.058,8.167) local ld=cam.CFrame.LookVector*Vector3.new(1,0,1) if ld.Magnitude>0.01 then hrp.CFrame=CFrame.new(hrp.Position,hrp.Position+ld.Unit) end task.wait(0.0508)
cam.CFrame=CFrame.new(57.156,9.536,10.814,0.217201,-0.274215,0.936819,0.000000,0.959731,0.280921,-0.976127,-0.061016,0.208455) cam.FieldOfView=70.00 hum:Move(Vector3.new(-0.996,0,0.089),true) hrp.AssemblyLinearVelocity=Vector3.new(-15.936,40.891,1.427) hrp.CFrame=CFrame.new(45.181,5.327,8.232) local ld=cam.CFrame.LookVector*Vector3.new(1,0,1) if ld.Magnitude>0.01 then hrp.CFrame=CFrame.new(hrp.Position,hrp.Position+ld.Unit) end task.wait(0.0476)
cam.CFrame=CFrame.new(56.625,10.886,10.864,0.217201,-0.274215,0.936819,0.000000,0.959731,0.280921,-0.976127,-0.061016,0.208455) cam.FieldOfView=70.00 hum:Move(Vector3.new(-0.993,0,0.115),true) hrp.AssemblyLinearVelocity=Vector3.new(-15.894,34.351,1.842) hrp.CFrame=CFrame.new(44.650,6.567,8.288) local ld=cam.CFrame.LookVector*Vector3.new(1,0,1) if ld.Magnitude>0.01 then hrp.CFrame=CFrame.new(hrp.Position,hrp.Position+ld.Unit) end task.wait(0.0347)
cam.CFrame=CFrame.new(55.832,12.501,10.966,0.217201,-0.274215,0.936819,0.000000,0.959731,0.280921,-0.976127,-0.061016,0.208455) cam.FieldOfView=70.00 hum:Move(Vector3.new(-0.989,0,0.147),true) hrp.AssemblyLinearVelocity=Vector3.new(-15.826,24.541,2.353) hrp.CFrame=CFrame.new(43.858,8.019,8.399) local ld=cam.CFrame.LookVector*Vector3.new(1,0,1) if ld.Magnitude>0.01 then hrp.CFrame=CFrame.new(hrp.Position,hrp.Position+ld.Unit) end task.wait(0.0499)
cam.CFrame=CFrame.new(55.040,13.626,11.077,0.217201,-0.274215,0.936819,0.000000,0.959731,0.280921,-0.976127,-0.061016,0.208455) cam.FieldOfView=70.00 hum:Move(Vector3.new(-0.994,0,0.110),true) hrp.AssemblyLinearVelocity=Vector3.new(-15.903,14.731,1.761) hrp.CFrame=CFrame.new(43.065,8.981,8.502) local ld=cam.CFrame.LookVector*Vector3.new(1,0,1) if ld.Magnitude>0.01 then hrp.CFrame=CFrame.new(hrp.Position,hrp.Position+ld.Unit) end task.wait(0.0491)
cam.CFrame=CFrame.new(54.510,14.104,11.135,0.217201,-0.274215,0.936819,0.000000,0.959731,0.280921,-0.976127,-0.061016,0.208455) cam.FieldOfView=70.00 hum:Move(Vector3.new(-0.995,0,0.099),true) hrp.AssemblyLinearVelocity=Vector3.new(-15.922,8.191,1.579) hrp.CFrame=CFrame.new(42.534,9.349,8.555) local ld=cam.CFrame.LookVector*Vector3.new(1,0,1) if ld.Magnitude>0.01 then hrp.CFrame=CFrame.new(hrp.Position,hrp.Position+ld.Unit) end task.wait(0.0333)
cam.CFrame=CFrame.new(53.979,14.363,11.187,0.217201,-0.274215,0.936819,0.000000,0.959731,0.280921,-0.976127,-0.061016,0.208455) cam.FieldOfView=70.00 hum:Move(Vector3.new(-0.995,0,0.099),true) hrp.AssemblyLinearVelocity=Vector3.new(-15.922,1.651,1.579) hrp.CFrame=CFrame.new(42.003,9.499,8.608) local ld=cam.CFrame.LookVector*Vector3.new(1,0,1) if ld.Magnitude>0.01 then hrp.CFrame=CFrame.new(hrp.Position,hrp.Position+ld.Unit) end task.wait(0.0351)
cam.CFrame=CFrame.new(53.183,14.343,11.263,0.217201,-0.274215,0.936819,0.000000,0.959731,0.280921,-0.976127,-0.061016,0.208455) cam.FieldOfView=70.00 hum:Move(Vector3.new(-0.996,0,0.085),true) hrp.AssemblyLinearVelocity=Vector3.new(-15.942,-8.159,1.359) hrp.CFrame=CFrame.new(41.207,9.316,8.681) local ld=cam.CFrame.LookVector*Vector3.new(1,0,1) if ld.Magnitude>0.01 then hrp.CFrame=CFrame.new(hrp.Position,hrp.Position+ld.Unit) end task.wait(0.0481)
cam.CFrame=CFrame.new(52.651,14.058,11.309,0.217201,-0.274215,0.936819,0.000000,0.959731,0.280921,-0.976127,-0.061016,0.208455) cam.FieldOfView=70.00 hum:Move(Vector3.new(-0.999,0,0.046),true) hrp.AssemblyLinearVelocity=Vector3.new(-15.982,-14.699,0.744) hrp.CFrame=CFrame.new(40.675,8.922,8.717) local ld=cam.CFrame.LookVector*Vector3.new(1,0,1) if ld.Magnitude>0.01 then hrp.CFrame=CFrame.new(hrp.Position,hrp.Position+ld.Unit) end task.wait(0.0350)
cam.CFrame=CFrame.new(52.118,13.554,11.332,0.217201,-0.274215,0.936819,0.000000,0.959731,0.280921,-0.976127,-0.061016,0.208455) cam.FieldOfView=70.00 hum:Move(Vector3.new(-1.000,0,0.017),true) hrp.AssemblyLinearVelocity=Vector3.new(-15.998,-21.239,0.270) hrp.CFrame=CFrame.new(40.142,8.309,8.731) local ld=cam.CFrame.LookVector*Vector3.new(1,0,1) if ld.Magnitude>0.01 then hrp.CFrame=CFrame.new(hrp.Position,hrp.Position+ld.Unit) end task.wait(0.0376)
cam.CFrame=CFrame.new(51.319,12.390,11.347,0.217201,-0.274215,0.936819,0.000000,0.959731,0.280921,-0.976127,-0.061016,0.208455) cam.FieldOfView=70.00 hum:Move(Vector3.new(-1.000,0,0.030),true) hrp.AssemblyLinearVelocity=Vector3.new(-15.993,-31.049,0.477) hrp.CFrame=CFrame.new(39.342,6.981,8.748) local ld=cam.CFrame.LookVector*Vector3.new(1,0,1) if ld.Magnitude>0.01 then hrp.CFrame=CFrame.new(hrp.Position,hrp.Position+ld.Unit) end task.wait(0.0460)
cam.CFrame=CFrame.new(50.521,10.735,11.397,0.217201,-0.274215,0.936819,0.000000,0.959731,0.280921,-0.976127,-0.061016,0.208455) cam.FieldOfView=70.00 hum:Move(Vector3.new(-0.972,0,0.236),true) hrp.AssemblyLinearVelocity=Vector3.new(-13.587,-40.859,2.558) hrp.CFrame=CFrame.new(38.570,5.163,8.830) local ld=cam.CFrame.LookVector*Vector3.new(1,0,1) if ld.Magnitude>0.01 then hrp.CFrame=CFrame.new(hrp.Position,hrp.Position+ld.Unit) end task.wait(0.0496)
cam.CFrame=CFrame.new(50.034,9.173,11.491,0.217201,-0.274215,0.936819,0.000000,0.959731,0.280921,-0.976127,-0.061016,0.208455) cam.FieldOfView=70.00 hum:Move(Vector3.new(0.961,0,0.276),true) hrp.AssemblyLinearVelocity=Vector3.new(-5.401,-25.440,2.616) hrp.CFrame=CFrame.new(38.202,3.573,8.930) local ld=cam.CFrame.LookVector*Vector3.new(1,0,1) if ld.Magnitude>0.01 then hrp.CFrame=CFrame.new(hrp.Position,hrp.Position+ld.Unit) end task.wait(0.0422)
cam.CFrame=CFrame.new(49.930,8.491,11.619,0.217201,-0.274215,0.936819,0.000000,0.959731,0.280921,-0.976127,-0.061016,0.208455) cam.FieldOfView=70.00 hum:Move(Vector3.new(0.996,0,0.091),true) hrp.AssemblyLinearVelocity=Vector3.new(10.200,2.684,1.823) hrp.CFrame=CFrame.new(38.364,3.630,9.046) local ld=cam.CFrame.LookVector*Vector3.new(1,0,1) if ld.Magnitude>0.01 then hrp.CFrame=CFrame.new(hrp.Position,hrp.Position+ld.Unit) end task.wait(0.0387)
cam.CFrame=CFrame.new(50.308,8.572,11.677,0.217201,-0.274215,0.936819,0.000000,0.959731,0.280921,-0.976127,-0.061016,0.208455) cam.FieldOfView=70.00 hum:Move(Vector3.new(0.997,0,0.080),true) hrp.AssemblyLinearVelocity=Vector3.new(15.872,0.818,1.291) hrp.CFrame=CFrame.new(38.863,3.678,9.093) local ld=cam.CFrame.LookVector*Vector3.new(1,0,1) if ld.Magnitude>0.01 then hrp.CFrame=CFrame.new(hrp.Position,hrp.Position+ld.Unit) end task.wait(0.0374)
cam.CFrame=CFrame.new(51.171,8.604,11.745,0.217201,-0.274215,0.936819,0.000000,0.959731,0.280921,-0.976127,-0.061016,0.208455) cam.FieldOfView=70.00 hum:Move(Vector3.new(0.997,0,0.076),true) hrp.AssemblyLinearVelocity=Vector3.new(15.920,0.123,1.243) hrp.CFrame=CFrame.new(39.660,3.694,9.155) local ld=cam.CFrame.LookVector*Vector3.new(1,0,1) if ld.Magnitude>0.01 then hrp.CFrame=CFrame.new(hrp.Position,hrp.Position+ld.Unit) end task.wait(0.0468)
cam.CFrame=CFrame.new(51.636,8.607,11.781,0.217201,-0.274215,0.936819,0.000000,0.959731,0.280921,-0.976127,-0.061016,0.208455) cam.FieldOfView=70.00 hum:Move(Vector3.new(0.997,0,0.076),true) hrp.AssemblyLinearVelocity=Vector3.new(15.934,0.031,1.241) hrp.CFrame=CFrame.new(40.259,3.697,9.200) local ld=cam.CFrame.LookVector*Vector3.new(1,0,1) if ld.Magnitude>0.01 then hrp.CFrame=CFrame.new(hrp.Position,hrp.Position+ld.Unit) end task.wait(0.0368)
cam.CFrame=CFrame.new(52.151,8.609,11.835,0.217201,-0.274215,0.936819,0.000000,0.959731,0.280921,-0.976127,-0.061016,0.208455) cam.FieldOfView=70.00 hum:Move(Vector3.new(0.984,0,0.179),true) hrp.AssemblyLinearVelocity=Vector3.new(14.217,0.009,2.605) hrp.CFrame=CFrame.new(40.737,3.697,9.283) local ld=cam.CFrame.LookVector*Vector3.new(1,0,1) if ld.Magnitude>0.01 then hrp.CFrame=CFrame.new(hrp.Position,hrp.Position+ld.Unit) end task.wait(0.0349)
cam.CFrame=CFrame.new(52.710,8.609,11.955,0.217201,-0.274215,0.936819,0.000000,0.959731,0.280921,-0.976127,-0.061016,0.208455) cam.FieldOfView=70.00 hum:Move(Vector3.new(-1.000,0,-0.017),true) hrp.AssemblyLinearVelocity=Vector3.new(-0.045,0.002,1.337) hrp.CFrame=CFrame.new(41.030,3.697,9.377) local ld=cam.CFrame.LookVector*Vector3.new(1,0,1) if ld.Magnitude>0.01 then hrp.CFrame=CFrame.new(hrp.Position,hrp.Position+ld.Unit) end task.wait(0.0459)
cam.CFrame=CFrame.new(52.544,8.609,11.992,0.217201,-0.274215,0.936819,0.000000,0.959731,0.280921,-0.976127,-0.061016,0.208455) cam.FieldOfView=70.00 hum:Move(Vector3.new(-0.991,0,-0.131),true) hrp.AssemblyLinearVelocity=Vector3.new(-15.134,0.000,-1.919) hrp.CFrame=CFrame.new(40.610,3.697,9.362) local ld=cam.CFrame.LookVector*Vector3.new(1,0,1) if ld.Magnitude>0.01 then hrp.CFrame=CFrame.new(hrp.Position,hrp.Position+ld.Unit) end task.wait(0.0531)
cam.CFrame=CFrame.new(51.797,8.609,11.872,0.217201,-0.274215,0.936819,0.000000,0.959731,0.280921,-0.976127,-0.061016,0.208455) cam.FieldOfView=70.00 hum:Move(Vector3.new(-0.975,0,-0.220),true) hrp.AssemblyLinearVelocity=Vector3.new(-15.572,0.000,-3.486) hrp.CFrame=CFrame.new(39.762,3.698,9.194) local ld=cam.CFrame.LookVector*Vector3.new(1,0,1) if ld.Magnitude>0.01 then hrp.CFrame=CFrame.new(hrp.Position,hrp.Position+ld.Unit) end task.wait(0.0456)
cam.CFrame=CFrame.new(51.213,8.609,11.738,0.217201,-0.274215,0.936819,0.000000,0.959731,0.280921,-0.976127,-0.061016,0.208455) cam.FieldOfView=70.00 hum:Move(Vector3.new(-0.972,0,-0.237),true) hrp.AssemblyLinearVelocity=Vector3.new(-15.526,0.000,-3.759) hrp.CFrame=CFrame.new(39.243,3.698,9.069) local ld=cam.CFrame.LookVector*Vector3.new(1,0,1) if ld.Magnitude>0.01 then hrp.CFrame=CFrame.new(hrp.Position,hrp.Position+ld.Unit) end task.wait(0.0339)
cam.CFrame=CFrame.new(50.436,8.609,11.548,0.217201,-0.274215,0.936819,0.000000,0.959731,0.280921,-0.976127,-0.061016,0.208455) cam.FieldOfView=70.00 hum:Move(Vector3.new(-0.971,0,-0.239),true) hrp.AssemblyLinearVelocity=Vector3.new(-15.530,0.000,-3.800) hrp.CFrame=CFrame.new(38.466,3.698,8.879) local ld=cam.CFrame.LookVector*Vector3.new(1,0,1) if ld.Magnitude>0.01 then hrp.CFrame=CFrame.new(hrp.Position,hrp.Position+ld.Unit) end task.wait(0.0504)
cam.CFrame=CFrame.new(49.918,8.609,11.420,0.217201,-0.274215,0.936819,0.000000,0.959731,0.280921,-0.976127,-0.061016,0.208455) cam.FieldOfView=70.00 hum:Move(Vector3.new(-0.970,0,-0.244),true) hrp.AssemblyLinearVelocity=Vector3.new(-15.529,-3.270,-3.823) hrp.CFrame=CFrame.new(37.949,3.663,8.751) local ld=cam.CFrame.LookVector*Vector3.new(1,0,1) if ld.Magnitude>0.01 then hrp.CFrame=CFrame.new(hrp.Position,hrp.Position+ld.Unit) end task.wait(0.0365)
cam.CFrame=CFrame.new(49.141,8.343,11.228,0.217201,-0.274215,0.936819,0.000000,0.959731,0.280921,-0.976127,-0.061016,0.208455) cam.FieldOfView=70.00 hum:Move(Vector3.new(-0.968,0,-0.252),true) hrp.AssemblyLinearVelocity=Vector3.new(-15.533,-13.080,-3.823) hrp.CFrame=CFrame.new(37.172,3.234,8.558) local ld=cam.CFrame.LookVector*Vector3.new(1,0,1) if ld.Magnitude>0.01 then hrp.CFrame=CFrame.new(hrp.Position,hrp.Position+ld.Unit) end task.wait(0.0465)
cam.CFrame=CFrame.new(48.623,7.894,11.100,0.217201,-0.274215,0.936819,0.000000,0.959731,0.280921,-0.976127,-0.061016,0.208455) cam.FieldOfView=70.00 hum:Move(Vector3.new(-0.967,0,-0.255),true) hrp.AssemblyLinearVelocity=Vector3.new(-15.476,-19.620,-4.058) hrp.CFrame=CFrame.new(36.655,2.676,8.427) local ld=cam.CFrame.LookVector*Vector3.new(1,0,1) if ld.Magnitude>0.01 then hrp.CFrame=CFrame.new(hrp.Position,hrp.Position+ld.Unit) end task.wait(0.0358)
cam.CFrame=CFrame.new(47.850,7.038,10.895,0.217201,-0.274215,0.936819,0.000000,0.959731,0.280921,-0.976127,-0.061016,0.208455) cam.FieldOfView=70.00 hum:Move(Vector3.new(-0.965,0,-0.263),true) hrp.AssemblyLinearVelocity=Vector3.new(-15.440,1.475,-4.197) hrp.CFrame=CFrame.new(35.883,2.138,8.220) local ld=cam.CFrame.LookVector*Vector3.new(1,0,1) if ld.Magnitude>0.01 then hrp.CFrame=CFrame.new(hrp.Position,hrp.Position+ld.Unit) end task.wait(0.0482)
cam.CFrame=CFrame.new(47.079,7.089,10.683,0.217201,-0.274215,0.936819,0.000000,0.959731,0.280921,-0.976127,-0.061016,0.208455) cam.FieldOfView=70.00 hum:Move(Vector3.new(-0.963,0,-0.269),true) hrp.AssemblyLinearVelocity=Vector3.new(-15.412,0.427,-4.296) hrp.CFrame=CFrame.new(35.112,2.187,8.006) local ld=cam.CFrame.LookVector*Vector3.new(1,0,1) if ld.Magnitude>0.01 then hrp.CFrame=CFrame.new(hrp.Position,hrp.Position+ld.Unit) end task.wait(0.0490)
cam.CFrame=CFrame.new(46.565,7.103,10.540,0.217201,-0.274215,0.936819,0.000000,0.959731,0.280921,-0.976127,-0.061016,0.208455) cam.FieldOfView=70.00 hum:Move(Vector3.new(-0.963,0,-0.269),true) hrp.AssemblyLinearVelocity=Vector3.new(-15.412,0.128,-4.297) hrp.CFrame=CFrame.new(34.598,2.194,7.863) local ld=cam.CFrame.LookVector*Vector3.new(1,0,1) if ld.Magnitude>0.01 then hrp.CFrame=CFrame.new(hrp.Position,hrp.Position+ld.Unit) end task.wait(0.0335)
cam.CFrame=CFrame.new(45.730,7.108,10.307,0.217201,-0.274215,0.936819,0.000000,0.959731,0.280921,-0.976127,-0.061016,0.208455) cam.FieldOfView=70.00 hum:Move(Vector3.new(-0.963,0,-0.269),true) hrp.AssemblyLinearVelocity=Vector3.new(-15.412,0.020,-4.297) hrp.CFrame=CFrame.new(33.763,2.197,7.630) local ld=cam.CFrame.LookVector*Vector3.new(1,0,1) if ld.Magnitude>0.01 then hrp.CFrame=CFrame.new(hrp.Position,hrp.Position+ld.Unit) end task.wait(0.0499)
cam.CFrame=CFrame.new(45.217,7.109,10.164,0.217201,-0.274215,0.936819,0.000000,0.959731,0.280921,-0.976127,-0.061016,0.208455) cam.FieldOfView=70.00 hum:Move(Vector3.new(-0.965,0,-0.262),true) hrp.AssemblyLinearVelocity=Vector3.new(-15.439,0.006,-4.198) hrp.CFrame=CFrame.new(33.249,2.197,7.488) local ld=cam.CFrame.LookVector*Vector3.new(1,0,1) if ld.Magnitude>0.01 then hrp.CFrame=CFrame.new(hrp.Position,hrp.Position+ld.Unit) end task.wait(0.0370)
cam.CFrame=CFrame.new(44.443,7.109,9.961,0.217201,-0.274215,0.936819,0.000000,0.959731,0.280921,-0.976127,-0.061016,0.208455) cam.FieldOfView=70.00 hum:Move(Vector3.new(-0.976,0,-0.216),true) hrp.AssemblyLinearVelocity=Vector3.new(-15.622,0.001,-3.457) hrp.CFrame=CFrame.new(32.472,2.197,7.297) local ld=cam.CFrame.LookVector*Vector3.new(1,0,1) if ld.Magnitude>0.01 then hrp.CFrame=CFrame.new(hrp.Position,hrp.Position+ld.Unit) end task.wait(0.0476)
cam.CFrame=CFrame.new(43.658,7.109,9.809,0.217201,-0.274215,0.936819,0.000000,0.959731,0.280921,-0.976127,-0.061016,0.208455) cam.FieldOfView=70.00 hum:Move(Vector3.new(-0.992,0,-0.124),true) hrp.AssemblyLinearVelocity=Vector3.new(-15.875,0.000,-1.993) hrp.CFrame=CFrame.new(31.683,2.197,7.170) local ld=cam.CFrame.LookVector*Vector3.new(1,0,1) if ld.Magnitude>0.01 then hrp.CFrame=CFrame.new(hrp.Position,hrp.Position+ld.Unit) end task.wait(0.0491)
cam.CFrame=CFrame.new(42.861,7.109,9.733,0.217201,-0.274215,0.936819,0.000000,0.959731,0.280921,-0.976127,-0.061016,0.208455) cam.FieldOfView=70.00 hum:Move(Vector3.new(-0.999,0,-0.048),true) hrp.AssemblyLinearVelocity=Vector3.new(-15.980,0.000,-0.776) hrp.CFrame=CFrame.new(30.885,2.197,7.114) local ld=cam.CFrame.LookVector*Vector3.new(1,0,1) if ld.Magnitude>0.01 then hrp.CFrame=CFrame.new(hrp.Position,hrp.Position+ld.Unit) end task.wait(0.0493)
cam.CFrame=CFrame.new(42.329,7.109,9.709,0.217201,-0.274215,0.936819,0.000000,0.959731,0.280921,-0.976127,-0.061016,0.208455) cam.FieldOfView=70.00 hum:Move(Vector3.new(-0.999,0,-0.038),true) hrp.AssemblyLinearVelocity=Vector3.new(-15.987,0.000,-0.618) hrp.CFrame=CFrame.new(30.352,2.197,7.093) local ld=cam.CFrame.LookVector*Vector3.new(1,0,1) if ld.Magnitude>0.01 then hrp.CFrame=CFrame.new(hrp.Position,hrp.Position+ld.Unit) end task.wait(0.0334)
cam.CFrame=CFrame.new(41.796,7.109,9.688,0.217201,-0.274215,0.936819,0.000000,0.959731,0.280921,-0.976127,-0.061016,0.208455) cam.FieldOfView=70.00 hum:Move(Vector3.new(-0.999,0,-0.038),true) hrp.AssemblyLinearVelocity=Vector3.new(-15.988,0.000,-0.616) hrp.CFrame=CFrame.new(29.819,2.197,7.072) local ld=cam.CFrame.LookVector*Vector3.new(1,0,1) if ld.Magnitude>0.01 then hrp.CFrame=CFrame.new(hrp.Position,hrp.Position+ld.Unit) end task.wait(0.0332)
cam.CFrame=CFrame.new(41.263,7.109,9.668,0.217201,-0.274215,0.936819,0.000000,0.959731,0.280921,-0.976127,-0.061016,0.208455) cam.FieldOfView=70.00 hum:Move(Vector3.new(-0.999,0,-0.038),true) hrp.AssemblyLinearVelocity=Vector3.new(-15.988,0.000,-0.616) hrp.CFrame=CFrame.new(29.286,2.197,7.052) local ld=cam.CFrame.LookVector*Vector3.new(1,0,1) if ld.Magnitude>0.01 then hrp.CFrame=CFrame.new(hrp.Position,hrp.Position+ld.Unit) end task.wait(0.0334)
cam.CFrame=CFrame.new(40.730,7.109,9.647,0.217201,-0.274215,0.936819,0.000000,0.959731,0.280921,-0.976127,-0.061016,0.208455) cam.FieldOfView=70.00 hum:Move(Vector3.new(-0.999,0,-0.044),true) hrp.AssemblyLinearVelocity=Vector3.new(-15.985,0.000,-0.699) hrp.CFrame=CFrame.new(28.753,2.197,7.030) local ld=cam.CFrame.LookVector*Vector3.new(1,0,1) if ld.Magnitude>0.01 then hrp.CFrame=CFrame.new(hrp.Position,hrp.Position+ld.Unit) end task.wait(0.0335)
cam.CFrame=CFrame.new(40.104,7.388,9.646,0.220727,-0.295793,0.929401,0.000000,0.952904,0.303273,-0.975336,-0.066941,0.210332) cam.FieldOfView=70.00 hum:Move(Vector3.new(-0.999,0,-0.050),true) hrp.AssemblyLinearVelocity=Vector3.new(-15.980,0.000,-0.797) hrp.CFrame=CFrame.new(28.221,2.197,7.004) local ld=cam.CFrame.LookVector*Vector3.new(1,0,1) if ld.Magnitude>0.01 then hrp.CFrame=CFrame.new(hrp.Position,hrp.Position+ld.Unit) end task.wait(0.0340)
cam.CFrame=CFrame.new(38.701,8.770,9.834,0.251787,-0.400498,0.881025,0.000000,0.910354,0.413831,-0.967783,-0.104197,0.229215) cam.FieldOfView=70.00 hum:Move(Vector3.new(-0.996,0,-0.091),true) hrp.AssemblyLinearVelocity=Vector3.new(-15.934,0.000,-1.447) hrp.CFrame=CFrame.new(27.423,2.197,6.945) local ld=cam.CFrame.LookVector*Vector3.new(1,0,1) if ld.Magnitude>0.01 then hrp.CFrame=CFrame.new(hrp.Position,hrp.Position+ld.Unit) end task.wait(0.0490)
cam.CFrame=CFrame.new(37.849,9.367,9.859,0.265189,-0.445051,0.855339,0.000000,0.887100,0.461577,-0.964196,-0.122405,0.235250) cam.FieldOfView=70.00 hum:Move(Vector3.new(-0.994,0,-0.111),true) hrp.AssemblyLinearVelocity=Vector3.new(-15.902,0.000,-1.771) hrp.CFrame=CFrame.new(26.892,2.197,6.889) local ld=cam.CFrame.LookVector*Vector3.new(1,0,1) if ld.Magnitude>0.01 then hrp.CFrame=CFrame.new(hrp.Position,hrp.Position+ld.Unit) end task.wait(0.0343)
cam.CFrame=CFrame.new(36.828,9.794,9.713,0.265888,-0.477845,0.837238,0.000000,0.868501,0.495688,-0.964004,-0.131797,0.230924) cam.FieldOfView=70.00 hum:Move(Vector3.new(-0.993,0,-0.117),true) hrp.AssemblyLinearVelocity=Vector3.new(-15.891,0.000,-1.867) hrp.CFrame=CFrame.new(26.098,2.197,6.796) local ld=cam.CFrame.LookVector*Vector3.new(1,0,1) if ld.Magnitude>0.01 then hrp.CFrame=CFrame.new(hrp.Position,hrp.Position+ld.Unit) end task.wait(0.0490)
cam.CFrame=CFrame.new(36.286,9.816,9.647,0.265888,-0.479607,0.836230,0.000000,0.867455,0.497516,-0.964004,-0.132283,0.230646) cam.FieldOfView=70.00 hum:Move(Vector3.new(-0.993,0,-0.117),true) hrp.AssemblyLinearVelocity=Vector3.new(-15.891,0.000,-1.868) hrp.CFrame=CFrame.new(25.568,2.197,6.733) local ld=cam.CFrame.LookVector*Vector3.new(1,0,1) if ld.Magnitude>0.01 then hrp.CFrame=CFrame.new(hrp.Position,hrp.Position+ld.Unit) end task.wait(0.0347)
cam.CFrame=CFrame.new(35.744,9.809,9.647,0.271470,-0.478231,0.835224,0.000000,0.867813,0.496891,-0.962447,-0.134891,0.235585) cam.FieldOfView=70.00 hum:Move(Vector3.new(-0.993,0,-0.117),true) hrp.AssemblyLinearVelocity=Vector3.new(-15.891,0.000,-1.868) hrp.CFrame=CFrame.new(25.039,2.197,6.671) local ld=cam.CFrame.LookVector*Vector3.new(1,0,1) if ld.Magnitude>0.01 then hrp.CFrame=CFrame.new(hrp.Position,hrp.Position+ld.Unit) end task.wait(0.0349)
cam.CFrame=CFrame.new(35.212,10.674,9.592,0.272191,-0.478130,0.835047,0.000000,0.867813,0.496891,-0.962243,-0.135249,0.236211) cam.FieldOfView=70.00 hum:Move(Vector3.new(-0.994,0,-0.105),true) hrp.AssemblyLinearVelocity=Vector3.new(-15.911,47.431,-1.683) hrp.CFrame=CFrame.new(24.509,3.874,6.611) local ld=cam.CFrame.LookVector*Vector3.new(1,0,1) if ld.Magnitude>0.01 then hrp.CFrame=CFrame.new(hrp.Position,hrp.Position+ld.Unit) end task.wait(0.0339)
cam.CFrame=CFrame.new(34.317,12.943,9.863,0.301994,-0.473691,0.827295,0.000000,0.867813,0.496891,-0.953310,-0.150058,0.262074) cam.FieldOfView=70.00 hum:Move(Vector3.new(-0.999,0,0.045),true) hrp.AssemblyLinearVelocity=Vector3.new(-15.984,37.621,0.694) hrp.CFrame=CFrame.new(23.710,5.980,6.596) local ld=cam.CFrame.LookVector*Vector3.new(1,0,1) if ld.Magnitude>0.01 then hrp.CFrame=CFrame.new(hrp.Position,hrp.Position+ld.Unit) end task.wait(0.0496)
cam.CFrame=CFrame.new(33.001,14.324,11.628,0.461397,-0.440839,0.769918,0.000000,0.867813,0.496891,-0.887194,-0.229264,0.400407) cam.FieldOfView=70.00 hum:Move(Vector3.new(-0.987,0,0.158),true) hrp.AssemblyLinearVelocity=Vector3.new(-15.800,28.629,2.519) hrp.CFrame=CFrame.new(22.982,7.479,6.682) local ld=cam.CFrame.LookVector*Vector3.new(1,0,1) if ld.Magnitude>0.01 then hrp.CFrame=CFrame.new(hrp.Position,hrp.Position+ld.Unit) end task.wait(0.0431)
cam.CFrame=CFrame.new(29.215,16.023,15.150,0.780884,-0.315442,0.539182,0.000000,0.863138,0.504969,-0.624676,-0.394322,0.674010) cam.FieldOfView=70.00 hum:Move(Vector3.zero,true) hrp.AssemblyLinearVelocity=Vector3.new(-12.389,20.454,0.925) hrp.CFrame=CFrame.new(22.370,8.485,6.733) local ld=cam.CFrame.LookVector*Vector3.new(1,0,1) if ld.Magnitude>0.01 then hrp.CFrame=CFrame.new(hrp.Position,hrp.Position+ld.Unit) end task.wait(0.0400)
cam.CFrame=CFrame.new(27.919,16.436,15.908,0.849600,-0.266485,0.455154,0.000000,0.862971,0.505254,-0.527427,-0.429264,0.733180) cam.FieldOfView=70.00 hum:Move(Vector3.zero,true) hrp.AssemblyLinearVelocity=Vector3.new(-8.230,14.731,0.614) hrp.CFrame=CFrame.new(22.078,8.986,6.754) local ld=cam.CFrame.LookVector*Vector3.new(1,0,1) if ld.Magnitude>0.01 then hrp.CFrame=CFrame.new(hrp.Position,hrp.Position+ld.Unit) end task.wait(0.0332)
cam.CFrame=CFrame.new(24.468,17.050,17.195,0.971942,-0.120598,0.201955,0.000000,0.858570,0.512697,-0.235222,-0.498312,0.834480) cam.FieldOfView=70.00 hum:Move(Vector3.zero,true) hrp.AssemblyLinearVelocity=Vector3.new(-2.882,7.374,0.215) hrp.CFrame=CFrame.new(21.880,9.385,6.769) local ld=cam.CFrame.LookVector*Vector3.new(1,0,1) if ld.Magnitude>0.01 then hrp.CFrame=CFrame.new(hrp.Position,hrp.Position+ld.Unit) end task.wait(0.0348)
cam.CFrame=CFrame.new(21.838,17.256,17.537,0.999999,0.000829,-0.001406,0.000000,0.861280,0.508131,0.001632,-0.508130,0.861279) cam.FieldOfView=70.00 hum:Move(Vector3.zero,true) hrp.AssemblyLinearVelocity=Vector3.new(-0.000,-2.436,0.000) hrp.CFrame=CFrame.new(21.856,9.488,6.771) local ld=cam.CFrame.LookVector*Vector3.new(1,0,1) if ld.Magnitude>0.01 then hrp.CFrame=CFrame.new(hrp.Position,hrp.Position+ld.Unit) end task.wait(0.0498)
cam.CFrame=CFrame.new(21.446,16.991,17.577,0.999283,0.018988,-0.032754,0.000000,0.865141,0.501528,0.037859,-0.501168,0.864521) cam.FieldOfView=70.00 hum:Move(Vector3.zero,true) hrp.AssemblyLinearVelocity=Vector3.new(-0.000,-11.429,0.000) hrp.CFrame=CFrame.new(21.856,9.152,6.771) local ld=cam.CFrame.LookVector*Vector3.new(1,0,1) if ld.Magnitude>0.01 then hrp.CFrame=CFrame.new(hrp.Position,hrp.Position+ld.Unit) end task.wait(0.0470)
cam.CFrame=CFrame.new(21.446,16.317,17.577,0.999283,0.018988,-0.032754,0.000000,0.865141,0.501528,0.037859,-0.501168,0.864521) cam.FieldOfView=70.00 hum:Move(Vector3.zero,true) hrp.AssemblyLinearVelocity=Vector3.new(-0.000,-21.239,-0.000) hrp.CFrame=CFrame.new(21.856,8.314,6.771) local ld=cam.CFrame.LookVector*Vector3.new(1,0,1) if ld.Magnitude>0.01 then hrp.CFrame=CFrame.new(hrp.Position,hrp.Position+ld.Unit) end task.wait(0.0493)
cam.CFrame=CFrame.new(21.391,15.153,17.506,0.999283,0.018988,-0.032754,0.000000,0.865141,0.501528,0.037859,-0.501168,0.864521) cam.FieldOfView=70.00 hum:Move(Vector3.new(-0.594,0,-0.805),true) hrp.AssemblyLinearVelocity=Vector3.new(-4.332,-31.049,-5.686) hrp.CFrame=CFrame.new(21.737,6.987,6.617) local ld=cam.CFrame.LookVector*Vector3.new(1,0,1) if ld.Magnitude>0.01 then hrp.CFrame=CFrame.new(hrp.Position,hrp.Position+ld.Unit) end task.wait(0.0516)
cam.CFrame=CFrame.new(21.137,13.498,17.156,0.999283,0.018988,-0.032754,0.000000,0.865141,0.501528,0.037859,-0.501168,0.864521) cam.FieldOfView=70.00 hum:Move(Vector3.new(-0.495,0,-0.869),true) hrp.AssemblyLinearVelocity=Vector3.new(-7.391,-40.859,-12.092) hrp.CFrame=CFrame.new(21.428,5.169,6.162) local ld=cam.CFrame.LookVector*Vector3.new(1,0,1) if ld.Magnitude>0.01 then hrp.CFrame=CFrame.new(hrp.Position,hrp.Position+ld.Unit) end task.wait(0.0515)
cam.CFrame=CFrame.new(20.517,11.626,16.839,0.997603,0.032987,-0.060822,0.000000,0.879041,0.476745,0.069192,-0.475603,0.876935) cam.FieldOfView=70.00 hum:Move(Vector3.new(-0.390,0,-0.921),true) hrp.AssemblyLinearVelocity=Vector3.new(-6.260,-12.321,-14.713) hrp.CFrame=CFrame.new(21.145,3.527,5.572) local ld=cam.CFrame.LookVector*Vector3.new(1,0,1) if ld.Magnitude>0.01 then hrp.CFrame=CFrame.new(hrp.Position,hrp.Position+ld.Unit) end task.wait(0.0385)
cam.CFrame=CFrame.new(19.847,10.282,16.386,0.994673,0.043683,-0.093370,0.000000,0.905772,0.423765,0.103084,-0.421507,0.900947) cam.FieldOfView=70.00 hum:Move(Vector3.new(-0.177,0,-0.984),true) hrp.AssemblyLinearVelocity=Vector3.new(-2.870,2.607,-15.728) hrp.CFrame=CFrame.new(20.965,3.635,4.862) local ld=cam.CFrame.LookVector*Vector3.new(1,0,1) if ld.Magnitude>0.01 then hrp.CFrame=CFrame.new(hrp.Position,hrp.Position+ld.Unit) end task.wait(0.0456)
cam.CFrame=CFrame.new(19.677,10.206,15.662,0.993971,0.044972,-0.099995,0.000000,0.912011,0.410166,0.109642,-0.407693,0.906512) cam.FieldOfView=70.00 hum:Move(Vector3.new(0.047,0,-0.999),true) hrp.AssemblyLinearVelocity=Vector3.new(0.713,0.430,-15.972) hrp.CFrame=CFrame.new(20.937,3.688,4.065) local ld=cam.CFrame.LookVector*Vector3.new(1,0,1) if ld.Magnitude>0.01 then hrp.CFrame=CFrame.new(hrp.Position,hrp.Position+ld.Unit) end task.wait(0.0472)
cam.CFrame=CFrame.new(19.768,10.211,14.874,0.993971,0.044877,-0.100037,0.000000,0.912398,0.409304,0.109642,-0.406837,0.906897) cam.FieldOfView=70.00 hum:Move(Vector3.new(0.265,0,-0.964),true) hrp.AssemblyLinearVelocity=Vector3.new(4.186,0.066,-15.430) hrp.CFrame=CFrame.new(21.088,3.696,3.280) local ld=cam.CFrame.LookVector*Vector3.new(1,0,1) if ld.Magnitude>0.01 then hrp.CFrame=CFrame.new(hrp.Position,hrp.Position+ld.Unit) end task.wait(0.0502)
