-- V23 Reverse Mundur - Kamera selalu menghadap ke arah mundur
local RunService=game:GetService("RunService")
local lp=game.Players.LocalPlayer
local cam=workspace.CurrentCamera
local char=lp.Character or lp.CharacterAdded:Wait()
local hrp=char:WaitForChild("HumanoidRootPart")
local hum=char:WaitForChild("Humanoid")
hum.AutoRotate=false
cam.CameraType=Enum.CameraType.Scriptable
local frames={{Pos=Vector3.new(43.009,3.698,7.117),Vel=Vector3.new(0.000,-0.000,0.000),Move=Vector3.new(-0.000,0,-0.000),Jump=false,CFrame=CFrame.new(43.009,3.698,7.117,-0.579043,0.811273,-0.080902,0.031959,0.121740,0.992047,0.814670,0.571853,-0.096421),FOV=70.00,Time=0.0000},{Pos=Vector3.new(43.009,3.698,7.117),Vel=Vector3.new(0.000,-0.000,0.000),Move=Vector3.new(-0.000,0,-0.000),Jump=false,CFrame=CFrame.new(43.009,3.698,7.117,-0.579036,0.811279,-0.080891,0.031957,0.121724,0.992049,0.814676,0.571847,-0.096408),FOV=70.00,Time=0.0164},{Pos=Vector3.new(43.009,3.698,7.117),Vel=Vector3.new(0.000,-0.000,0.000),Move=Vector3.new(-0.000,0,-0.000),Jump=false,CFrame=CFrame.new(43.009,3.698,7.117,-0.578979,0.811327,-0.080826,0.031938,0.121622,0.992063,0.814717,0.571802,-0.096329),FOV=70.00,Time=0.0332},{Pos=Vector3.new(43.009,3.698,7.117),Vel=Vector3.new(0.000,-0.000,0.000),Move=Vector3.new(-0.000,0,-0.000),Jump=false,CFrame=CFrame.new(43.009,3.698,7.117,-0.578923,0.811373,-0.080757,0.031919,0.121517,0.992076,0.814757,0.571758,-0.096248),FOV=70.00,Time=0.0499},{Pos=Vector3.new(43.009,3.698,7.117),Vel=Vector3.new(0.000,-0.000,0.000),Move=Vector3.new(-0.000,0,-0.000),Jump=false,CFrame=CFrame.new(43.009,3.698,7.117,-0.578868,0.811419,-0.080688,0.031901,0.121413,0.992089,0.814797,0.571715,-0.096167),FOV=70.00,Time=0.0666},{Pos=Vector3.new(43.009,3.698,7.117),Vel=Vector3.new(-0.000,-0.000,-0.000),Move=Vector3.new(-0.000,0,-0.000),Jump=false,CFrame=CFrame.new(43.009,3.698,7.117,-0.301403,0.951388,0.063381,-0.053050,-0.083102,0.995128,0.952020,0.296572,0.075519),FOV=70.00,Time=0.0832},{Pos=Vector3.new(43.009,3.698,7.117),Vel=Vector3.new(-0.000,-0.000,-0.000),Move=Vector3.new(-0.000,0,-0.000),Jump=false,CFrame=CFrame.new(43.009,3.698,7.117,-0.289064,0.955022,0.066151,-0.056501,-0.086000,0.994692,0.955641,0.283792,0.078819),FOV=70.00,Time=0.0998},{Pos=Vector3.new(43.009,3.698,7.117),Vel=Vector3.new(-0.000,-0.000,-0.000),Move=Vector3.new(-0.000,0,-0.000),Jump=false,CFrame=CFrame.new(43.009,3.698,7.117,-0.289066,0.955021,0.066151,-0.056500,-0.086000,0.994692,0.955640,0.283794,0.078818),FOV=70.00,Time=0.1167},{Pos=Vector3.new(43.009,3.698,7.117),Vel=Vector3.new(-0.000,-0.000,-0.000),Move=Vector3.new(-0.000,0,-0.000),Jump=false,CFrame=CFrame.new(43.009,3.698,7.117,-0.289318,0.954948,0.066097,-0.056430,-0.085945,0.994701,0.955568,0.284055,0.078753),FOV=70.00,Time=0.1333},{Pos=Vector3.new(43.009,3.698,7.117),Vel=Vector3.new(-0.000,-0.000,-0.000),Move=Vector3.new(-0.000,0,-0.000),Jump=false,CFrame=CFrame.new(43.009,3.698,7.117,-0.289571,0.954875,0.066040,-0.056359,-0.085886,0.994710,0.955496,0.284317,0.078686),FOV=70.00,Time=0.1499},{Pos=Vector3.new(43.009,3.698,7.117),Vel=Vector3.new(-0.000,-0.000,-0.000),Move=Vector3.new(-0.000,0,-0.000),Jump=false,CFrame=CFrame.new(43.009,3.698,7.117,-0.289822,0.954804,0.065983,-0.056289,-0.085827,0.994719,0.955424,0.284577,0.078620),FOV=70.00,Time=0.1666},{Pos=Vector3.new(43.009,3.698,7.117),Vel=Vector3.new(-0.000,-0.000,-0.000),Move=Vector3.new(-0.000,0,-0.000),Jump=false,CFrame=CFrame.new(43.009,3.698,7.117,-0.290080,0.954729,0.065929,-0.056217,-0.085772,0.994727,0.955350,0.284844,0.078553),FOV=70.00,Time=0.1833},{Pos=Vector3.new(43.009,3.698,7.117),Vel=Vector3.new(0.000,-0.000,0.000),Move=Vector3.new(-0.000,0,-0.000),Jump=false,CFrame=CFrame.new(43.009,3.698,7.117,-0.567150,0.820861,-0.067295,0.027977,0.100860,0.994507,0.823139,0.562152,-0.080168),FOV=70.00,Time=0.2000},{Pos=Vector3.new(43.009,3.698,7.117),Vel=Vector3.new(0.000,-0.000,0.000),Move=Vector3.new(-0.000,0,-0.000),Jump=false,CFrame=CFrame.new(43.009,3.698,7.117,-0.584825,0.806347,-0.088234,0.033909,0.132982,0.990538,0.810451,0.576299,-0.105114),FOV=70.00,Time=0.2167},{Pos=Vector3.new(43.009,3.698,7.117),Vel=Vector3.new(0.000,-0.000,0.000),Move=Vector3.new(-0.000,0,-0.000),Jump=false,CFrame=CFrame.new(43.009,3.698,7.117,-0.585090,0.806117,-0.088570,0.033999,0.133501,0.990465,0.810255,0.576501,-0.105517),FOV=70.00,Time=0.2333},{Pos=Vector3.new(43.009,3.698,7.117),Vel=Vector3.new(0.000,-0.000,0.000),Move=Vector3.new(-0.000,0,-0.000),Jump=false,CFrame=CFrame.new(43.009,3.698,7.117,-0.585037,0.806163,-0.088505,0.033981,0.133400,0.990480,0.810294,0.576460,-0.105438),FOV=70.00,Time=0.2499},{Pos=Vector3.new(43.009,3.698,7.117),Vel=Vector3.new(0.000,-0.000,0.000),Move=Vector3.new(-0.000,0,-0.000),Jump=false,CFrame=CFrame.new(43.009,3.698,7.117,-0.584978,0.806214,-0.088432,0.033961,0.133287,0.990495,0.810338,0.576415,-0.105350),FOV=70.00,Time=0.2665},{Pos=Vector3.new(43.009,3.698,7.117),Vel=Vector3.new(0.000,-0.000,0.000),Move=Vector3.new(-0.000,0,-0.000),Jump=false,CFrame=CFrame.new(43.009,3.698,7.117,-0.584923,0.806262,-0.088356,0.033942,0.133172,0.990512,0.810378,0.576374,-0.105262),FOV=70.00,Time=0.2838},{Pos=Vector3.new(43.009,3.698,7.117),Vel=Vector3.new(-0.000,-0.000,-0.000),Move=Vector3.new(-0.000,0,-0.000),Jump=false,CFrame=CFrame.new(43.009,3.698,7.117,-0.333169,0.941224,0.055645,-0.044054,-0.074492,0.996248,0.941837,0.329468,0.066283),FOV=70.00,Time=0.3001},{Pos=Vector3.new(43.009,3.698,7.117),Vel=Vector3.new(-0.000,-0.000,-0.000),Move=Vector3.new(-0.000,0,-0.000),Jump=false,CFrame=CFrame.new(43.009,3.698,7.117,-0.322209,0.944864,0.058430,-0.047177,-0.077671,0.995862,0.945492,0.318119,0.069602),FOV=70.00,Time=0.3167},{Pos=Vector3.new(43.009,3.698,7.117),Vel=Vector3.new(-0.000,-0.000,-0.000),Move=Vector3.new(-0.000,0,-0.000),Jump=false,CFrame=CFrame.new(43.009,3.698,7.117,-0.322185,0.944871,0.058437,-0.047184,-0.077680,0.995861,0.945500,0.318094,0.069610),FOV=70.00,Time=0.3334},{Pos=Vector3.new(43.009,3.698,7.117),Vel=Vector3.new(-0.000,-0.000,-0.000),Move=Vector3.new(-0.000,0,-0.000),Jump=false,CFrame=CFrame.new(43.009,3.698,7.117,-0.322378,0.944809,0.058388,-0.047129,-0.077624,0.995868,0.945437,0.318294,0.069552),FOV=70.00,Time=0.3501},{Pos=Vector3.new(43.009,3.698,7.117),Vel=Vector3.new(-0.000,-0.000,-0.000),Move=Vector3.new(-0.000,0,-0.000),Jump=false,CFrame=CFrame.new(43.009,3.698,7.117,-0.322575,0.944744,0.058338,-0.047073,-0.077568,0.995875,0.945373,0.318498,0.069493),FOV=70.00,Time=0.3666},{Pos=Vector3.new(43.009,3.698,7.117),Vel=Vector3.new(-0.000,-0.000,-0.000),Move=Vector3.new(-0.000,0,-0.000),Jump=false,CFrame=CFrame.new(43.009,3.698,7.117,-0.322774,0.944679,0.058289,-0.047016,-0.077512,0.995882,0.945307,0.318705,0.069434),FOV=70.00,Time=0.3836},{Pos=Vector3.new(43.009,3.698,7.117),Vel=Vector3.new(-0.000,-0.000,-0.000),Move=Vector3.new(-0.000,0,-0.000),Jump=false,CFrame=CFrame.new(43.009,3.698,7.117,-0.322971,0.944615,0.058239,-0.046960,-0.077456,0.995889,0.945243,0.318909,0.069376),FOV=70.00,Time=0.4002},{Pos=Vector3.new(43.009,3.698,7.117),Vel=Vector3.new(-0.000,-0.000,-0.000),Move=Vector3.new(-0.000,0,-0.000),Jump=false,CFrame=CFrame.new(43.009,3.698,7.117,-0.323170,0.944550,0.058189,-0.046904,-0.077400,0.995896,0.945178,0.319115,0.069316),FOV=70.00,Time=0.4167},{Pos=Vector3.new(43.009,3.698,7.117),Vel=Vector3.new(0.000,-0.000,0.000),Move=Vector3.new(-0.000,0,-0.000),Jump=false,CFrame=CFrame.new(43.009,3.698,7.117,-0.577909,0.812206,-0.079643,0.031578,0.119772,0.992299,0.815490,0.570943,-0.094865),FOV=70.00,Time=0.4334},{Pos=Vector3.new(43.009,3.698,7.117),Vel=Vector3.new(0.000,-0.000,0.000),Move=Vector3.new(-0.000,0,-0.000),Jump=false,CFrame=CFrame.new(43.009,3.698,7.117,-0.580052,0.810416,-0.082253,0.032299,0.123778,0.991784,0.813939,0.572630,-0.097973),FOV=70.00,Time=0.4502},{Pos=Vector3.new(43.009,3.698,7.117),Vel=Vector3.new(0.000,-0.000,0.000),Move=Vector3.new(-0.000,0,-0.000),Jump=false,CFrame=CFrame.new(43.009,3.698,7.117,-0.580038,0.810428,-0.082237,0.032294,0.123754,0.991787,0.813949,0.572618,-0.097954),FOV=70.00,Time=0.4673},{Pos=Vector3.new(43.009,3.698,7.117),Vel=Vector3.new(0.000,-0.000,0.000),Move=Vector3.new(-0.000,0,-0.000),Jump=false,CFrame=CFrame.new(43.009,3.698,7.117,-0.579983,0.810474,-0.082169,0.032276,0.123649,0.991801,0.813989,0.572576,-0.097873),FOV=70.00,Time=0.4837},{Pos=Vector3.new(43.009,3.698,7.117),Vel=Vector3.new(0.000,-0.000,0.000),Move=Vector3.new(-0.000,0,-0.000),Jump=false,CFrame=CFrame.new(43.009,3.698,7.117,-0.579926,0.810521,-0.082100,0.032257,0.123543,0.991815,0.814030,0.572531,-0.097791),FOV=70.00,Time=0.5002},{Pos=Vector3.new(43.009,3.698,7.117),Vel=Vector3.new(0.000,-0.000,0.000),Move=Vector3.new(-0.000,0,-0.000),Jump=false,CFrame=CFrame.new(43.009,3.698,7.117,-0.579869,0.810569,-0.082031,0.032238,0.123437,0.991829,0.814072,0.572487,-0.097708),FOV=70.00,Time=0.5170},{Pos=Vector3.new(43.009,3.698,7.117),Vel=Vector3.new(-0.000,-0.000,-0.000),Move=Vector3.new(-0.000,0,-0.000),Jump=false,CFrame=CFrame.new(43.009,3.698,7.117,-0.471643,0.878781,0.072777,-0.042298,-0.104985,0.993574,0.880774,0.465534,0.086686),FOV=70.00,Time=0.5333},{Pos=Vector3.new(43.009,3.698,7.117),Vel=Vector3.new(-0.000,-0.000,-0.000),Move=Vector3.new(-0.000,0,-0.000),Jump=false,CFrame=CFrame.new(43.009,3.698,7.117,-0.802486,0.591845,0.075737,0.007004,-0.117580,0.993039,0.596630,0.797430,0.090211),FOV=70.00,Time=0.5500},{Pos=Vector3.new(43.009,3.698,7.117),Vel=Vector3.new(-0.000,-0.000,-0.000),Move=Vector3.new(-0.000,0,-0.000),Jump=false,CFrame=CFrame.new(43.009,3.698,7.117,-0.976263,0.202914,0.075733,0.055435,-0.103921,0.993039,0.209372,0.973666,0.090206),FOV=70.00,Time=0.5672},{Pos=Vector3.new(43.009,3.698,7.117),Vel=Vector3.new(-0.000,-0.000,-0.000),Move=Vector3.new(-0.000,0,-0.000),Jump=false,CFrame=CFrame.new(43.009,3.698,7.117,-0.992503,-0.095973,0.075672,0.083712,-0.082717,0.993051,-0.089046,0.991941,0.090131),FOV=70.00,Time=0.5835},{Pos=Vector3.new(43.009,3.698,7.117),Vel=Vector3.new(-0.000,-0.000,-0.000),Move=Vector3.new(-0.000,0,-0.000),Jump=false,CFrame=CFrame.new(43.009,3.698,7.117,-0.934578,-0.347633,0.075607,0.102060,-0.058396,0.993063,-0.340806,0.935811,0.090055),FOV=70.00,Time=0.6002},{Pos=Vector3.new(43.009,3.698,7.117),Vel=Vector3.new(-0.000,-0.000,-0.000),Move=Vector3.new(-0.000,0,-0.000),Jump=false,CFrame=CFrame.new(43.009,3.698,7.117,-0.842728,-0.533013,0.075542,0.111819,-0.036048,0.993075,-0.526599,0.845339,0.089980),FOV=70.00,Time=0.6168},{Pos=Vector3.new(43.009,3.698,7.117),Vel=Vector3.new(0.000,-0.000,0.000),Move=Vector3.new(-0.000,0,-0.000),Jump=false,CFrame=CFrame.new(43.009,3.698,7.117,-0.981996,-0.181904,-0.050941,-0.061063,0.050478,0.996857,-0.178761,0.982020,-0.060677),FOV=70.00,Time=0.6336},{Pos=Vector3.new(43.009,3.698,7.117),Vel=Vector3.new(0.000,-0.000,0.000),Move=Vector3.new(-0.000,0,-0.000),Jump=false,CFrame=CFrame.new(43.009,3.698,7.117,-0.959363,-0.273094,-0.071003,-0.091257,0.062176,0.993884,-0.267009,0.959976,-0.084571),FOV=70.00,Time=0.6500},{Pos=Vector3.new(43.009,3.698,7.117),Vel=Vector3.new(0.000,-0.000,0.000),Move=Vector3.new(-0.000,0,-0.000),Jump=false,CFrame=CFrame.new(43.009,3.698,7.117,-0.914160,-0.399026,-0.071339,-0.099223,0.049640,0.993826,-0.393022,0.915595,-0.084971),FOV=70.00,Time=0.6673},{Pos=Vector3.new(43.009,3.698,7.117),Vel=Vector3.new(0.000,-0.000,0.000),Move=Vector3.new(-0.000,0,-0.000),Jump=false,CFrame=CFrame.new(43.009,3.698,7.117,-0.860169,-0.505002,-0.071285,-0.104349,0.037449,0.993835,-0.499219,0.862305,-0.084909),FOV=70.00,Time=0.6835},{Pos=Vector3.new(43.009,3.698,7.117),Vel=Vector3.new(0.000,-0.000,0.000),Move=Vector3.new(-0.000,0,-0.000),Jump=false,CFrame=CFrame.new(43.009,3.698,7.117,-0.801742,-0.593411,-0.071228,-0.107645,0.026143,0.993846,-0.587897,0.804475,-0.084837),FOV=70.00,Time=0.7002},{Pos=Vector3.new(43.009,3.698,7.117),Vel=Vector3.new(0.000,-0.000,0.000),Move=Vector3.new(-0.000,0,-0.000),Jump=false,CFrame=CFrame.new(43.009,3.698,7.117,-0.741685,-0.666962,-0.071167,-0.109549,0.015775,0.993856,-0.661741,0.744925,-0.084765),FOV=70.00,Time=0.7166},{Pos=Vector3.new(43.009,3.698,7.117),Vel=Vector3.new(0.000,-0.000,0.000),Move=Vector3.new(-0.000,0,-0.000),Jump=false,CFrame=CFrame.new(43.009,3.698,7.117,-0.703846,-0.706784,-0.071106,-0.110158,0.009712,0.993867,-0.701759,0.707362,-0.084694),FOV=70.00,Time=0.7335},{Pos=Vector3.new(43.009,3.698,7.117),Vel=Vector3.new(-0.000,-0.000,-0.000),Move=Vector3.new(-0.000,0,-0.000),Jump=false,CFrame=CFrame.new(43.009,3.698,7.117,-0.163304,-0.984522,0.063622,0.085288,0.050158,0.995093,-0.982882,0.167929,0.075777),FOV=70.00,Time=0.7507},{Pos=Vector3.new(43.009,3.698,7.117),Vel=Vector3.new(-0.000,-0.000,-0.000),Move=Vector3.new(-0.000,0,-0.000),Jump=false,CFrame=CFrame.new(43.009,3.698,7.117,-0.018868,-0.996216,0.084843,0.103001,0.082469,0.991257,-0.994502,0.027442,0.101056),FOV=70.00,Time=0.7678},{Pos=Vector3.new(43.009,3.698,7.117),Vel=Vector3.new(-0.000,-0.000,-0.000),Move=Vector3.new(-0.000,0,-0.000),Jump=false,CFrame=CFrame.new(43.009,3.698,7.117,-0.000868,-0.996364,0.085190,0.101913,0.084658,0.991185,-0.994793,0.009542,0.101469),FOV=70.00,Time=0.7833},{Pos=Vector3.new(43.009,3.698,7.117),Vel=Vector3.new(-0.000,-0.000,-0.000),Move=Vector3.new(-0.000,0,-0.000),Jump=false,CFrame=CFrame.new(43.009,3.698,7.117,-0.001075,-0.996369,0.085129,0.101854,0.084577,0.991198,-0.994799,0.009737,0.101393),FOV=70.00,Time=0.8000},{Pos=Vector3.new(43.008,3.698,7.182),Vel=Vector3.new(0.027,-0.000,-5.209),Move=Vector3.new(0.007,0,-1.000),Jump=false,CFrame=CFrame.new(43.008,3.698,7.182,0.961689,-0.274095,-0.005138,0.274098,0.961702,0.000001,0.004941,-0.001410,0.999987),FOV=70.00,Time=0.8168},{Pos=Vector3.new(43.006,3.698,7.334),Vel=Vector3.new(0.142,-0.000,-10.416),Move=Vector3.new(0.018,0,-1.000),Jump=false,CFrame=CFrame.new(43.006,3.698,7.334,0.961839,-0.273273,-0.013664,0.273299,0.961929,0.000001,0.013144,-0.003735,0.999907),FOV=70.00,Time=0.8354},{Pos=Vector3.new(42.998,3.698,7.571),Vel=Vector3.new(0.535,-0.000,-15.352),Move=Vector3.new(0.038,0,-0.999),Jump=false,CFrame=CFrame.new(42.998,3.698,7.571,0.961930,-0.271066,-0.034843,0.271230,0.962515,0.000000,0.033537,-0.009451,0.999393),FOV=70.00,Time=0.8504},{Pos=Vector3.new(42.985,3.698,7.836),Vel=Vector3.new(0.795,-0.000,-15.957),Move=Vector3.new(0.051,0,-0.999),Jump=false,CFrame=CFrame.new(42.985,3.698,7.836,0.961750,-0.269366,-0.049778,0.269701,0.962944,0.000000,0.047933,-0.013426,0.998760),FOV=70.00,Time=0.8668},{Pos=Vector3.new(42.969,3.698,8.102),Vel=Vector3.new(0.949,-0.000,-15.963),Move=Vector3.new(0.061,0,-0.998),Jump=false,CFrame=CFrame.new(42.969,3.698,8.102,0.961529,-0.268213,-0.059368,0.268687,0.963228,0.000000,0.057185,-0.015952,0.998236),FOV=70.00,Time=0.8837},{Pos=Vector3.new(42.947,3.698,8.368),Vel=Vector3.new(1.304,-0.000,-15.940),Move=Vector3.new(0.083,0,-0.997),Jump=false,CFrame=CFrame.new(42.947,3.698,8.368,0.960696,-0.265368,-0.081509,0.266254,0.963903,0.000000,0.078566,-0.021702,0.996673),FOV=70.00,Time=0.9035},{Pos=Vector3.new(42.908,3.698,8.766),Vel=Vector3.new(1.544,-0.000,-15.920),Move=Vector3.new(0.098,0,-0.995),Jump=false,CFrame=CFrame.new(42.908,3.698,8.766,0.959876,-0.263295,-0.096512,0.264530,0.964378,0.000000,0.093074,-0.025531,0.995332),FOV=70.00,Time=0.9188},{Pos=Vector3.new(42.893,3.698,8.899),Vel=Vector3.new(1.864,-0.000,-15.886),Move=Vector3.new(0.121,0,-0.993),Jump=false,CFrame=CFrame.new(42.893,3.698,8.899,0.958458,-0.260350,-0.116516,0.262136,0.965031,0.000000,0.112442,-0.030544,0.993189),FOV=70.00,Time=0.9343},{Pos=Vector3.new(42.845,3.698,9.296),Vel=Vector3.new(1.919,-0.000,-15.881),Move=Vector3.new(0.121,0,-0.993),Jump=false,CFrame=CFrame.new(42.845,3.698,9.296,0.958177,-0.259825,-0.119946,0.261714,0.965145,0.000000,0.115765,-0.031392,0.992781),FOV=70.00,Time=0.9542},{Pos=Vector3.new(42.831,3.698,9.407),Vel=Vector3.new(1.604,-0.000,-13.296),Move=Vector3.new(-0.000,0,-0.000),Jump=false,CFrame=CFrame.new(42.831,3.698,9.407,0.958190,-0.259848,-0.119797,0.261733,0.965140,0.000000,0.115621,-0.031355,0.992798),FOV=70.00,Time=0.9682},{Pos=Vector3.new(42.812,3.698,9.564),Vel=Vector3.new(0.980,-0.000,-8.125),Move=Vector3.new(-0.000,0,-0.000),Jump=false,CFrame=CFrame.new(42.812,3.698,9.564,0.958194,-0.259855,-0.119747,0.261739,0.965139,0.000001,0.115572,-0.031343,0.992804),FOV=70.00,Time=0.9839},{Pos=Vector3.new(42.804,3.698,9.634),Vel=Vector3.new(0.356,-0.000,-2.954),Move=Vector3.new(-0.000,0,-0.000),Jump=false,CFrame=CFrame.new(42.804,3.698,9.634,0.958194,-0.259856,-0.119743,0.261739,0.965139,0.000002,0.115568,-0.031344,0.992805),FOV=70.00,Time=0.9996},{Pos=Vector3.new(42.803,3.698,9.640),Vel=Vector3.new(0.011,-0.000,-0.088),Move=Vector3.new(-0.000,0,-0.000),Jump=false,CFrame=CFrame.new(42.803,3.698,9.640,0.958197,-0.259851,-0.119736,0.261743,0.965138,0.000073,0.115542,-0.031410,0.992806),FOV=70.00,Time=1.0166},{Pos=Vector3.new(42.803,3.698,9.640),Vel=Vector3.new(0.000,-0.000,-0.002),Move=Vector3.new(-0.000,0,-0.000),Jump=false,CFrame=CFrame.new(42.803,3.698,9.640,0.958268,-0.259537,-0.119846,0.261849,0.965102,0.003681,0.114709,-0.034909,0.992786),FOV=70.00,Time=1.0334},{Pos=Vector3.new(42.803,3.698,9.640),Vel=Vector3.new(0.000,-0.000,-0.000),Move=Vector3.new(-0.000,0,-0.000),Jump=false,CFrame=CFrame.new(42.803,3.698,9.640,0.958562,-0.256626,-0.123703,0.276292,0.943276,0.184101,0.069441,-0.210650,0.975092),FOV=70.00,Time=1.0495},{Pos=Vector3.new(42.803,3.698,9.640),Vel=Vector3.new(0.000,-0.000,-0.000),Move=Vector3.new(-0.000,0,-0.000),Jump=false,CFrame=CFrame.new(42.803,3.698,9.640,0.099101,-0.994223,-0.041229,0.071014,-0.034261,0.996887,-0.992540,-0.101721,0.067208),FOV=70.00,Time=1.0664},{Pos=Vector3.new(42.803,3.698,9.640),Vel=Vector3.new(0.000,-0.000,0.000),Move=Vector3.new(-0.000,0,-0.000),Jump=false,CFrame=CFrame.new(42.803,3.698,9.640,-0.228728,-0.973063,-0.028835,-0.041575,-0.019830,0.998939,-0.972602,0.229684,-0.035919),FOV=70.00,Time=1.0832},{Pos=Vector3.new(42.803,3.698,9.640),Vel=Vector3.new(0.000,-0.000,0.000),Move=Vector3.new(-0.000,0,-0.000),Jump=false,CFrame=CFrame.new(42.803,3.698,9.640,-0.206959,-0.977933,-0.028561,-0.043029,-0.020066,0.998872,-0.977403,0.207955,-0.037927),FOV=70.00,Time=1.0998},{Pos=Vector3.new(42.803,3.698,9.640),Vel=Vector3.new(0.000,-0.000,0.000),Move=Vector3.new(-0.000,0,-0.000),Jump=false,CFrame=CFrame.new(42.803,3.698,9.640,-0.181625,-0.982954,-0.028534,-0.042500,-0.021143,0.998873,-0.982449,0.182633,-0.037935),FOV=70.00,Time=1.1173},{Pos=Vector3.new(42.803,3.698,9.640),Vel=Vector3.new(0.000,-0.000,0.000),Move=Vector3.new(-0.000,0,-0.000),Jump=false,CFrame=CFrame.new(42.803,3.698,9.640,-0.167378,-0.985481,-0.028507,-0.042154,-0.021735,0.998875,-0.984991,0.168392,-0.037904),FOV=70.00,Time=1.1331},{Pos=Vector3.new(42.803,3.698,9.640),Vel=Vector3.new(0.000,-0.000,0.000),Move=Vector3.new(-0.000,0,-0.000),Jump=false,CFrame=CFrame.new(42.803,3.698,9.640,-0.149828,-0.988302,-0.028484,-0.041725,-0.022464,0.998877,-0.987831,0.150848,-0.037871),FOV=70.00,Time=1.1501},{Pos=Vector3.new(42.803,3.698,9.640),Vel=Vector3.new(0.000,-0.000,0.000),Move=Vector3.new(-0.000,0,-0.000),Jump=false,CFrame=CFrame.new(42.803,3.698,9.640,-0.117825,-0.992627,-0.028458,-0.040942,-0.023777,0.998879,-0.992190,0.118858,-0.037839),FOV=70.00,Time=1.1664},{Pos=Vector3.new(42.803,3.698,9.640),Vel=Vector3.new(0.000,-0.000,0.000),Move=Vector3.new(-0.000,0,-0.000),Jump=false,CFrame=CFrame.new(42.803,3.698,9.640,-0.097754,-0.994804,-0.028435,-0.040419,-0.024579,0.998881,-0.994389,0.098794,-0.037807),FOV=70.00,Time=1.1835},{Pos=Vector3.new(42.803,3.698,9.640),Vel=Vector3.new(0.000,-0.000,0.000),Move=Vector3.new(-0.000,0,-0.000),Jump=false,CFrame=CFrame.new(42.803,3.698,9.640,-0.077658,-0.996575,-0.028412,-0.039881,-0.025370,0.998882,-0.996182,0.078704,-0.037774),FOV=70.00,Time=1.2001},{Pos=Vector3.new(42.741,3.698,9.641),Vel=Vector3.new(4.750,-0.000,-0.067),Move=Vector3.new(1.000,0,-0.014),Jump=false,CFrame=CFrame.new(42.741,3.698,9.641,0.014187,-0.000405,-0.999899,0.028690,0.999588,0.000002,0.999488,-0.028687,0.014193),FOV=70.00,Time=1.2169},{Pos=Vector3.new(42.595,3.698,9.641),Vel=Vector3.new(9.957,-0.000,0.018),Move=Vector3.new(1.000,0,0.007),Jump=false,CFrame=CFrame.new(42.595,3.698,9.641,-0.001794,0.000053,-0.999998,0.029262,0.999572,0.000001,0.999570,-0.029262,-0.001795),FOV=70.00,Time=1.2353},{Pos=Vector3.new(42.364,3.698,9.634),Vel=Vector3.new(15.141,-0.000,0.526),Move=Vector3.new(0.999,0,0.039),Jump=false,CFrame=CFrame.new(42.364,3.698,9.634,-0.034732,0.000820,-0.999396,0.023599,0.999721,0.000000,0.999118,-0.023585,-0.034741),FOV=70.00,Time=1.2506},{Pos=Vector3.new(42.099,3.698,9.616),Vel=Vector3.new(15.899,-0.000,1.103),Move=Vector3.new(0.997,0,0.071),Jump=false,CFrame=CFrame.new(42.099,3.698,9.616,-0.069220,0.001208,-0.997601,0.017443,0.999848,0.000000,0.997449,-0.017402,-0.069231),FOV=70.00,Time=1.2670},{Pos=Vector3.new(41.834,3.698,9.588),Vel=Vector3.new(15.869,-0.000,1.702),Move=Vector3.new(0.994,0,0.109),Jump=false,CFrame=CFrame.new(41.834,3.698,9.588,-0.106648,0.000895,-0.994296,0.008388,0.999965,0.000000,0.994262,-0.008340,-0.106652),FOV=70.00,Time=1.2838},{Pos=Vector3.new(41.569,3.698,9.552),Vel=Vector3.new(15.826,-0.000,2.119),Move=Vector3.new(0.991,0,0.135),Jump=false,CFrame=CFrame.new(41.569,3.698,9.552,-0.132698,0.000145,-0.991157,0.001092,1.000000,0.000000,0.991156,-0.001082,-0.132698),FOV=70.00,Time=1.3000},{Pos=Vector3.new(41.306,3.698,9.514),Vel=Vector3.new(15.812,-0.000,2.271),Move=Vector3.new(0.990,0,0.144),Jump=false,CFrame=CFrame.new(41.306,3.698,9.514,-0.142173,-0.000234,-0.989842,-0.001646,0.999999,0.000000,0.989840,0.001630,-0.142173),FOV=70.00,Time=1.3169},{Pos=Vector3.new(41.042,3.698,9.475),Vel=Vector3.new(15.808,-0.000,2.339),Move=Vector3.new(0.989,0,0.148),Jump=false,CFrame=CFrame.new(41.042,3.698,9.475,-0.146356,-0.000418,-0.989232,-0.002856,0.999996,0.000000,0.989228,0.002826,-0.146357),FOV=70.00,Time=1.3336},{Pos=Vector3.new(40.778,3.698,9.435),Vel=Vector3.new(15.811,-0.000,2.351),Move=Vector3.new(0.989,0,0.149),Jump=false,CFrame=CFrame.new(40.778,3.698,9.435,-0.147065,-0.000450,-0.989127,-0.003062,0.999995,0.000000,0.989122,0.003028,-0.147066),FOV=70.00,Time=1.3502},{Pos=Vector3.new(40.514,3.698,9.395),Vel=Vector3.new(15.814,-0.000,2.356),Move=Vector3.new(0.989,0,0.149),Jump=false,CFrame=CFrame.new(40.514,3.698,9.395,-0.147377,-0.000464,-0.989080,-0.003152,0.999995,0.000000,0.989075,0.003118,-0.147378),FOV=70.00,Time=1.3670},{Pos=Vector3.new(40.251,3.698,9.355),Vel=Vector3.new(15.811,-0.000,2.393),Move=Vector3.new(0.989,0,0.151),Jump=false,CFrame=CFrame.new(40.251,3.698,9.355,-0.149628,-0.000569,-0.988742,-0.003804,0.999993,0.000000,0.988735,0.003761,-0.149629),FOV=70.00,Time=1.3833},{Pos=Vector3.new(39.987,3.698,9.314),Vel=Vector3.new(15.807,-0.000,2.436),Move=Vector3.new(0.988,0,0.153),Jump=false,CFrame=CFrame.new(39.987,3.698,9.314,-0.152339,-0.000699,-0.988328,-0.004588,0.999990,0.000000,0.988318,0.004535,-0.152340),FOV=70.00,Time=1.4004},{Pos=Vector3.new(39.724,3.698,9.273),Vel=Vector3.new(15.799,-0.000,2.497),Move=Vector3.new(0.988,0,0.157),Jump=false,CFrame=CFrame.new(39.724,3.698,9.273,-0.156084,-0.000885,-0.987743,-0.005674,0.999984,0.000000,0.987727,0.005604,-0.156087),FOV=70.00,Time=1.4166},{Pos=Vector3.new(39.461,3.698,9.230),Vel=Vector3.new(15.792,-0.000,2.549),Move=Vector3.new(0.987,0,0.160),Jump=false,CFrame=CFrame.new(39.461,3.698,9.230,-0.159349,-0.001054,-0.987222,-0.006620,0.999978,0.000000,0.987200,0.006535,-0.159352),FOV=70.00,Time=1.4335},{Pos=Vector3.new(39.198,3.698,9.187),Vel=Vector3.new(15.789,-0.000,2.572),Move=Vector3.new(0.987,0,0.162),Jump=false,CFrame=CFrame.new(39.198,3.698,9.187,-0.160754,-0.001129,-0.986994,-0.007027,0.999975,0.000000,0.986969,0.006936,-0.160758),FOV=70.00,Time=1.4504},{Pos=Vector3.new(38.934,3.698,9.144),Vel=Vector3.new(15.788,-0.000,2.580),Move=Vector3.new(0.987,0,0.162),Jump=false,CFrame=CFrame.new(38.934,3.698,9.144,-0.161264,-0.001157,-0.986911,-0.007175,0.999974,0.000000,0.986885,0.007081,-0.161268),FOV=70.00,Time=1.4668},{Pos=Vector3.new(38.671,3.698,9.100),Vel=Vector3.new(15.786,-0.000,2.595),Move=Vector3.new(0.987,0,0.163),Jump=false,CFrame=CFrame.new(38.671,3.698,9.100,-0.162216,-0.001376,-0.986754,-0.008483,0.999964,0.000000,0.986719,0.008371,-0.162222),FOV=70.00,Time=1.4834},{Pos=Vector3.new(38.408,3.698,9.058),Vel=Vector3.new(15.793,-0.000,2.559),Move=Vector3.new(0.987,0,0.160),Jump=false,CFrame=CFrame.new(38.408,3.698,9.058,-0.159960,-0.001337,-0.987123,-0.008358,0.999965,0.000000,0.987088,0.008250,-0.159966),FOV=70.00,Time=1.4999},{Pos=Vector3.new(38.145,3.663,9.015),Vel=Vector3.new(15.793,3.270,2.559),Move=Vector3.new(0.987,0,0.159),Jump=false,CFrame=CFrame.new(38.145,3.663,9.015,-0.158343,-0.198950,-0.967133,-0.007889,0.979714,-0.200247,0.987353,-0.024078,-0.156700),FOV=70.00,Time=1.5169},{Pos=Vector3.new(37.882,3.575,8.972),Vel=Vector3.new(15.793,6.540,2.559),Move=Vector3.new(0.987,0,0.159),Jump=false,CFrame=CFrame.new(37.882,3.575,8.972,-0.156917,-0.374786,-0.913735,-0.007476,0.925621,-0.378378,0.987583,-0.052543,-0.148048),FOV=70.00,Time=1.5337},{Pos=Vector3.new(37.619,3.432,8.929),Vel=Vector3.new(15.793,9.810,2.559),Move=Vector3.new(0.987,0,0.159),Jump=false,CFrame=CFrame.new(37.619,3.432,8.929,-0.155632,-0.517299,-0.841534,-0.007104,0.852479,-0.522713,0.987790,-0.075373,-0.136348),FOV=70.00,Time=1.5502},{Pos=Vector3.new(37.355,3.234,8.887),Vel=Vector3.new(15.794,13.080,2.559),Move=Vector3.new(0.987,0,0.159),Jump=false,CFrame=CFrame.new(37.355,3.234,8.887,-0.154470,-0.626158,-0.764241,-0.006767,0.774178,-0.632932,0.987974,-0.092597,-0.123824),FOV=70.00,Time=1.5672},{Pos=Vector3.new(37.092,2.982,8.844),Vel=Vector3.new(15.794,16.350,2.559),Move=Vector3.new(0.987,0,0.158),Jump=false,CFrame=CFrame.new(37.092,2.982,8.844,-0.153413,-0.706967,-0.690407,-0.006461,0.699380,-0.714720,0.988141,-0.105187,-0.111861),FOV=70.00,Time=1.5837},{Pos=Vector3.new(36.829,2.676,8.802),Vel=Vector3.new(15.800,19.620,2.523),Move=Vector3.new(0.987,0,0.158),Jump=false,CFrame=CFrame.new(36.829,2.676,8.802,-0.150789,-0.766672,-0.624081,-0.005701,0.631963,-0.774978,0.988549,-0.113300,-0.099664),FOV=70.00,Time=1.6004},{Pos=Vector3.new(36.565,2.315,8.760),Vel=Vector3.new(15.800,22.890,2.524),Move=Vector3.new(0.987,0,0.158),Jump=false,CFrame=CFrame.new(36.565,2.315,8.760,-0.150021,-0.810826,-0.565735,-0.005478,0.572883,-0.819619,0.988668,-0.119861,-0.090386),FOV=70.00,Time=1.6172},{Pos=Vector3.new(36.302,2.127,8.717),Vel=Vector3.new(15.800,2.667,2.525),Move=Vector3.new(0.987,0,0.158),Jump=false,CFrame=CFrame.new(36.302,2.127,8.717,-0.156575,-0.163564,-0.974028,-0.007377,0.986358,-0.164449,0.987639,-0.018563,-0.155645),FOV=70.00,Time=1.6350},{Pos=Vector3.new(36.039,2.138,8.675),Vel=Vector3.new(15.800,-1.475,2.525),Move=Vector3.new(0.987,0,0.158),Jump=false,CFrame=CFrame.new(36.039,2.138,8.675,-0.158522,0.089403,-0.983299,-0.007941,0.995744,0.091815,0.987323,0.022363,-0.157138),FOV=70.00,Time=1.6516},{Pos=Vector3.new(35.776,2.162,8.633),Vel=Vector3.new(15.800,-1.266,2.525),Move=Vector3.new(0.987,0,0.158),Jump=false,CFrame=CFrame.new(35.776,2.162,8.633,-0.158425,0.076646,-0.984392,-0.007913,0.996852,0.078890,0.987339,0.020287,-0.157319),FOV=70.00,Time=1.6674},{Pos=Vector3.new(35.512,2.178,8.591),Vel=Vector3.new(15.799,-0.763,2.525),Move=Vector3.new(0.987,0,0.158),Jump=false,CFrame=CFrame.new(35.512,2.178,8.591,-0.158180,0.045774,-0.986349,-0.007842,0.998835,0.047611,0.987379,0.015266,-0.157637),FOV=70.00,Time=1.6844},{Pos=Vector3.new(35.249,2.187,8.549),Vel=Vector3.new(15.800,-0.427,2.524),Move=Vector3.new(0.987,0,0.158),Jump=false,CFrame=CFrame.new(35.249,2.187,8.549,-0.157927,0.025108,-0.987132,-0.007769,0.999614,0.026668,0.987420,0.011880,-0.157671),FOV=70.00,Time=1.7006},{Pos=Vector3.new(34.986,2.192,8.507),Vel=Vector3.new(15.800,-0.234,2.524),Move=Vector3.new(0.987,0,0.158),Jump=false,CFrame=CFrame.new(34.986,2.192,8.507,-0.157833,0.013277,-0.987377,-0.007472,0.999865,0.014640,0.987437,0.009688,-0.157713),FOV=70.00,Time=1.7174},{Pos=Vector3.new(34.722,2.194,8.463),Vel=Vector3.new(15.782,-0.128,2.633),Move=Vector3.new(0.986,0,0.165),Jump=false,CFrame=CFrame.new(34.722,2.194,8.463,-0.164653,0.006319,-0.986331,-0.009488,0.999923,0.007990,0.986306,0.010674,-0.164580),FOV=70.00,Time=1.7342},{Pos=Vector3.new(34.460,2.196,8.418),Vel=Vector3.new(15.766,-0.070,2.726),Move=Vector3.new(0.985,0,0.171),Jump=false,CFrame=CFrame.new(34.460,2.196,8.418,-0.170391,0.002388,-0.985374,-0.011168,0.999928,0.004354,0.985313,0.011747,-0.170352),FOV=70.00,Time=1.7507},{Pos=Vector3.new(34.197,2.197,8.371),Vel=Vector3.new(15.741,-0.041,2.867),Move=Vector3.new(0.984,0,0.179),Jump=false,CFrame=CFrame.new(34.197,2.197,8.371,-0.179182,-0.000253,-0.983816,-0.015598,0.999875,0.002584,0.983692,0.015809,-0.179163),FOV=70.00,Time=1.7673},{Pos=Vector3.new(33.935,2.197,8.323),Vel=Vector3.new(15.743,-0.023,2.855),Move=Vector3.new(0.984,0,0.178),Jump=false,CFrame=CFrame.new(33.935,2.197,8.323,-0.178450,-0.001432,-0.983948,-0.015882,0.999873,0.001425,0.983821,0.015881,-0.178450),FOV=70.00,Time=1.7846},{Pos=Vector3.new(33.673,2.197,8.274),Vel=Vector3.new(15.734,-0.012,2.906),Move=Vector3.new(0.983,0,0.182),Jump=false,CFrame=CFrame.new(33.673,2.197,8.274,-0.181605,-0.002339,-0.983369,-0.017045,0.999855,0.000770,0.983224,0.016902,-0.181618),FOV=70.00,Time=1.8003},{Pos=Vector3.new(33.411,2.197,8.225),Vel=Vector3.new(15.720,-0.007,2.980),Move=Vector3.new(0.982,0,0.186),Jump=false,CFrame=CFrame.new(33.411,2.197,8.225,-0.186196,-0.003067,-0.982508,-0.018653,0.999826,0.000414,0.982336,0.018404,-0.186221),FOV=70.00,Time=1.8172},{Pos=Vector3.new(33.149,2.197,8.174),Vel=Vector3.new(15.711,-0.004,3.028),Move=Vector3.new(0.982,0,0.189),Jump=false,CFrame=CFrame.new(33.149,2.197,8.174,-0.189232,-0.003518,-0.981926,-0.019739,0.999805,0.000222,0.981734,0.019424,-0.189264),FOV=70.00,Time=1.8337},{Pos=Vector3.new(32.887,2.197,8.123),Vel=Vector3.new(15.693,-0.002,3.119),Move=Vector3.new(0.981,0,0.195),Jump=false,CFrame=CFrame.new(32.887,2.197,8.123,-0.194900,-0.004168,-0.980814,-0.021977,0.999758,0.000119,0.980577,0.021579,-0.194945),FOV=70.00,Time=1.8500},{Pos=Vector3.new(32.626,2.197,8.070),Vel=Vector3.new(15.681,-0.001,3.179),Move=Vector3.new(0.980,0,0.199),Jump=false,CFrame=CFrame.new(32.626,2.197,8.070,-0.198658,-0.004562,-0.980058,-0.023277,0.999729,0.000064,0.979792,0.022825,-0.198711),FOV=70.00,Time=1.8669},{Pos=Vector3.new(32.365,2.197,8.016),Vel=Vector3.new(15.668,-0.001,3.244),Move=Vector3.new(0.979,0,0.203),Jump=false,CFrame=CFrame.new(32.365,2.197,8.016,-0.202711,-0.004994,-0.979226,-0.024795,0.999693,0.000035,0.978925,0.024287,-0.202772),FOV=70.00,Time=1.8837},{Pos=Vector3.new(32.104,2.197,7.960),Vel=Vector3.new(15.652,-0.000,3.319),Move=Vector3.new(0.978,0,0.208),Jump=false,CFrame=CFrame.new(32.104,2.197,7.960,-0.207352,-0.005690,-0.978250,-0.027519,0.999621,0.000019,0.977879,0.026924,-0.207430),FOV=70.00,Time=1.9000},{Pos=Vector3.new(31.843,2.197,7.905),Vel=Vector3.new(15.657,-0.000,3.295),Move=Vector3.new(0.979,0,0.206),Jump=false,CFrame=CFrame.new(31.843,2.197,7.905,-0.205831,-0.005653,-0.978571,-0.027502,0.999622,0.000010,0.978201,0.026915,-0.205908),FOV=70.00,Time=1.9176},{Pos=Vector3.new(31.582,2.197,7.849),Vel=Vector3.new(15.643,-0.000,3.359),Move=Vector3.new(0.978,0,0.210),Jump=false,CFrame=CFrame.new(31.582,2.197,7.849,-0.209847,-0.006108,-0.977715,-0.029123,0.999576,0.000006,0.977300,0.028475,-0.209936),FOV=70.00,Time=1.9336},{Pos=Vector3.new(31.322,2.197,7.792),Vel=Vector3.new(15.623,-0.000,3.453),Move=Vector3.new(0.976,0,0.216),Jump=false,CFrame=CFrame.new(31.322,2.197,7.792,-0.215711,-0.006782,-0.976434,-0.031438,0.999506,0.000003,0.975951,0.030698,-0.215817),FOV=70.00,Time=1.9502},{Pos=Vector3.new(31.062,2.197,7.733),Vel=Vector3.new(15.608,-0.000,3.521),Move=Vector3.new(0.975,0,0.220),Jump=false,CFrame=CFrame.new(31.062,2.197,7.733,-0.219927,-0.007324,-0.975489,-0.033294,0.999446,0.000002,0.974948,0.032478,-0.220049),FOV=70.00,Time=1.9668},{Pos=Vector3.new(30.802,2.197,7.674),Vel=Vector3.new(15.604,-0.000,3.536),Move=Vector3.new(0.975,0,0.221),Jump=false,CFrame=CFrame.new(30.802,2.197,7.674,-0.220867,-0.007478,-0.975275,-0.033843,0.999427,0.000001,0.974717,0.033006,-0.220993),FOV=70.00,Time=1.9834},{Pos=Vector3.new(30.542,2.197,7.615),Vel=Vector3.new(15.604,-0.000,3.536),Move=Vector3.new(0.975,0,0.221),Jump=false,CFrame=CFrame.new(30.542,2.197,7.615,-0.220883,-0.007768,-0.975269,-0.035150,0.999382,0.000001,0.974667,0.034281,-0.221020),FOV=70.00,Time=1.9999},{Pos=Vector3.new(30.281,2.197,7.557),Vel=Vector3.new(15.612,-0.000,3.503),Move=Vector3.new(0.976,0,0.219),Jump=false,CFrame=CFrame.new(30.281,2.197,7.557,-0.218812,-0.007660,-0.975737,-0.034989,0.999388,0.000001,0.975139,0.034140,-0.218947),FOV=70.00,Time=2.0167},{Pos=Vector3.new(30.021,2.197,7.499),Vel=Vector3.new(15.612,-0.000,3.503),Move=Vector3.new(0.976,0,0.219),Jump=false,CFrame=CFrame.new(30.021,2.197,7.499,-0.218765,-0.008063,-0.975744,-0.036836,0.999321,0.000001,0.975082,0.035943,-0.218913),FOV=70.00,Time=2.0335},{Pos=Vector3.new(29.761,2.197,7.441),Vel=Vector3.new(15.624,-0.000,3.447),Move=Vector3.new(0.977,0,0.215),Jump=false,CFrame=CFrame.new(29.761,2.197,7.441,-0.215324,-0.007855,-0.976511,-0.036459,0.999335,0.000001,0.975862,0.035603,-0.215467),FOV=70.00,Time=2.0500},{Pos=Vector3.new(29.500,2.197,7.384),Vel=Vector3.new(15.627,-0.000,3.435),Move=Vector3.new(0.977,0,0.215),Jump=false,CFrame=CFrame.new(29.500,2.197,7.384,-0.214546,-0.007826,-0.976683,-0.036457,0.999335,0.000001,0.976033,0.035607,-0.214688),FOV=70.00,Time=2.0667},{Pos=Vector3.new(29.240,2.197,7.327),Vel=Vector3.new(15.627,-0.000,3.435),Move=Vector3.new(0.977,0,0.215),Jump=false,CFrame=CFrame.new(29.240,2.197,7.327,-0.214532,-0.007877,-0.976685,-0.036695,0.999327,0.000001,0.976027,0.035840,-0.214677),FOV=70.00,Time=2.0837},{Pos=Vector3.new(28.979,2.197,7.269),Vel=Vector3.new(15.627,-0.000,3.435),Move=Vector3.new(0.977,0,0.215),Jump=false,CFrame=CFrame.new(28.979,2.197,7.269,-0.214531,-0.007947,-0.976685,-0.037023,0.999315,0.000001,0.976015,0.036160,-0.214678),FOV=70.00,Time=2.1004},{Pos=Vector3.new(28.719,2.197,7.212),Vel=Vector3.new(15.627,-0.000,3.435),Move=Vector3.new(0.977,0,0.215),Jump=false,CFrame=CFrame.new(28.719,2.197,7.212,-0.214532,-0.007965,-0.976685,-0.037105,0.999311,0.000001,0.976012,0.036240,-0.214680),FOV=70.00,Time=2.1168},{Pos=Vector3.new(28.458,2.197,7.155),Vel=Vector3.new(15.628,-0.000,3.431),Move=Vector3.new(0.977,0,0.214),Jump=false,CFrame=CFrame.new(28.458,2.197,7.155,-0.214313,-0.007939,-0.976733,-0.037021,0.999315,0.000001,0.976063,0.036160,-0.214460),FOV=70.00,Time=2.1335},{Pos=Vector3.new(28.198,2.197,7.098),Vel=Vector3.new(15.636,-0.000,3.392),Move=Vector3.new(0.977,0,0.212),Jump=false,CFrame=CFrame.new(28.198,2.197,7.098,-0.211874,-0.007650,-0.977267,-0.036087,0.999349,0.000001,0.976631,0.035267,-0.212012),FOV=70.00,Time=2.1505},{Pos=Vector3.new(27.937,2.197,7.043),Vel=Vector3.new(15.649,-0.000,3.333),Move=Vector3.new(0.978,0,0.208),Jump=false,CFrame=CFrame.new(27.937,2.197,7.043,-0.208175,-0.007221,-0.978065,-0.034671,0.999399,0.000001,0.977477,0.033911,-0.208300),FOV=70.00,Time=2.1672},{Pos=Vector3.new(27.676,2.197,6.988),Vel=Vector3.new(15.659,-0.000,3.285),Move=Vector3.new(0.979,0,0.205),Jump=false,CFrame=CFrame.new(27.676,2.197,6.988,-0.205227,-0.006887,-0.978690,-0.033543,0.999437,0.000001,0.978139,0.032829,-0.205343),FOV=70.00,Time=2.1835},{Pos=Vector3.new(27.415,2.197,6.934),Vel=Vector3.new(15.665,-0.000,3.258),Move=Vector3.new(0.979,0,0.204),Jump=false,CFrame=CFrame.new(27.415,2.197,6.934,-0.203519,-0.006697,-0.979048,-0.032890,0.999459,0.000001,0.978518,0.032201,-0.203629),FOV=70.00,Time=2.2001},{Pos=Vector3.new(27.154,2.197,6.880),Vel=Vector3.new(15.674,-0.000,3.212),Move=Vector3.new(0.980,0,0.201),Jump=false,CFrame=CFrame.new(27.154,2.197,6.880,-0.200620,-0.006378,-0.979648,-0.031781,0.999495,0.000001,0.979154,0.031135,-0.200721),FOV=70.00,Time=2.2170},{Pos=Vector3.new(26.893,2.197,6.827),Vel=Vector3.new(15.677,-0.000,3.198),Move=Vector3.new(0.980,0,0.200),Jump=false,CFrame=CFrame.new(26.893,2.197,6.827,-0.199797,-0.006289,-0.979817,-0.031467,0.999505,0.000001,0.979332,0.030832,-0.199896),FOV=70.00,Time=2.2335},{Pos=Vector3.new(26.631,2.197,6.774),Vel=Vector3.new(15.681,-0.000,3.179),Move=Vector3.new(0.980,0,0.199),Jump=false,CFrame=CFrame.new(26.631,2.197,6.774,-0.198583,-0.006159,-0.980065,-0.031003,0.999519,0.000001,0.979594,0.030385,-0.198679),FOV=70.00,Time=2.2501},{Pos=Vector3.new(26.370,2.197,6.721),Vel=Vector3.new(15.683,-0.000,3.170),Move=Vector3.new(0.980,0,0.198),Jump=false,CFrame=CFrame.new(26.370,2.197,6.721,-0.198011,-0.006098,-0.980181,-0.030784,0.999526,0.000001,0.979716,0.030174,-0.198105),FOV=70.00,Time=2.2667},{Pos=Vector3.new(26.108,2.197,6.668),Vel=Vector3.new(15.683,-0.000,3.169),Move=Vector3.new(0.980,0,0.198),Jump=false,CFrame=CFrame.new(26.108,2.197,6.668,-0.197997,-0.006096,-0.980184,-0.030779,0.999526,0.000001,0.979719,0.030169,-0.198091),FOV=70.00,Time=2.2837},{Pos=Vector3.new(25.847,2.197,6.615),Vel=Vector3.new(15.683,-0.000,3.169),Move=Vector3.new(0.980,0,0.198),Jump=false,CFrame=CFrame.new(25.847,2.197,6.615,-0.197994,-0.006096,-0.980184,-0.030778,0.999526,0.000001,0.979720,0.030168,-0.198088),FOV=70.00,Time=2.3002},{Pos=Vector3.new(25.586,2.197,6.562),Vel=Vector3.new(15.683,-0.000,3.169),Move=Vector3.new(0.980,0,0.198),Jump=false,CFrame=CFrame.new(25.586,2.197,6.562,-0.197992,-0.006096,-0.980185,-0.030777,0.999526,0.000001,0.979720,0.030167,-0.198086),FOV=70.00,Time=2.3169},{Pos=Vector3.new(25.324,2.197,6.510),Vel=Vector3.new(15.683,-0.000,3.169),Move=Vector3.new(0.980,0,0.198),Jump=false,CFrame=CFrame.new(25.324,2.197,6.510,-0.197990,-0.006096,-0.980185,-0.030776,0.999526,0.000001,0.979721,0.030167,-0.198084),FOV=70.00,Time=2.3352},{Pos=Vector3.new(25.063,2.197,6.457),Vel=Vector3.new(15.683,-0.000,3.169),Move=Vector3.new(0.980,0,0.198),Jump=false,CFrame=CFrame.new(25.063,2.197,6.457,-0.197988,-0.006095,-0.980186,-0.030775,0.999526,0.000001,0.979721,0.030166,-0.198082),FOV=70.00,Time=2.3500},{Pos=Vector3.new(24.801,3.063,6.404),Vel=Vector3.new(15.683,-50.701,3.169),Move=Vector3.new(0.980,0,0.198),Jump=false,CFrame=CFrame.new(24.801,3.063,6.404,-0.278427,-0.914038,-0.294981,-0.145468,-0.263451,0.953642,-0.949377,0.308430,-0.059612),FOV=70.00,Time=2.3680},{Pos=Vector3.new(24.540,3.874,6.351),Vel=Vector3.new(15.683,-47.431,3.169),Move=Vector3.new(0.980,0,0.198),Jump=false,CFrame=CFrame.new(24.540,3.874,6.351,-0.467147,-0.826810,-0.313301,-0.211817,-0.239373,0.947541,-0.858433,0.509004,-0.063311),FOV=70.00,Time=2.3840},{Pos=Vector3.new(24.279,4.630,6.298),Vel=Vector3.new(15.683,-44.161,3.169),Move=Vector3.new(0.980,0,0.198),Jump=false,CFrame=CFrame.new(24.279,4.630,6.298,-0.800656,-0.497461,-0.333891,-0.320656,-0.114959,0.940194,-0.506093,0.859836,-0.067471),FOV=70.00,Time=2.3997},{Pos=Vector3.new(24.017,5.332,6.246),Vel=Vector3.new(15.683,-40.891,3.169),Move=Vector3.new(0.980,0,0.198),Jump=false,CFrame=CFrame.new(24.017,5.332,6.246,-0.900971,0.246347,-0.357163,-0.323107,0.168452,0.931250,0.289575,0.954430,-0.072174),FOV=70.00,Time=2.4163},{Pos=Vector3.new(23.756,5.980,6.193),Vel=Vector3.new(15.683,-37.621,3.169),Move=Vector3.new(0.980,0,0.198),Jump=false,CFrame=CFrame.new(23.756,5.980,6.193,-0.658934,0.647028,-0.383615,-0.213941,0.327718,0.920234,0.721135,0.688444,-0.077519),FOV=70.00,Time=2.4329},{Pos=Vector3.new(23.495,6.573,6.140),Vel=Vector3.new(15.683,-34.351,3.169),Move=Vector3.new(0.980,0,0.198),Jump=false,CFrame=CFrame.new(23.495,6.573,6.140,-0.494246,0.764488,-0.413858,-0.146596,0.395958,0.906492,0.856872,0.508700,-0.083630),FOV=70.00,Time=2.4503},{Pos=Vector3.new(23.233,7.111,6.087),Vel=Vector3.new(15.683,-31.081,3.169),Move=Vector3.new(0.980,0,0.198),Jump=false,CFrame=CFrame.new(23.233,7.111,6.087,-0.400546,0.798934,-0.448628,-0.109349,0.444441,0.889109,0.909728,0.405186,-0.090656),FOV=70.00,Time=2.4669},{Pos=Vector3.new(22.972,7.595,6.034),Vel=Vector3.new(15.683,-27.811,3.169),Move=Vector3.new(0.980,0,0.198),Jump=false,CFrame=CFrame.new(22.972,7.595,6.034,-0.342709,0.802267,-0.488792,-0.086663,0.491084,0.866791,0