-- V23 Reverse Non-Loop (mundur)
local RunService=game:GetService("RunService")
local lp=game.Players.LocalPlayer
local cam=workspace.CurrentCamera
local char=lp.Character or lp.CharacterAdded:Wait()
local hrp=char:WaitForChild("HumanoidRootPart")
local hum=char:WaitForChild("Humanoid")
hum.AutoRotate=false
cam.CameraType=Enum.CameraType.Scriptable
local frames={{Pos=Vector3.new(-0.120,3.697,11.709),Vel=Vector3.new(0.000,0.000,-0.000),Move=Vector3.new(0.000,0,0.000),Jump=false,CFrame=CFrame.new(10.753,11.258,11.965,0.023534,-0.492687,0.869889,0.000000,0.870130,0.492823,-0.999723,-0.011598,0.020477),FOV=70.00,Time=0.0000},{Pos=Vector3.new(-0.120,3.697,11.709),Vel=Vector3.new(0.000,0.001,-0.000),Move=Vector3.new(0.000,0,0.000),Jump=false,CFrame=CFrame.new(10.753,11.258,11.965,0.023534,-0.492687,0.869889,0.000000,0.870130,0.492823,-0.999723,-0.011598,0.020477),FOV=70.00,Time=0.0177},{Pos=Vector3.new(-0.120,3.697,11.709),Vel=Vector3.new(0.000,0.002,-0.000),Move=Vector3.new(0.000,0,0.000),Jump=false,CFrame=CFrame.new(10.753,11.258,11.965,0.023534,-0.492687,0.869889,0.000000,0.870130,0.492823,-0.999723,-0.011598,0.020477),FOV=70.00,Time=0.0341},{Pos=Vector3.new(-0.120,3.697,11.709),Vel=Vector3.new(0.000,0.003,-0.000),Move=Vector3.new(0.000,0,0.000),Jump=false,CFrame=CFrame.new(10.753,11.258,11.965,0.023534,-0.492687,0.869889,0.000000,0.870130,0.492823,-0.999723,-0.011598,0.020477),FOV=70.00,Time=0.0507},{Pos=Vector3.new(-0.120,3.697,11.709),Vel=Vector3.new(-0.000,0.005,0.000),Move=Vector3.new(0.000,0,0.000),Jump=false,CFrame=CFrame.new(10.753,11.258,11.965,0.023534,-0.492687,0.869889,0.000000,0.870130,0.492823,-0.999723,-0.011598,0.020477),FOV=70.00,Time=0.0675},{Pos=Vector3.new(-0.120,3.697,11.709),Vel=Vector3.new(-0.000,0.010,0.000),Move=Vector3.new(0.000,0,0.000),Jump=false,CFrame=CFrame.new(10.753,11.257,11.965,0.023534,-0.492687,0.869889,0.000000,0.870130,0.492823,-0.999723,-0.011598,0.020477),FOV=70.00,Time=0.0840},{Pos=Vector3.new(-0.120,3.697,11.709),Vel=Vector3.new(-0.000,0.019,0.000),Move=Vector3.new(0.000,0,0.000),Jump=false,CFrame=CFrame.new(10.753,11.257,11.965,0.023534,-0.492687,0.869889,0.000000,0.870130,0.492823,-0.999723,-0.011598,0.020477),FOV=70.00,Time=0.1006},{Pos=Vector3.new(-0.120,3.697,11.709),Vel=Vector3.new(-0.000,0.035,0.000),Move=Vector3.new(0.000,0,0.000),Jump=false,CFrame=CFrame.new(10.753,11.256,11.965,0.023534,-0.492687,0.869889,0.000000,0.870130,0.492823,-0.999723,-0.011598,0.020477),FOV=70.00,Time=0.1175},{Pos=Vector3.new(-0.120,3.696,11.709),Vel=Vector3.new(-0.000,0.066,0.000),Move=Vector3.new(0.000,0,0.000),Jump=false,CFrame=CFrame.new(10.753,11.255,11.965,0.023534,-0.492687,0.869889,0.000000,0.870130,0.492823,-0.999723,-0.011598,0.020477),FOV=70.00,Time=0.1338},{Pos=Vector3.new(-0.120,3.695,11.709),Vel=Vector3.new(-0.000,0.124,0.000),Move=Vector3.new(0.000,0,0.000),Jump=false,CFrame=CFrame.new(10.753,11.253,11.965,0.023534,-0.492687,0.869889,0.000000,0.870130,0.492823,-0.999723,-0.011598,0.020477),FOV=70.00,Time=0.1509},{Pos=Vector3.new(-0.120,3.692,11.709),Vel=Vector3.new(-0.000,0.230,0.000),Move=Vector3.new(0.000,0,0.000),Jump=false,CFrame=CFrame.new(10.753,11.248,11.965,0.023534,-0.492687,0.869889,0.000000,0.870130,0.492823,-0.999723,-0.011598,0.020477),FOV=70.00,Time=0.1672},{Pos=Vector3.new(-0.120,3.688,11.709),Vel=Vector3.new(-0.000,0.430,0.000),Move=Vector3.new(0.000,0,0.000),Jump=false,CFrame=CFrame.new(10.753,11.240,11.965,0.023534,-0.492687,0.869889,0.000000,0.870130,0.492823,-0.999723,-0.011598,0.020477),FOV=70.00,Time=0.1840},{Pos=Vector3.new(-0.120,3.679,11.709),Vel=Vector3.new(0.000,0.798,-0.000),Move=Vector3.new(0.000,0,0.000),Jump=false,CFrame=CFrame.new(10.753,11.224,11.965,0.023534,-0.492687,0.869889,0.000000,0.870130,0.492823,-0.999723,-0.011598,0.020477),FOV=70.00,Time=0.2001},{Pos=Vector3.new(-0.120,3.664,11.709),Vel=Vector3.new(0.000,1.469,-0.000),Move=Vector3.new(0.000,0,0.000),Jump=false,CFrame=CFrame.new(10.753,11.195,11.965,0.023534,-0.492687,0.869889,0.000000,0.870130,0.492823,-0.999723,-0.011598,0.020477),FOV=70.00,Time=0.2173},{Pos=Vector3.new(-0.120,3.635,11.709),Vel=Vector3.new(0.000,2.607,-0.000),Move=Vector3.new(0.000,0,0.000),Jump=false,CFrame=CFrame.new(10.753,11.146,11.965,0.023534,-0.492687,0.869889,0.000000,0.870130,0.492823,-0.999723,-0.011598,0.020477),FOV=70.00,Time=0.2339},{Pos=Vector3.new(-0.120,3.585,11.709),Vel=Vector3.new(0.000,4.031,-0.000),Move=Vector3.new(0.000,0,0.000),Jump=false,CFrame=CFrame.new(10.753,11.068,11.965,0.023534,-0.492687,0.869889,0.000000,0.870130,0.492823,-0.999723,-0.011598,0.020477),FOV=70.00,Time=0.2492},{Pos=Vector3.new(-0.120,3.507,11.709),Vel=Vector3.new(0.000,-0.084,-0.000),Move=Vector3.new(0.000,0,0.000),Jump=false,CFrame=CFrame.new(10.753,11.244,11.965,0.023534,-0.492687,0.869889,0.000000,0.870130,0.492823,-0.999723,-0.011598,0.020477),FOV=70.00,Time=0.2672},{Pos=Vector3.new(-0.120,3.684,11.709),Vel=Vector3.new(0.000,-47.399,-0.000),Move=Vector3.new(0.000,0,0.000),Jump=false,CFrame=CFrame.new(10.753,12.014,11.965,0.023534,-0.492687,0.869889,0.000000,0.870130,0.492823,-0.999723,-0.011598,0.020477),FOV=70.00,Time=0.2835},{Pos=Vector3.new(-0.120,4.454,11.709),Vel=Vector3.new(-0.000,-44.129,0.000),Move=Vector3.new(0.000,0,0.000),Jump=false,CFrame=CFrame.new(10.753,12.729,11.965,0.023534,-0.492687,0.869889,0.000000,0.870130,0.492823,-0.999723,-0.011598,0.020477),FOV=70.00,Time=0.3003},{Pos=Vector3.new(-0.120,5.169,11.709),Vel=Vector3.new(-0.000,-40.859,0.000),Move=Vector3.new(0.000,0,0.000),Jump=false,CFrame=CFrame.new(10.753,13.390,11.965,0.023534,-0.492687,0.869889,0.000000,0.870130,0.492823,-0.999723,-0.011598,0.020477),FOV=70.00,Time=0.3170},{Pos=Vector3.new(-0.120,5.829,11.709),Vel=Vector3.new(-0.000,-37.589,0.000),Move=Vector3.new(0.000,0,0.000),Jump=false,CFrame=CFrame.new(10.753,13.996,11.965,0.023534,-0.492687,0.869889,0.000000,0.870130,0.492823,-0.999723,-0.011598,0.020477),FOV=70.00,Time=0.3335},{Pos=Vector3.new(-0.120,6.435,11.709),Vel=Vector3.new(-0.000,-34.319,0.000),Move=Vector3.new(0.000,0,0.000),Jump=false,CFrame=CFrame.new(10.753,14.547,11.965,0.023534,-0.492687,0.869889,0.000000,0.870130,0.492823,-0.999723,-0.011598,0.020477),FOV=70.00,Time=0.3504},{Pos=Vector3.new(-0.120,6.987,11.709),Vel=Vector3.new(-0.001,-31.049,0.000),Move=Vector3.new(0.000,0,0.000),Jump=false,CFrame=CFrame.new(10.753,15.044,11.965,0.023534,-0.492687,0.869889,0.000000,0.870130,0.492823,-0.999723,-0.011598,0.020477),FOV=70.00,Time=0.3668},{Pos=Vector3.new(-0.120,7.484,11.709),Vel=Vector3.new(-0.071,-27.779,0.001),Move=Vector3.new(0.000,0,0.000),Jump=false,CFrame=CFrame.new(10.761,15.487,11.965,0.023534,-0.492687,0.869889,0.000000,0.870130,0.492823,-0.999723,-0.011598,0.020477),FOV=70.00,Time=0.3837},{Pos=Vector3.new(-0.112,7.926,11.709),Vel=Vector3.new(-1.696,-24.509,0.015),Move=Vector3.new(0.000,0,0.000),Jump=false,CFrame=CFrame.new(10.804,15.875,11.965,0.023534,-0.492687,0.869889,0.000000,0.870130,0.492823,-0.999723,-0.011598,0.020477),FOV=70.00,Time=0.4004},{Pos=Vector3.new(-0.069,8.314,11.709),Vel=Vector3.new(-4.079,-21.239,0.036),Move=Vector3.new(0.000,0,0.000),Jump=false,CFrame=CFrame.new(10.887,16.208,11.964,0.023534,-0.492687,0.869889,0.000000,0.870130,0.492823,-0.999723,-0.011598,0.020477),FOV=70.00,Time=0.4179},{Pos=Vector3.new(0.136,8.927,11.707),Vel=Vector3.new(-8.846,-14.699,0.077),Move=Vector3.new(0.000,0,0.000),Jump=false,CFrame=CFrame.new(11.172,16.712,11.961,0.023534,-0.492687,0.869889,0.000000,0.870130,0.492823,-0.999723,-0.011598,0.020477),FOV=70.00,Time=0.4457},{Pos=Vector3.new(0.298,9.152,11.706),Vel=Vector3.new(-11.229,-11.429,0.098),Move=Vector3.new(0.000,0,0.000),Jump=false,CFrame=CFrame.new(11.374,16.882,11.960,0.023534,-0.492687,0.869889,0.000000,0.870130,0.492823,-0.999723,-0.011598,0.020477),FOV=70.00,Time=0.4667},{Pos=Vector3.new(0.501,9.322,11.704),Vel=Vector3.new(-13.612,-8.159,0.119),Move=Vector3.new(0.000,0,0.000),Jump=false,CFrame=CFrame.new(11.616,16.998,11.958,0.023534,-0.492687,0.869889,0.000000,0.870130,0.492823,-0.999723,-0.011598,0.020477),FOV=70.00,Time=0.4832},{Pos=Vector3.new(0.742,9.437,11.702),Vel=Vector3.new(-15.995,-4.889,0.140),Move=Vector3.new(-1.000,0,0.004),Jump=false,CFrame=CFrame.new(11.882,17.059,11.948,0.023534,-0.492687,0.869889,0.000000,0.870130,0.492823,-0.999723,-0.011598,0.020477),FOV=70.00,Time=0.5005},{Pos=Vector3.new(1.009,9.498,11.693),Vel=Vector3.new(-15.897,-1.619,1.801),Move=Vector3.new(-0.994,0,0.110),Jump=false,CFrame=CFrame.new(12.146,17.065,11.915,0.023534,-0.492687,0.869889,0.000000,0.870130,0.492823,-0.999723,-0.011598,0.020477),FOV=70.00,Time=0.5164},{Pos=Vector3.new(1.273,9.505,11.659),Vel=Vector3.new(-15.705,1.651,3.059),Move=Vector3.new(-0.982,0,0.191),Jump=false,CFrame=CFrame.new(12.408,17.017,11.863,0.023534,-0.492687,0.869889,0.000000,0.870130,0.492823,-0.999723,-0.011598,0.020477),FOV=70.00,Time=0.5338},{Pos=Vector3.new(1.534,9.457,11.607),Vel=Vector3.new(-15.612,4.921,3.503),Move=Vector3.new(-0.976,0,0.219),Jump=false,CFrame=CFrame.new(12.668,16.915,11.804,0.023534,-0.492687,0.869889,0.000000,0.870130,0.492823,-0.999723,-0.011598,0.020477),FOV=70.00,Time=0.5505},{Pos=Vector3.new(1.795,9.354,11.548),Vel=Vector3.new(-15.564,8.191,3.709),Move=Vector3.new(-0.973,0,0.232),Jump=false,CFrame=CFrame.new(12.927,16.758,11.742,0.023534,-0.492687,0.869889,0.000000,0.870130,0.492823,-0.999723,-0.011598,0.020477),FOV=70.00,Time=0.5672},{Pos=Vector3.new(2.054,9.197,11.486),Vel=Vector3.new(-15.540,11.461,3.807),Move=Vector3.new(-0.971,0,0.238),Jump=false,CFrame=CFrame.new(13.186,16.546,11.678,0.023534,-0.492687,0.869889,0.000000,0.870130,0.492823,-0.999723,-0.011598,0.020477),FOV=70.00,Time=0.5839},{Pos=Vector3.new(2.313,8.986,11.422),Vel=Vector3.new(-15.524,14.731,3.874),Move=Vector3.new(-0.970,0,0.242),Jump=false,CFrame=CFrame.new(13.445,16.280,11.614,0.023534,-0.492687,0.869889,0.000000,0.870130,0.492823,-0.999723,-0.011598,0.020477),FOV=70.00,Time=0.6005},{Pos=Vector3.new(2.572,8.720,11.358),Vel=Vector3.new(-15.509,18.001,3.935),Move=Vector3.new(-0.969,0,0.246),Jump=false,CFrame=CFrame.new(13.704,15.960,11.548,0.023534,-0.492687,0.869889,0.000000,0.870130,0.492823,-0.999723,-0.011598,0.020477),FOV=70.00,Time=0.6173},{Pos=Vector3.new(2.830,8.400,11.292),Vel=Vector3.new(-15.505,21.271,3.950),Move=Vector3.new(-0.969,0,0.247),Jump=false,CFrame=CFrame.new(13.962,15.585,11.482,0.023534,-0.492687,0.869889,0.000000,0.870130,0.492823,-0.999723,-0.011598,0.020477),FOV=70.00,Time=0.6338},{Pos=Vector3.new(3.088,8.025,11.226),Vel=Vector3.new(-15.494,24.541,3.994),Move=Vector3.new(-0.968,0,0.250),Jump=false,CFrame=CFrame.new(14.220,15.155,11.415,0.023534,-0.492687,0.869889,0.000000,0.870130,0.492823,-0.999723,-0.011598,0.020477),FOV=70.00,Time=0.6505},{Pos=Vector3.new(3.347,7.595,11.159),Vel=Vector3.new(-15.488,27.811,4.014),Move=Vector3.new(-0.968,0,0.251),Jump=false,CFrame=CFrame.new(14.478,14.671,11.348,0.023534,-0.492687,0.869889,0.000000,0.870130,0.492823,-0.999723,-0.011598,0.020477),FOV=70.00,Time=0.6668},{Pos=Vector3.new(3.605,7.111,11.092),Vel=Vector3.new(-15.484,31.081,4.032),Move=Vector3.new(-0.968,0,0.252),Jump=false,CFrame=CFrame.new(14.736,14.133,11.281,0.023534,-0.492687,0.869889,0.000000,0.870130,0.492823,-0.999723,-0.011598,0.020477),FOV=70.00,Time=0.6839},{Pos=Vector3.new(3.863,6.573,11.025),Vel=Vector3.new(-15.483,34.351,4.034),Move=Vector3.new(-0.968,0,0.252),Jump=false,CFrame=CFrame.new(14.994,13.540,11.214,0.023534,-0.492687,0.869889,0.000000,0.870130,0.492823,-0.999723,-0.011598,0.020477),FOV=70.00,Time=0.7005},{Pos=Vector3.new(4.121,5.980,10.958),Vel=Vector3.new(-15.482,37.621,4.039),Move=Vector3.new(-0.968,0,0.252),Jump=false,CFrame=CFrame.new(15.252,12.893,11.147,0.023534,-0.492687,0.869889,0.000000,0.870130,0.492823,-0.999723,-0.011598,0.020477),FOV=70.00,Time=0.7172},{Pos=Vector3.new(4.379,5.332,10.891),Vel=Vector3.new(-15.482,40.891,4.039),Move=Vector3.new(-0.968,0,0.252),Jump=false,CFrame=CFrame.new(15.511,12.191,11.079,0.023534,-0.492687,0.869889,0.000000,0.870130,0.492823,-0.999723,-0.011598,0.020477),FOV=70.00,Time=0.7341},{Pos=Vector3.new(4.637,4.630,10.823),Vel=Vector3.new(-15.482,44.161,4.039),Move=Vector3.new(-0.968,0,0.252),Jump=false,CFrame=CFrame.new(15.769,11.434,11.012,0.023534,-0.492687,0.869889,0.000000,0.870130,0.492823,-0.999723,-0.011598,0.020477),FOV=70.00,Time=0.7505},{Pos=Vector3.new(4.895,3.874,10.756),Vel=Vector3.new(-15.482,47.431,4.039),Move=Vector3.new(-0.968,0,0.252),Jump=false,CFrame=CFrame.new(16.027,10.623,10.945,0.023534,-0.492687,0.869889,0.000000,0.870130,0.492823,-0.999723,-0.011598,0.020477),FOV=70.00,Time=0.7668},{Pos=Vector3.new(5.153,3.063,10.689),Vel=Vector3.new(-15.482,50.701,4.039),Move=Vector3.new(-0.968,0,0.252),Jump=false,CFrame=CFrame.new(16.285,9.758,10.877,0.023534,-0.492687,0.869889,0.000000,0.870130,0.492823,-0.999723,-0.011598,0.020477),FOV=70.00,Time=0.7823},{Pos=Vector3.new(5.411,2.197,10.621),Vel=Vector3.new(-15.482,0.000,4.039),Move=Vector3.new(-0.968,0,0.252),Jump=false,CFrame=CFrame.new(16.543,9.758,10.810,0.023534,-0.492687,0.869889,0.000000,0.870130,0.492823,-0.999723,-0.011598,0.020477),FOV=70.00,Time=0.8008},{Pos=Vector3.new(5.669,2.197,10.554),Vel=Vector3.new(-15.482,0.000,4.039),Move=Vector3.new(-0.968,0,0.252),Jump=false,CFrame=CFrame.new(16.801,9.758,10.743,0.023534,-0.492687,0.869889,0.000000,0.870130,0.492823,-0.999723,-0.011598,0.020477),FOV=70.00,Time=0.8175},{Pos=Vector3.new(5.927,2.197,10.487),Vel=Vector3.new(-15.482,0.000,4.039),Move=Vector3.new(-0.968,0,0.252),Jump=false,CFrame=CFrame.new(17.059,9.758,10.676,0.023534,-0.492687,0.869889,0.000000,0.870130,0.492823,-0.999723,-0.011598,0.020477),FOV=70.00,Time=0.8341},{Pos=Vector3.new(6.185,2.197,10.420),Vel=Vector3.new(-15.482,0.000,4.039),Move=Vector3.new(-0.968,0,0.252),Jump=false,CFrame=CFrame.new(17.317,9.758,10.608,0.023534,-0.492687,0.869889,0.000000,0.870130,0.492823,-0.999723,-0.011598,0.020477),FOV=70.00,Time=0.8507},{Pos=Vector3.new(6.443,2.197,10.352),Vel=Vector3.new(-15.482,0.000,4.039),Move=Vector3.new(-0.968,0,0.252),Jump=false,CFrame=CFrame.new(17.575,9.758,10.541,0.023534,-0.492687,0.869889,0.000000,0.870130,0.492823,-0.999723,-0.011598,0.020477),FOV=70.00,Time=0.8673},{Pos=Vector3.new(6.701,2.197,10.285),Vel=Vector3.new(-15.483,0.000,4.036),Move=Vector3.new(-0.968,0,0.252),Jump=false,CFrame=CFrame.new(17.833,9.758,10.474,0.023534,-0.492687,0.869889,0.000000,0.870130,0.492823,-0.999723,-0.011598,0.020477),FOV=70.00,Time=0.8841},{Pos=Vector3.new(6.959,2.197,10.218),Vel=Vector3.new(-15.483,0.000,4.036),Move=Vector3.new(-0.968,0,0.252),Jump=false,CFrame=CFrame.new(18.091,9.758,10.406,0.023534,-0.492687,0.869889,0.000000,0.870130,0.492823,-0.999723,-0.011598,0.020477),FOV=70.00,Time=0.9008},{Pos=Vector3.new(7.217,2.197,10.150),Vel=Vector3.new(-15.478,0.000,4.053),Move=Vector3.new(-0.967,0,0.253),Jump=false,CFrame=CFrame.new(18.349,9.758,10.339,0.023534,-0.492687,0.869889,0.000000,0.870130,0.492823,-0.999723,-0.011598,0.020477),FOV=70.00,Time=0.9178},{Pos=Vector3.new(7.475,2.197,10.083),Vel=Vector3.new(-15.471,0.000,4.082),Move=Vector3.new(-0.967,0,0.255),Jump=false,CFrame=CFrame.new(18.607,9.758,10.271,0.023534,-0.492687,0.869889,0.000000,0.870130,0.492823,-0.999723,-0.011598,0.020477),FOV=70.00,Time=0.9334},{Pos=Vector3.new(7.733,2.197,10.015),Vel=Vector3.new(-15.462,0.000,4.114),Move=Vector3.new(-0.966,0,0.257),Jump=false,CFrame=CFrame.new(18.864,9.758,10.202,0.023534,-0.492687,0.869889,0.000000,0.870130,0.492823,-0.999723,-0.011598,0.020477),FOV=70.00,Time=0.9504},{Pos=Vector3.new(7.991,2.197,9.946),Vel=Vector3.new(-15.458,0.000,4.130),Move=Vector3.new(-0.966,0,0.258),Jump=false,CFrame=CFrame.new(19.122,9.758,10.133,0.023534,-0.492687,0.869889,0.000000,0.870130,0.492823,-0.999723,-0.011598,0.020477),FOV=70.00,Time=0.9671},{Pos=Vector3.new(8.248,2.197,9.877),Vel=Vector3.new(-15.458,0.000,4.131),Move=Vector3.new(-0.966,0,0.258),Jump=false,CFrame=CFrame.new(19.380,9.758,10.064,0.023534,-0.492687,0.869889,0.000000,0.870130,0.492823,-0.999723,-0.011598,0.020477),FOV=70.00,Time=0.9833},{Pos=Vector3.new(8.506,2.197,9.809),Vel=Vector3.new(-15.458,0.000,4.131),Move=Vector3.new(-0.966,0,0.258),Jump=false,CFrame=CFrame.new(19.637,9.758,9.996,0.023534,-0.492687,0.869889,0.000000,0.870130,0.492823,-0.999723,-0.011598,0.020477),FOV=70.00,Time=1.0009},{Pos=Vector3.new(8.764,2.197,9.740),Vel=Vector3.new(-15.458,0.000,4.131),Move=Vector3.new(-0.966,0,0.258),Jump=false,CFrame=CFrame.new(19.895,9.758,9.927,0.023534,-0.492687,0.869889,0.000000,0.870130,0.492823,-0.999723,-0.011598,0.020477),FOV=70.00,Time=1.0174},{Pos=Vector3.new(9.021,2.197,9.671),Vel=Vector3.new(-15.457,0.000,4.131),Move=Vector3.new(-0.966,0,0.258),Jump=false,CFrame=CFrame.new(20.153,9.758,9.858,0.023534,-0.492687,0.869889,0.000000,0.870130,0.492823,-0.999723,-0.011598,0.020477),FOV=70.00,Time=1.0337},{Pos=Vector3.new(9.279,2.197,9.602),Vel=Vector3.new(-15.457,0.000,4.131),Move=Vector3.new(-0.966,0,0.258),Jump=false,CFrame=CFrame.new(20.410,9.758,9.789,0.023534,-0.492687,0.869889,0.000000,0.870130,0.492823,-0.999723,-0.011598,0.020477),FOV=70.00,Time=1.0505},{Pos=Vector3.new(9.537,2.197,9.533),Vel=Vector3.new(-15.457,0.000,4.131),Move=Vector3.new(-0.966,0,0.258),Jump=false,CFrame=CFrame.new(20.668,9.758,9.720,0.023534,-0.492687,0.869889,0.000000,0.870130,0.492823,-0.999723,-0.011598,0.020477),FOV=70.00,Time=1.0667},{Pos=Vector3.new(9.794,2.197,9.464),Vel=Vector3.new(-15.457,0.000,4.132),Move=Vector3.new(-0.966,0,0.258),Jump=false,CFrame=CFrame.new(20.925,9.758,9.651,0.023534,-0.492687,0.869889,0.000000,0.870130,0.492823,-0.999723,-0.011598,0.020477),FOV=70.00,Time=1.0839},{Pos=Vector3.new(10.052,2.197,9.395),Vel=Vector3.new(-15.457,0.000,4.132),Move=Vector3.new(-0.966,0,0.258),Jump=false,CFrame=CFrame.new(21.183,9.758,9.583,0.023534,-0.492687,0.869889,0.000000,0.870130,0.492823,-0.999723,-0.011598,0.020477),FOV=70.00,Time=1.1006},{Pos=Vector3.new(10.309,2.197,9.327),Vel=Vector3.new(-15.457,0.000,4.133),Move=Vector3.new(-0.966,0,0.258),Jump=false,CFrame=CFrame.new(21.441,9.758,9.514,0.023534,-0.492687,0.869889,0.000000,0.870130,0.492823,-0.999723,-0.011598,0.020477),FOV=70.00,Time=1.1171},{Pos=Vector3.new(10.567,2.197,9.258),Vel=Vector3.new(-15.444,0.000,4.183),Move=Vector3.new(-0.965,0,0.261),Jump=false,CFrame=CFrame.new(21.698,9.758,9.444,0.023534,-0.492687,0.869889,0.000000,0.870130,0.492823,-0.999723,-0.011598,0.020477),FOV=70.00,Time=1.1349},{Pos=Vector3.new(10.824,2.197,9.188),Vel=Vector3.new(-15.425,0.000,4.251),Move=Vector3.new(-0.964,0,0.265),Jump=false,CFrame=CFrame.new(21.955,9.758,9.373,0.023534,-0.492687,0.869889,0.000000,0.870130,0.492823,-0.999723,-0.011598,0.020477),FOV=70.00,Time=1.1514},{Pos=Vector3.new(11.338,2.197,9.044),Vel=Vector3.new(-15.349,0.001,4.518),Move=Vector3.new(-0.959,0,0.282),Jump=false,CFrame=CFrame.new(22.467,9.758,9.225,0.023534,-0.492687,0.869889,0.000000,0.870130,0.492823,-0.999723,-0.011598,0.020477),FOV=70.00,Time=1.1782},{Pos=Vector3.new(11.594,2.197,8.969),Vel=Vector3.new(-15.306,0.002,4.662),Move=Vector3.new(-0.957,0,0.291),Jump=false,CFrame=CFrame.new(22.722,9.758,9.147,0.023534,-0.492687,0.869889,0.000000,0.870130,0.492823,-0.999723,-0.011598,0.020477),FOV=70.00,Time=1.2000},{Pos=Vector3.new(11.849,2.197,8.891),Vel=Vector3.new(-15.268,0.003,4.784),Move=Vector3.new(-0.954,0,0.299),Jump=false,CFrame=CFrame.new(22.977,9.758,9.067,0.023534,-0.492687,0.869889,0.000000,0.870130,0.492823,-0.999723,-0.011598,0.020477),FOV=70.00,Time=1.2146},{Pos=Vector3.new(12.103,2.197,8.811),Vel=Vector3.new(-15.236,0.006,4.886),Move=Vector3.new(-0.952,0,0.305),Jump=false,CFrame=CFrame.new(23.231,9.758,8.986,0.023534,-0.492687,0.869889,0.000000,0.870130,0.492823,-0.999723,-0.011598,0.020477),FOV=70.00,Time=1.2330},{Pos=Vector3.new(12.357,2.197,8.730),Vel=Vector3.new(-15.220,0.011,4.934),Move=Vector3.new(-0.951,0,0.308),Jump=false,CFrame=CFrame.new(23.484,9.757,8.903,0.023534,-0.492687,0.869889,0.000000,0.870130,0.492823,-0.999723,-0.011598,0.020477),FOV=70.00,Time=1.2507},{Pos=Vector3.new(12.611,2.197,8.647),Vel=Vector3.new(-15.191,0.020,5.024),Move=Vector3.new(-0.949,0,0.314),Jump=false,CFrame=CFrame.new(23.738,9.757,8.820,0.023534,-0.492687,0.869889,0.000000,0.870130,0.492823,-0.999723,-0.011598,0.020477),FOV=70.00,Time=1.2671},{Pos=Vector3.new(12.864,2.197,8.564),Vel=Vector3.new(-15.191,0.036,5.024),Move=Vector3.new(-0.949,0,0.314),Jump=false,CFrame=CFrame.new(24.054,9.756,8.715,0.023534,-0.492687,0.869889,0.000000,0.870130,0.492823,-0.999723,-0.011598,0.020477),FOV=70.00,Time=1.2839},{Pos=Vector3.new(13.180,2.196,8.459),Vel=Vector3.new(-15.191,0.070,5.024),Move=Vector3.new(-0.949,0,0.314),Jump=false,CFrame=CFrame.new(24.307,9.755,8.631,0.023534,-0.492687,0.869889,0.000000,0.870130,0.492823,-0.999723,-0.011598,0.020477),FOV=70.00,Time=1.3006},{Pos=Vector3.new(13.434,2.194,8.375),Vel=Vector3.new(-15.191,0.128,5.024),Move=Vector3.new(-0.949,0,0.314),Jump=false,CFrame=CFrame.new(24.560,9.752,8.547,0.023534,-0.492687,0.869889,0.000000,0.870130,0.492823,-0.999723,-0.011598,0.020477),FOV=70.00,Time=1.3171},{Pos=Vector3.new(13.687,2.192,8.292),Vel=Vector3.new(-15.191,0.234,5.024),Move=Vector3.new(-0.949,0,0.314),Jump=false,CFrame=CFrame.new(24.814,9.747,8.464,0.023534,-0.492687,0.869889,0.000000,0.870130,0.492823,-0.999723,-0.011598,0.020477),FOV=70.00,Time=1.3339},{Pos=Vector3.new(13.940,2.187,8.208),Vel=Vector3.new(-15.191,0.427,5.024),Move=Vector3.new(-0.949,0,0.314),Jump=false,CFrame=CFrame.new(25.067,9.738,8.380,0.023534,-0.492687,0.869889,0.000000,0.870130,0.492823,-0.999723,-0.011598,0.020477),FOV=70.00,Time=1.3501},{Pos=Vector3.new(14.193,2.178,8.124),Vel=Vector3.new(-15.191,0.763,5.024),Move=Vector3.new(-0.949,0,0.314),Jump=false,CFrame=CFrame.new(25.320,9.722,8.296,0.023534,-0.492687,0.869889,0.000000,0.870130,0.492823,-0.999723,-0.011598,0.020477),FOV=70.00,Time=1.3665},{Pos=Vector3.new(14.446,2.162,8.040),Vel=Vector3.new(-15.191,1.266,5.024),Move=Vector3.new(-0.949,0,0.314),Jump=false,CFrame=CFrame.new(25.573,9.698,8.213,0.023534,-0.492687,0.869889,0.000000,0.870130,0.492823,-0.999723,-0.011598,0.020477),FOV=70.00,Time=1.3833},{Pos=Vector3.new(14.700,2.138,7.957),Vel=Vector3.new(-15.194,1.475,5.014),Move=Vector3.new(-0.950,0,0.313),Jump=false,CFrame=CFrame.new(25.826,9.687,8.129,0.023534,-0.492687,0.869889,0.000000,0.870130,0.492823,-0.999723,-0.011598,0.020477),FOV=70.00,Time=1.4005},{Pos=Vector3.new(14.953,2.127,7.873),Vel=Vector3.new(-15.194,-2.667,5.014),Move=Vector3.new(-0.950,0,0.313),Jump=false,CFrame=CFrame.new(26.080,9.875,8.045,0.023534,-0.492687,0.869889,0.000000,0.870130,0.492823,-0.999723,-0.011598,0.020477),FOV=70.00,Time=1.4170},{Pos=Vector3.new(15.206,2.315,7.790),Vel=Vector3.new(-15.194,-22.890,5.014),Move=Vector3.new(-0.950,0,0.313),Jump=false,CFrame=CFrame.new(26.333,10.236,7.962,0.023534,-0.492687,0.869889,0.000000,0.870130,0.492823,-0.999723,-0.011598,0.020477),FOV=70.00,Time=1.4337},{Pos=Vector3.new(15.459,2.676,7.706),Vel=Vector3.new(-15.192,-19.620,5.019),Move=Vector3.new(-0.950,0,0.313),Jump=false,CFrame=CFrame.new(26.586,10.542,7.878,0.023534,-0.492687,0.869889,0.000000,0.870130,0.492823,-0.999723,-0.011598,0.020477),FOV=70.00,Time=1.4505},{Pos=Vector3.new(15.712,2.982,7.622),Vel=Vector3.new(-15.128,-16.350,5.210),Move=Vector3.new(-0.949,0,0.315),Jump=false,CFrame=CFrame.new(26.838,10.795,7.791,0.023534,-0.492687,0.869889,0.000000,0.870130,0.492823,-0.999723,-0.011598,0.020477),FOV=70.00,Time=1.4663},{Pos=Vector3.new(15.965,3.234,7.535),Vel=Vector3.new(-15.128,-13.080,5.210),Move=Vector3.new(-0.949,0,0.317),Jump=false,CFrame=CFrame.new(27.090,10.992,7.704,0.023534,-0.492687,0.869889,0.000000,0.870130,0.492823,-0.999723,-0.011598,0.020477),FOV=70.00,Time=1.4827},{Pos=Vector3.new(16.217,3.432,7.448),Vel=Vector3.new(-15.128,-9.810,5.210),Move=Vector3.new(-0.949,0,0.317),Jump=false,CFrame=CFrame.new(27.342,11.135,7.617,0.023534,-0.492687,0.869889,0.000000,0.870130,0.492823,-0.999723,-0.011598,0.020477),FOV=70.00,Time=1.5005},{Pos=Vector3.new(16.469,3.575,7.362),Vel=Vector3.new(-15.128,-6.540,5.210),Move=Vector3.new(-0.949,0,0.317),Jump=false,CFrame=CFrame.new(27.595,11.224,7.531,0.023534,-0.492687,0.869889,0.000000,0.870130,0.492823,-0.999723,-0.011598,0.020477),FOV=70.00,Time=1.5168},{Pos=Vector3.new(16.721,3.663,7.275),Vel=Vector3.new(-15.128,-3.270,5.210),Move=Vector3.new(-0.948,0,0.318),Jump=false,CFrame=CFrame.new(27.847,11.258,7.444,0.023534,-0.492687,0.869889,0.000000,0.870130,0.492823,-0.999723,-0.011598,0.020477),FOV=70.00,Time=1.5331},{Pos=Vector3.new(16.973,3.698,7.188),Vel=Vector3.new(-15.126,0.000,5.215),Move=Vector3.new(-0.946,0,0.325),Jump=false,CFrame=CFrame.new(28.099,11.258,7.357,0.023534,-0.492687,0.869889,0.000000,0.870130,0.492823,-0.999723,-0.011598,0.020477),FOV=70.00,Time=1.5507},{Pos=Vector3.new(17.225,3.698,7.101),Vel=Vector3.new(-15.043,0.000,5.449),Move=Vector3.new(-0.940,0,0.340),Jump=false,CFrame=CFrame.new(28.349,11.258,7.266,0.023534,-0.492687,0.869889,0.000000,0.870130,0.492823,-0.999723,-0.011598,0.020477),FOV=70.00,Time=1.5666},{Pos=Vector3.new(17.476,3.698,7.010),Vel=Vector3.new(-14.924,0.000,5.769),Move=Vector3.new(-0.933,0,0.360),Jump=false,CFrame=CFrame.new(28.598,11.258,7.169,0.023534,-0.492687,0.869889,0.000000,0.870130,0.492823,-0.999723,-0.011598,0.020477),FOV=70.00,Time=1.5837},{Pos=Vector3.new(17.724,3.698,6.913),Vel=Vector3.new(-14.772,0.000,6.146),Move=Vector3.new(-0.924,0,0.384),Jump=false,CFrame=CFrame.new(28.844,11.258,7.066,0.023534,-0.492687,0.869889,0.000000,0.870130,0.492823,-0.999723,-0.011598,0.020477),FOV=70.00,Time=1.6006},{Pos=Vector3.new(17.970,3.698,6.810),Vel=Vector3.new(-14.570,0.000,6.612),Move=Vector3.new(-0.911,0,0.413),Jump=false,CFrame=CFrame.new(29.087,11.258,6.956,0.023534,-0.492687,0.869889,0.000000,0.870130,0.492823,-0.999723,-0.011598,0.020477),FOV=70.00,Time=1.6175},{Pos=Vector3.new(18.213,3.698,6.700),Vel=Vector3.new(-14.338,0.000,7.101),Move=Vector3.new(-0.896,0,0.443),Jump=false,CFrame=CFrame.new(29.325,11.258,6.837,0.023534,-0.492687,0.869889,0.000000,0.870130,0.492823,-0.999723,-0.011598,0.020477),FOV=70.00,Time=1.6338},{Pos=Vector3.new(18.452,3.698,6.581),Vel=Vector3.new(-14.109,0.000,7.543),Move=Vector3.new(-0.882,0,0.471),Jump=false,CFrame=CFrame.new(29.560,11.258,6.711,0.023534,-0.492687,0.869889,0.000000,0.870130,0.492823,-0.999723,-0.011598,0.020477),FOV=70.00,Time=1.6505},{Pos=Vector3.new(18.687,3.698,6.455),Vel=Vector3.new(-13.943,0.000,7.845),Move=Vector3.new(-0.871,0,0.490),Jump=false,CFrame=CFrame.new(29.792,11.258,6.580,0.023534,-0.492687,0.869889,0.000000,0.870130,0.492823,-0.999723,-0.011598,0.020477),FOV=70.00,Time=1.6671},{Pos=Vector3.new(18.919,3.698,6.324),Vel=Vector3.new(-13.802,0.000,8.089),Move=Vector3.new(-0.863,0,0.506),Jump=false,CFrame=CFrame.new(30.022,11.258,6.444,0.023534,-0.492687,0.869889,0.000000,0.870130,0.492823,-0.999723,-0.011598,0.020477),FOV=70.00,Time=1.6840},{Pos=Vector3.new(19.149,3.698,6.188),Vel=Vector3.new(-13.676,0.000,8.300),Move=Vector3.new(-0.855,0,0.519),Jump=false,CFrame=CFrame.new(30.250,11.258,6.306,0.023534,-0.492687,0.869889,0.000000,0.870130,0.492823,-0.999723,-0.011598,0.020477),FOV=70.00,Time=1.7006},{Pos=Vector3.new(19.376,3.698,6.050),Vel=Vector3.new(-13.570,0.000,8.469),Move=Vector3.new(-0.848,0,0.530),Jump=false,CFrame=CFrame.new(30.476,11.258,6.164,0.023534,-0.492687,0.869889,0.000000,0.870130,0.492823,-0.999723,-0.011598,0.020477),FOV=70.00,Time=1.7179},{Pos=Vector3.new(19.602,3.697,5.908),Vel=Vector3.new(-13.450,0.000,8.653),Move=Vector3.new(-0.841,0,0.542),Jump=false,CFrame=CFrame.new(30.700,11.258,6.019,0.023534,-0.492687,0.869889,0.000000,0.870130,0.492823,-0.999723,-0.011598,0.020477),FOV=70.00,Time=1.7345},{Pos=Vector3.new(19.826,3.697,5.764),Vel=Vector3.new(-13.307,0.001,8.847),Move=Vector3.new(-0.832,0,0.554),Jump=false,CFrame=CFrame.new(30.921,11.258,5.872,0.023534,-0.492687,0.869889,0.000000,0.870130,0.492823,-0.999723,-0.011598,0.020477),FOV=70.00,Time=1.7510},{Pos=Vector3.new(20.047,3.697,5.616),Vel=Vector3.new(-12.712,0.002,8.628),Move=Vector3.new(-0.827,0,0.562),Jump=false,CFrame=CFrame.new(31.116,11.258,5.738,0.023534,-0.492687,0.869889,0.000000,0.870130,0.492823,-0.999723,-0.011598,0.020477),FOV=70.00,Time=1.7671},{Pos=Vector3.new(20.243,3.697,5.482),Vel=Vector3.new(-8.549,0.003,5.953),Move=Vector3.new(-0.820,0,0.572),Jump=false,CFrame=CFrame.new(31.241,11.258,5.651,0.023534,-0.492687,0.869889,0.000000,0.870130,0.492823,-0.999723,-0.011598,0.020477),FOV=70.00,Time=1.7830},{Pos=Vector3.new(20.368,3.697,5.395),Vel=Vector3.new(-4.271,0.005,2.982),Move=Vector3.new(-0.819,0,0.573),Jump=false,CFrame=CFrame.new(31.295,11.258,5.613,0.023534,-0.492687,0.869889,0.000000,0.870130,0.492823,-0.999723,-0.011598,0.020477),FOV=70.00,Time=1.8007},{Pos=Vector3.new(20.421,3.697,5.357),Vel=Vector3.new(-0.000,0.010,-0.000),Move=Vector3.new(0.000,0,0.000),Jump=false,CFrame=CFrame.new(31.295,11.257,5.613,0.023534,-0.492687,0.869889,0.000000,0.870130,0.492823,-0.999723,-0.011598,0.020477),FOV=70.00,Time=1.8180},{Pos=Vector3.new(20.421,3.697,5.357),Vel=Vector3.new(-0.000,0.019,-0.000),Move=Vector3.new(0.000,0,0.000),Jump=false,CFrame=CFrame.new(31.295,11.257,5.613,0.023534,-0.492687,0.869889,0.000000,0.870130,0.492823,-0.999723,-0.011598,0.020477),FOV=70.00,Time=1.8341},{Pos=Vector3.new(20.421,3.697,5.357),Vel=Vector3.new(-0.000,0.035,-0.000),Move=Vector3.new(0.000,0,0.000),Jump=false,CFrame=CFrame.new(31.295,11.256,5.613,0.023534,-0.492687,0.869889,0.000000,0.870130,0.492823,-0.999723,-0.011598,0.020477),FOV=70.00,Time=1.8508},{Pos=Vector3.new(20.421,3.696,5.357),Vel=Vector3.new(-0.000,0.066,-0.000),Move=Vector3.new(0.000,0,0.000),Jump=false,CFrame=CFrame.new(31.295,11.255,5.613,0.023534,-0.492687,0.869889,0.000000,0.870130,0.492823,-0.999723,-0.011598,0.020477),FOV=70.00,Time=1.8674},{Pos=Vector3.new(20.421,3.695,5.357),Vel=Vector3.new(-0.000,0.124,-0.000),Move=Vector3.new(0.000,0,0.000),Jump=false,CFrame=CFrame.new(31.295,11.253,5.613,0.023534,-0.492687,0.869889,0.000000,0.870130,0.492823,-0.999723,-0.011598,0.020477),FOV=70.00,Time=1.8842},{Pos=Vector3.new(20.421,3.692,5.357),Vel=Vector3.new(-0.000,0.230,-0.000),Move=Vector3.new(0.000,0,0.000),Jump=false,CFrame=CFrame.new(31.295,11.248,5.613,0.023534,-0.492687,0.869889,0.000000,0.870130,0.492823,-0.999723,-0.011598,0.020477),FOV=70.00,Time=1.9009},{Pos=Vector3.new(20.421,3.688,5.357),Vel=Vector3.new(-0.000,0.430,-0.000),Move=Vector3.new(0.000,0,0.000),Jump=false,CFrame=CFrame.new(31.295,11.240,5.613,0.023534,-0.492687,0.869889,0.000000,0.870130,0.492823,-0.999723,-0.011598,0.020477),FOV=70.00,Time=1.9175},{Pos=Vector3.new(20.421,3.679,5.357),Vel=Vector3.new(-0.000,0.798,-0.000),Move=Vector3.new(0.000,0,0.000),Jump=false,CFrame=CFrame.new(31.295,11.224,5.613,0.023534,-0.492687,0.869889,0.000000,0.870130,0.492823,-0.999723,-0.011598,0.020477),FOV=70.00,Time=1.9341},{Pos=Vector3.new(20.421,3.664,5.357),Vel=Vector3.new(-0.000,1.469,-0.000),Move=Vector3.new(0.000,0,0.000),Jump=false,CFrame=CFrame.new(31.295,11.195,5.613,0.023534,-0.492687,0.869889,0.000000,0.870130,0.492823,-0.999723,-0.011598,0.020477),FOV=70.00,Time=1.9509},{Pos=Vector3.new(20.421,3.635,5.357),Vel=Vector3.new(-0.000,2.607,-0.000),Move=Vector3.new(0.000,0,0.000),Jump=false,CFrame=CFrame.new(31.295,11.146,5.613,0.023534,-0.492687,0.869889,0.000000,0.870130,0.492823,-0.999723,-0.011598,0.020477),FOV=70.00,Time=1.9674},{Pos=Vector3.new(20.421,3.585,5.357),Vel=Vector3.new(-0.000,4.031,-0.000),Move=Vector3.new(0.000,0,0.000),Jump=false,CFrame=CFrame.new(31.295,11.068,5.613,0.023534,-0.492687,0.869889,0.000000,0.870130,0.492823,-0.999723,-0.011598,0.020477),FOV=70.00,Time=1.9827},{Pos=Vector3.new(20.421,3.507,5.357),Vel=Vector3.new(-0.000,-0.084,-0.000),Move=Vector3.new(0.000,0,0.000),Jump=false,CFrame=CFrame.new(31.295,11.244,5.613,0.023534,-0.492687,0.869889,0.000000,0.870130,0.492823,-0.999723,-0.011598,0.020477),FOV=70.00,Time=2.0008},{Pos=Vector3.new(20.421,3.684,5.357),Vel=Vector3.new(-0.000,-47.399,-0.000),Move=Vector3.new(0.000,0,0.000),Jump=false,CFrame=CFrame.new(31.295,12.014,5.613,0.023534,-0.492687,0.869889,0.000000,0.870130,0.492823,-0.999723,-0.011598,0.020477),FOV=70.00,Time=2.0172},{Pos=Vector3.new(20.421,4.454,5.357),Vel=Vector3.new(-0.000,-44.129,0.000),Move=Vector3.new(0.000,0,0.000),Jump=false,CFrame=CFrame.new(31.295,12.729,5.613,0.023534,-0.492687,0.869889,0.000000,0.870130,0.492823,-0.999723,-0.011598,0.020477),FOV=70.00,Time=2.0342},{Pos=Vector3.new(20.421,5.169,5.357),Vel=Vector3.new(-0.000,-40.859,-0.000),Move=Vector3.new(0.000,0,0.000),Jump=false,CFrame=CFrame.new(31.295,13.390,5.613,0.023534,-0.492687,0.869889,0.000000,0.870130,0.492823,-0.999723,-0.011598,0.020477),FOV=70.00,Time=2.0509},{Pos=Vector3.new(20.421,5.829,5.357),Vel=Vector3.new(-0.000,-37.589,-0.000),Move=Vector3.new(0.000,0,0.000),Jump=false,CFrame=CFrame.new(31.295,13.996,5.613,0.023534,-0.492687,0.869889,0.000000,0.870130,0.492823,-0.999723,-0.011598,0.020477),FOV=70.00,Time=2.0672},{Pos=Vector3.new(20.421,6.435,5.357),Vel=Vector3.new(-0.000,-34.319,-0.000),Move=Vector3.new(0.000,0,0.000),Jump=false,CFrame=CFrame.new(31.295,14.547,5.613,0.023534,-0.492687,0.869889,0.000000,0.870130,0.492823,-0.999723,-0.011598,0.020477),FOV=70.00,Time=2.0839},{Pos=Vector3.new(20.421,6.987,5.357),Vel=Vector3.new(-0.000,-31.049,-0.000),Move=Vector3.new(0.000,0,0.000),Jump=false,CFrame=CFrame.new(31.295,15.044,5.613,0.023534,-0.492687,0.869889,0.000000,0.870130,0.492823,-0.999723,-0.011598,0.020477),FOV=70.00,Time=2.1004},{Pos=Vector3.new(20.421,7.484,5.357),Vel=Vector3.new(-0.000,-27.779,-0.000),Move=Vector3.new(0.000,0,0.000),Jump=false,CFrame=CFrame.new(31.295,15.487,5.613,0.023534,-0.492687,0.869889,0.000000,0.870130,0.492823,-0.999723,-0.011598,0.020477),FOV=70.00,Time=2.1170},{Pos=Vector3.new(20.421,7.926,5.357),Vel=Vector3.new(-0.000,-24.509,-0.000),Move=Vector3.new(0.000,0,0.000),Jump=false,CFrame=CFrame.new(31.295,15.875,5.613,0.023534,-0.492687,0.869889,0.000000,0.870130,0.492823,-0.999723,-0.011598,0.020477),FOV=70.00,Time=2.1338},{Pos=Vector3.new(20.421,8.314,5.357),Vel=Vector3.new(-0.001,-21.239,-0.000),Move=Vector3.new(0.000,0,0.000),Jump=false,CFrame=CFrame.new(31.295,16.208,5.613,0.023534,-0.492687,0.869889,0.000000,0.870130,0.492823,-0.999723,-0.011598,0.020477),FOV=70.00,Time=2.1505},{Pos=Vector3.new(20.421,8.648,5.357),Vel=Vector3.new(-0.071,-17.969,-0.007),Move=Vector3.new(0.000,0,0.000),Jump=false,CFrame=CFrame.new(31.302,16.487,5.614,0.023534,-0.492687,0.869889,0.000000,0.870130,0.492823,-0.999723,-0.011598,0.020477),FOV=70.00,Time=2.1671},{Pos=Vector3.new(20.429,8.927,5.358),Vel=Vector3.new(-1.693,-14.699,-0.156),Move=Vector3.new(0.000,0,0.000),Jump=false,CFrame=CFrame.new(31.346,16.712,5.618,0.023534,-0.492687,0.869889,0.000000,0.870130,0.492823,-0.999723,-0.011598,0.020477),FOV=70.00,Time=2.1837},{Pos=Vector3.new(20.472,9.152,5.362),Vel=Vector3.new(-4.066,-11.429,-0.375),Move=Vector3.new(0.000,0,0.000),Jump=false,CFrame=CFrame.new(31.428,16.882,5.626,0.023534,-0.492687,0.869889,0.000000,0.870130,0.492823,-0.999723,-0.011598,0.020477),FOV=70.00,Time=2.2004},{Pos=Vector3.new(20.555,9.322,5.370),Vel=Vector3.new(-6.439,-8.159,-0.594),Move=Vector3.new(0.000,0,0.000),Jump=false,CFrame=CFrame.new(31.550,16.998,5.637,0.023534,-0.492687,0.869889,0.000000,0.870130,0.492823,-0.999723,-0.011598,0.020477),FOV=70.00,Time=2.2159},{Pos=Vector3.new(20.677,9.437,5.381),Vel=Vector3.new(-8.813,-4.889,-0.813),Move=Vector3.new(0.000,0,0.000),Jump=false,CFrame=CFrame.new(31.712,17.059,5.652,0.023534,-0.492687,0.869889,0.000000,0.870130,0.492823,-0.999723,-0.011598,0.020477),FOV=70.00,Time=2.2338},{Pos=Vector3.new(20.838,9.498,5.396),Vel=Vector3.new(-11.186,-1.619,-1.031),Move=Vector3.new(0.000,0,0.000),Jump=false,CFrame=CFrame.new(31.913,17.065,5.670,0.023534,-0.492687,0.869889,0.000000,0.870130,0.492823,-0.999723,-0.011598,0.020477),FOV=70.00,Time=2.2508},{Pos=Vector3.new(21.040,9.505,5.414),Vel=Vector3.new(-13.559,1.651,-1.250),Move=Vector3.new(0.000,0,0.000),Jump=false,CFrame=CFrame.new(32.154,17.017,5.693,0.023534,-0.492687,0.869889,0.000000,0.870130,0.492823,-0.999723,-0.011598,0.020477),FOV=70.00,Time=2.2670},{Pos=Vector3.new(21.280,9.457,5.437),Vel=Vector3.new(-15.932,4.921,-1.469),Move=Vector3.new(-0.996,0,-0.092),Jump=false,CFrame=CFrame.new(32.420,16.915,5.717,0.023534,-0.492687,0.869889,0.000000,0.870130,0.492823,-0.999723,-0.011598,0.020477),FOV=70.00,Time=2.2837},{Pos=Vector3.new(21.546,9.354,5.461),Vel=Vector3.new(-15.930,8.191,-1.491),Move=Vector3.new(-0.996,0,-0.093),Jump=false,CFrame=CFrame.new(32.685,16.758,5.742,0.023534,-0.492687,0.869889,0.000000,0.870130,0.492823,-0.999723,-0.011598,0.020477),FOV=70.00,Time=2.3003},{Pos=Vector3.new(21.812,9.197,5.486),Vel=Vector3.new(-15.926,11.461,-1.541),Move=Vector3.new(-0.995,0,-0.096),Jump=false,CFrame=CFrame.new(32.951,16.546,5.768,0.023534,-0.492687,0.869889,0.000000,0.870130,0.492823,-0.999723,-0.011598,0.020477),FOV=70.00,Time=2.3175},{Pos=Vector3.new(22.077,8.986,5.512),Vel=Vector3.new(-15.922,14.731,-1.573),Move=Vector3.new(-0.995,0,-0.098),Jump=false,CFrame=CFrame.new(33.216,16.280,5.794,0.023534,-0.492687,0.869889,0.000000,0.870130,0.492823,-0.999723,-0.011598,0.020477),FOV=70.00,Time=2.3335},{Pos=Vector3.new(22.342,8.720,5.538),Vel=Vector3.new(-15.922,18.001,-1.580),Move=Vector3.new(-0.995,0,-0.099),Jump=false,CFrame=CFrame.new(33.481,15.960,5.820,0.023534,-0.492687,0.869889,0.000000,0.870130,0.492823,-0.999723,-0.011598,0.020477),FOV=70.00,Time=2.3507},{Pos=Vector3.new(22.608,8.400,5.564),Vel=Vector3.new(-15.918,21.271,-1.615),Move=Vector3.new(-0.995,0,-0.101),Jump=false,CFrame=CFrame.new(33.747,15.585,5.847,0.023534,-0.492687,0.869889,0.000000,0.870130,0.492823,-0.999723,-0.011598,0.020477),FOV=70.00,Time=2.3671},{Pos=Vector3.new(22.873,8.025,5.591),Vel=Vector3.new(-15.914,24.541,-1.652),Move=Vector3.new(-0.995,0,-0.103),Jump=false,CFrame=CFrame.new(34.012,15.155,5.875,0.023534,-0.492687,0.869889,0.000000,0.870130,0.492823,-0.999723,-0.011598,0.020477),FOV=70.00,Time=2.3836},{Pos=Vector3.new(23.138,7.595,5.619),Vel=Vector3.new(-15.905,27.811,-1.739),Move=Vector3.new(-0.994,0,-0.109),Jump=false,CFrame=CFrame.new(34.277,14.671,5.904,0.023534,-0.492687,0.869889,0.000000,0.870130,0.492823,-0.999723,-0.011598,0.020477),FOV=70.00,Time=2.4003},{Pos=Vector3.new(23.403,7.111,5.648),Vel=Vector3.new(-15.895,31.081,-1.833),Move=Vector3.new(-0.993,0,-0.114),Jump=false,CFrame=CFrame.new(34.542,14.133,5.935,0.023534,-0.492687,0.869889,0.000000,0.870130,0.492823,-0.999723,-0.011598,0.020477),FOV=70.00,Time=2.4173},{Pos=Vector3.new(23.668,6.573,5.679),Vel=Vector3.new(-15.883,34.351,-1.933),Move=Vector3.new(-0.993,0,-0.121),Jump=false,CFrame=CFrame.new(34.806,13.540,5.968,0.023534,-0.492687,0.869889,0.000000,0.870130,0.492823,-0.999723,-0.011598,0.020477),FOV=70.00,Time=2.4338},{Pos=Vector3.new(23.933,5.980,5.712),Vel=Vector3.new(-15.867,37.621,-2.056),Move=Vector3.new(-0.992,0,-0.128),Jump=false,CFrame=CFrame.new(35.071,12.893,6.002,0.023534,-0.492687,0.869889,0.000000,0.870130,0.492823,-0.999723,-0.011598,0.020477),FOV=70.00,Time=2.4506},{Pos=Vector3.new(24.197,5.332,5.746),Vel=Vector3.new(-15.862,40.891,-2.099),Move=Vector3.new(-0.991,0,-0.131),Jump=false,CFrame=CFrame.new(35.335,12.191,6.037,0.023534,-0.492687,0.869889,0.000000,0.870130,0.492823,-0.999723,-0.011598,0.020477),FOV=70.00,Time=2.4671},{Pos=Vector3.new(24.462,4.630,5.781),Vel=Vector3.new(-15.862,44.161,-2.099),Move=Vector3.new(-0.991,0,-0.131),Jump=false,CFrame=CFrame.new(35.600,11.434,6.072,0.023534,-0.492687,0.869889,0.000000,0.870130,0.492823,-0.999723,-0.011598,0.020477),FOV=70.00,Time=2.4838},{Pos=Vector3.new(24.726,3.874,5.816),Vel=Vector3.new(-15.860,47.431,-2.115),Move=Vector3.new(-0.991,0,-0.132),Jump=false,CFrame=CFrame.new(35.864,10.623,6.107,0.023534,-0.492687,0.869889,0.000000,0.870130,0.492823,-0.999723,-0.011598,0.020477),FOV=70.00,Time=2.5005},{Pos=Vector3.new(24.990,3.063,5.851),Vel=Vector3.new(-15.864,50.701,-2.084),Move=Vector3.new(-0.991,0,-0.132),Jump=false,CFrame=CFrame.new(36.128,9.758,6.142,0.023534,-0.492687,0.869889,0.000000,0.870130,0.492823,-0.999723,-0.