local RunService=game:GetService("RunService")
local lp=game.Players.LocalPlayer
local cam=workspace.CurrentCamera
local char=lp.Character or lp.CharacterAdded:Wait()
local hrp=char:WaitForChild("HumanoidRootPart")
local hum=char:WaitForChild("Humanoid")
hum.AutoRotate=false
cam.CameraType=Enum.CameraType.Scriptable
local frames={{Pos=Vector3.new(50.153,156.998,692.023),Vel=Vector3.new(-0.000,0.000,0.000),Move=Vector3.new(0.000,0,0.000),Jump=false,CFrame=CFrame.new(36.185,164.937,682.718,-0.554459,0.298072,-0.777000,0.000000,0.933657,0.358169,0.832211,0.198590,-0.517674),FOV=70.00,Time=0.0000},{Pos=Vector3.new(50.153,156.998,692.023),Vel=Vector3.new(-0.000,0.000,0.000),Move=Vector3.new(0.000,0,0.000),Jump=false,CFrame=CFrame.new(36.185,164.937,682.718,-0.554459,0.298072,-0.777000,0.000000,0.933657,0.358169,0.832211,0.198590,-0.517674),FOV=70.00,Time=0.0165},{Pos=Vector3.new(50.153,156.998,692.023),Vel=Vector3.new(-0.000,0.000,0.000),Move=Vector3.new(0.000,0,0.000),Jump=false,CFrame=CFrame.new(36.185,164.937,682.718,-0.554459,0.298072,-0.777000,0.000000,0.933657,0.358169,0.832211,0.198590,-0.517674),FOV=70.00,Time=0.0331},{Pos=Vector3.new(50.153,156.998,692.023),Vel=Vector3.new(-0.000,0.000,0.000),Move=Vector3.new(0.000,0,0.000),Jump=false,CFrame=CFrame.new(36.185,164.937,682.718,-0.554459,0.298072,-0.777000,0.000000,0.933657,0.358169,0.832211,0.198590,-0.517674),FOV=70.00,Time=0.0509},{Pos=Vector3.new(50.153,156.998,692.023),Vel=Vector3.new(-0.000,0.000,0.000),Move=Vector3.new(0.000,0,0.000),Jump=false,CFrame=CFrame.new(36.185,164.937,682.718,-0.554459,0.298072,-0.777000,0.000000,0.933657,0.358169,0.832211,0.198590,-0.517674),FOV=70.00,Time=0.0668},{Pos=Vector3.new(50.153,156.998,692.023),Vel=Vector3.new(-0.000,0.000,0.000),Move=Vector3.new(0.000,0,0.000),Jump=false,CFrame=CFrame.new(36.185,164.937,682.718,-0.554459,0.298072,-0.777000,0.000000,0.933657,0.358169,0.832211,0.198590,-0.517674),FOV=70.00,Time=0.0859},{Pos=Vector3.new(50.153,156.998,692.023),Vel=Vector3.new(-0.000,0.000,0.000),Move=Vector3.new(0.000,0,0.000),Jump=false,CFrame=CFrame.new(36.185,164.937,682.718,-0.554459,0.298072,-0.777000,0.000000,0.933657,0.358169,0.832211,0.198590,-0.517674),FOV=70.00,Time=0.1001},{Pos=Vector3.new(50.153,156.998,692.023),Vel=Vector3.new(-0.000,0.000,0.000),Move=Vector3.new(0.000,0,0.000),Jump=false,CFrame=CFrame.new(36.185,164.937,682.718,-0.554459,0.298072,-0.777000,0.000000,0.933657,0.358169,0.832211,0.198590,-0.517674),FOV=70.00,Time=0.1193},{Pos=Vector3.new(50.153,156.998,692.023),Vel=Vector3.new(-0.000,0.000,0.000),Move=Vector3.new(0.000,0,0.000),Jump=false,CFrame=CFrame.new(36.185,164.937,682.718,-0.554459,0.298072,-0.777000,0.000000,0.933657,0.358169,0.832211,0.198590,-0.517674),FOV=70.00,Time=0.1339},{Pos=Vector3.new(50.153,156.998,692.023),Vel=Vector3.new(-0.000,0.000,0.000),Move=Vector3.new(0.000,0,0.000),Jump=false,CFrame=CFrame.new(36.185,164.937,682.718,-0.554459,0.298072,-0.777000,0.000000,0.933657,0.358169,0.832211,0.198590,-0.517674),FOV=70.00,Time=0.1505},{Pos=Vector3.new(50.153,156.998,692.023),Vel=Vector3.new(0.000,0.000,-0.000),Move=Vector3.new(0.000,0,0.000),Jump=false,CFrame=CFrame.new(36.185,164.937,682.718,-0.554459,0.298072,-0.777000,0.000000,0.933657,0.358169,0.832211,0.198590,-0.517674),FOV=70.00,Time=0.1692},{Pos=Vector3.new(50.153,156.998,692.023),Vel=Vector3.new(0.000,0.000,-0.000),Move=Vector3.new(0.000,0,0.000),Jump=false,CFrame=CFrame.new(36.185,164.937,682.718,-0.554459,0.298072,-0.777000,0.000000,0.933657,0.358169,0.832211,0.198590,-0.517674),FOV=70.00,Time=0.1831},{Pos=Vector3.new(50.153,156.998,692.023),Vel=Vector3.new(0.000,0.000,-0.000),Move=Vector3.new(0.000,0,0.000),Jump=false,CFrame=CFrame.new(36.185,164.937,682.718,-0.554459,0.298072,-0.777000,0.000000,0.933657,0.358169,0.832211,0.198590,-0.517674),FOV=70.00,Time=0.2012},{Pos=Vector3.new(50.153,156.998,692.023),Vel=Vector3.new(0.000,0.000,-0.000),Move=Vector3.new(0.000,0,0.000),Jump=false,CFrame=CFrame.new(36.185,164.937,682.718,-0.554459,0.298072,-0.777000,0.000000,0.933657,0.358169,0.832211,0.198590,-0.517674),FOV=70.00,Time=0.2163},{Pos=Vector3.new(50.153,156.998,692.023),Vel=Vector3.new(0.000,0.000,-0.000),Move=Vector3.new(0.000,0,0.000),Jump=false,CFrame=CFrame.new(36.185,164.937,682.718,-0.554459,0.298072,-0.777000,0.000000,0.933657,0.358169,0.832211,0.198590,-0.517674),FOV=70.00,Time=0.2332},{Pos=Vector3.new(50.153,156.998,692.023),Vel=Vector3.new(-0.000,0.000,0.000),Move=Vector3.new(0.000,0,0.000),Jump=false,CFrame=CFrame.new(36.185,164.937,682.718,-0.554459,0.298072,-0.777000,0.000000,0.933657,0.358169,0.832211,0.198590,-0.517674),FOV=70.00,Time=0.2504},{Pos=Vector3.new(50.153,156.998,692.023),Vel=Vector3.new(-0.000,0.000,0.000),Move=Vector3.new(0.000,0,0.000),Jump=false,CFrame=CFrame.new(36.185,164.937,682.718,-0.554459,0.298072,-0.777000,0.000000,0.933657,0.358169,0.832211,0.198590,-0.517674),FOV=70.00,Time=0.2671},{Pos=Vector3.new(50.153,156.998,692.023),Vel=Vector3.new(-0.000,0.000,0.000),Move=Vector3.new(0.000,0,0.000),Jump=false,CFrame=CFrame.new(36.185,164.937,682.718,-0.554459,0.298072,-0.777000,0.000000,0.933657,0.358169,0.832211,0.198590,-0.517674),FOV=70.00,Time=0.2847},{Pos=Vector3.new(50.153,156.998,692.023),Vel=Vector3.new(-0.000,0.000,0.000),Move=Vector3.new(0.000,0,0.000),Jump=false,CFrame=CFrame.new(36.185,164.937,682.718,-0.554459,0.298072,-0.777000,0.000000,0.933657,0.358169,0.832211,0.198590,-0.517674),FOV=70.00,Time=0.3020},{Pos=Vector3.new(50.153,156.998,692.023),Vel=Vector3.new(-0.000,0.000,0.000),Move=Vector3.new(0.000,0,0.000),Jump=false,CFrame=CFrame.new(36.185,164.937,682.718,-0.554459,0.298072,-0.777000,0.000000,0.933657,0.358169,0.832211,0.198590,-0.517674),FOV=70.00,Time=0.3164},{Pos=Vector3.new(50.153,156.998,692.023),Vel=Vector3.new(-0.000,0.000,0.000),Move=Vector3.new(0.000,0,0.000),Jump=false,CFrame=CFrame.new(36.185,164.937,682.718,-0.554459,0.298072,-0.777000,0.000000,0.933657,0.358169,0.832211,0.198590,-0.517674),FOV=70.00,Time=0.3336},{Pos=Vector3.new(50.153,156.998,692.023),Vel=Vector3.new(-0.000,0.000,0.000),Move=Vector3.new(0.000,0,0.000),Jump=false,CFrame=CFrame.new(36.185,164.937,682.718,-0.554459,0.298072,-0.777000,0.000000,0.933657,0.358169,0.832211,0.198590,-0.517674),FOV=70.00,Time=0.3499},{Pos=Vector3.new(50.153,156.998,692.023),Vel=Vector3.new(-0.000,0.000,0.000),Move=Vector3.new(0.000,0,0.000),Jump=false,CFrame=CFrame.new(36.185,164.937,682.718,-0.554459,0.298072,-0.777000,0.000000,0.933657,0.358169,0.832211,0.198590,-0.517674),FOV=70.00,Time=0.3676},{Pos=Vector3.new(50.153,156.998,692.023),Vel=Vector3.new(-0.000,0.000,0.000),Move=Vector3.new(0.000,0,0.000),Jump=false,CFrame=CFrame.new(36.185,164.937,682.718,-0.554459,0.298072,-0.777000,0.000000,0.933657,0.358169,0.832211,0.198590,-0.517674),FOV=70.00,Time=0.3840},{Pos=Vector3.new(50.153,156.998,692.023),Vel=Vector3.new(-0.000,0.000,0.000),Move=Vector3.new(0.000,0,0.000),Jump=false,CFrame=CFrame.new(36.185,164.937,682.718,-0.554459,0.298072,-0.777000,0.000000,0.933657,0.358169,0.832211,0.198590,-0.517674),FOV=70.00,Time=0.4021},{Pos=Vector3.new(50.153,156.998,692.023),Vel=Vector3.new(-0.000,0.000,0.000),Move=Vector3.new(0.000,0,0.000),Jump=false,CFrame=CFrame.new(36.185,164.937,682.718,-0.554459,0.298072,-0.777000,0.000000,0.933657,0.358169,0.832211,0.198590,-0.517674),FOV=70.00,Time=0.4164},{Pos=Vector3.new(50.153,156.998,692.023),Vel=Vector3.new(-0.000,0.000,0.000),Move=Vector3.new(0.000,0,0.000),Jump=false,CFrame=CFrame.new(36.185,164.937,682.718,-0.554459,0.298072,-0.777000,0.000000,0.933657,0.358169,0.832211,0.198590,-0.517674),FOV=70.00,Time=0.4330},{Pos=Vector3.new(50.153,156.998,692.023),Vel=Vector3.new(-0.000,0.000,0.000),Move=Vector3.new(0.000,0,0.000),Jump=false,CFrame=CFrame.new(36.185,164.937,682.718,-0.554459,0.298072,-0.777000,0.000000,0.933657,0.358169,0.832211,0.198590,-0.517674),FOV=70.00,Time=0.4500},{Pos=Vector3.new(50.153,156.998,692.023),Vel=Vector3.new(-0.000,0.000,0.000),Move=Vector3.new(0.000,0,0.000),Jump=false,CFrame=CFrame.new(36.185,164.937,682.718,-0.554459,0.298072,-0.777000,0.000000,0.933657,0.358169,0.832211,0.198590,-0.517674),FOV=70.00,Time=0.4664},{Pos=Vector3.new(50.153,156.998,692.023),Vel=Vector3.new(-0.000,0.000,0.000),Move=Vector3.new(0.000,0,0.000),Jump=false,CFrame=CFrame.new(36.185,164.937,682.718,-0.554459,0.298072,-0.777000,0.000000,0.933657,0.358169,0.832211,0.198590,-0.517674),FOV=70.00,Time=0.4855},{Pos=Vector3.new(50.153,156.998,692.023),Vel=Vector3.new(-0.000,0.000,0.000),Move=Vector3.new(0.000,0,0.000),Jump=false,CFrame=CFrame.new(36.185,164.937,682.718,-0.554459,0.298072,-0.777000,0.000000,0.933657,0.358169,0.832211,0.198590,-0.517674),FOV=70.00,Time=0.5013},{Pos=Vector3.new(50.153,156.998,692.023),Vel=Vector3.new(-0.000,0.000,0.000),Move=Vector3.new(0.000,0,0.000),Jump=false,CFrame=CFrame.new(36.185,164.937,682.718,-0.554459,0.298072,-0.777000,0.000000,0.933657,0.358169,0.832211,0.198590,-0.517674),FOV=70.00,Time=0.5176},{Pos=Vector3.new(50.153,156.998,692.023),Vel=Vector3.new(-0.000,0.000,0.000),Move=Vector3.new(0.000,0,0.000),Jump=false,CFrame=CFrame.new(36.185,164.937,682.718,-0.554459,0.298072,-0.777000,0.000000,0.933657,0.358169,0.832211,0.198590,-0.517674),FOV=70.00,Time=0.5338},{Pos=Vector3.new(50.153,156.998,692.023),Vel=Vector3.new(-0.000,0.000,0.000),Move=Vector3.new(0.000,0,0.000),Jump=false,CFrame=CFrame.new(36.185,164.937,682.718,-0.554459,0.298072,-0.777000,0.000000,0.933657,0.358169,0.832211,0.198590,-0.517674),FOV=70.00,Time=0.5501},{Pos=Vector3.new(50.153,156.998,692.023),Vel=Vector3.new(-0.000,0.000,0.000),Move=Vector3.new(0.000,0,0.000),Jump=false,CFrame=CFrame.new(36.185,164.937,682.718,-0.554459,0.298072,-0.777000,0.000000,0.933657,0.358169,0.832211,0.198590,-0.517674),FOV=70.00,Time=0.5662},{Pos=Vector3.new(50.153,156.998,692.023),Vel=Vector3.new(-0.000,0.000,0.000),Move=Vector3.new(0.000,0,0.000),Jump=false,CFrame=CFrame.new(36.185,164.937,682.718,-0.554459,0.298072,-0.777000,0.000000,0.933657,0.358169,0.832211,0.198590,-0.517674),FOV=70.00,Time=0.5836},{Pos=Vector3.new(50.153,156.998,692.023),Vel=Vector3.new(-0.000,0.000,0.000),Move=Vector3.new(0.000,0,0.000),Jump=false,CFrame=CFrame.new(36.185,164.937,682.718,-0.554459,0.298072,-0.777000,0.000000,0.933657,0.358169,0.832211,0.198590,-0.517674),FOV=70.00,Time=0.5995},{Pos=Vector3.new(50.153,156.998,692.023),Vel=Vector3.new(-0.000,0.000,0.000),Move=Vector3.new(0.000,0,0.000),Jump=false,CFrame=CFrame.new(36.185,164.937,682.718,-0.554459,0.298072,-0.777000,0.000000,0.933657,0.358169,0.832211,0.198590,-0.517674),FOV=70.00,Time=0.6160},{Pos=Vector3.new(50.153,156.998,692.023),Vel=Vector3.new(-0.000,0.000,0.000),Move=Vector3.new(0.000,0,0.000),Jump=false,CFrame=CFrame.new(36.185,164.937,682.718,-0.554459,0.298072,-0.777000,0.000000,0.933657,0.358169,0.832211,0.198590,-0.517674),FOV=70.00,Time=0.6334},{Pos=Vector3.new(50.099,156.998,692.182),Vel=Vector3.new(-4.266,0.001,13.214),Move=Vector3.new(-0.313,0,0.950),Jump=false,CFrame=CFrame.new(36.185,164.937,682.718,-0.554459,0.298072,-0.777000,0.000000,0.933657,0.358169,0.832211,0.198590,-0.517674),FOV=70.00,Time=0.6497},{Pos=Vector3.new(49.974,156.998,692.664),Vel=Vector3.new(-7.219,0.001,30.319),Move=Vector3.new(-0.225,0,0.974),Jump=false,CFrame=CFrame.new(36.130,164.937,682.876,-0.554459,0.298072,-0.777000,0.000000,0.933657,0.358169,0.832211,0.198590,-0.517674),FOV=70.00,Time=0.6686},{Pos=Vector3.new(49.865,156.998,693.227),Vel=Vector3.new(-6.609,0.000,34.586),Move=Vector3.new(-0.185,0,0.983),Jump=false,CFrame=CFrame.new(36.006,164.937,683.358,-0.554459,0.298072,-0.777000,0.000000,0.933657,0.358169,0.832211,0.198590,-0.517674),FOV=70.00,Time=0.6846},{Pos=Vector3.new(49.776,156.998,693.804),Vel=Vector3.new(-5.324,0.000,34.816),Move=Vector3.new(-0.147,0,0.989),Jump=false,CFrame=CFrame.new(35.897,164.937,683.921,-0.554459,0.298072,-0.777000,0.000000,0.933657,0.358169,0.832211,0.198590,-0.517674),FOV=70.00,Time=0.7007},{Pos=Vector3.new(49.710,156.998,694.236),Vel=Vector3.new(-5.427,0.000,34.760),Move=Vector3.new(-0.151,0,0.989),Jump=false,CFrame=CFrame.new(35.808,164.937,684.497,-0.554459,0.298072,-0.777000,0.000000,0.933657,0.358169,0.832211,0.198590,-0.517674),FOV=70.00,Time=0.7172},{Pos=Vector3.new(49.624,156.998,694.813),Vel=Vector3.new(-5.297,-0.000,34.737),Move=Vector3.new(-0.147,0,0.989),Jump=false,CFrame=CFrame.new(35.743,164.937,684.930,-0.554459,0.298072,-0.777000,0.000000,0.933657,0.358169,0.832211,0.198590,-0.517674),FOV=70.00,Time=0.7346},{Pos=Vector3.new(49.518,156.998,695.535),Vel=Vector3.new(-5.208,-0.000,34.711),Move=Vector3.new(-0.145,0,0.989),Jump=false,CFrame=CFrame.new(36.138,164.905,684.802,-0.596050,0.286191,-0.750213,0.000000,0.934324,0.356425,0.802948,0.212447,-0.556903),FOV=70.00,Time=0.7517},{Pos=Vector3.new(49.409,156.998,696.108),Vel=Vector3.new(-6.891,0.000,34.399),Move=Vector3.new(-0.194,0,0.981),Jump=false,CFrame=CFrame.new(37.761,164.710,683.439,-0.717076,0.240861,-0.654056,0.000000,0.938393,0.345570,0.696995,0.247800,-0.672899),FOV=70.00,Time=0.7683},{Pos=Vector3.new(49.270,156.998,696.522),Vel=Vector3.new(-12.083,0.000,32.923),Move=Vector3.new(-0.350,0,0.937),Jump=false,CFrame=CFrame.new(39.695,164.492,682.220,-0.819441,0.191112,-0.540363,0.000000,0.942774,0.333434,0.573163,0.273230,-0.772547),FOV=70.00,Time=0.7846},{Pos=Vector3.new(48.924,156.998,697.162),Vel=Vector3.new(-17.440,0.000,30.469),Move=Vector3.new(-0.495,0,0.869),Jump=false,CFrame=CFrame.new(41.160,164.377,681.595,-0.878700,0.156129,-0.451121,0.000000,0.945004,0.327058,0.477375,0.287386,-0.830375),FOV=70.00,Time=0.8019},{Pos=Vector3.new(48.587,156.998,697.638),Vel=Vector3.new(-20.823,0.000,28.266),Move=Vector3.new(-0.592,0,0.806),Jump=false,CFrame=CFrame.new(42.124,164.218,681.535,-0.916962,0.126953,-0.378237,0.000000,0.948024,0.318199,0.398974,0.291776,-0.869302),FOV=70.00,Time=0.8181},{Pos=Vector3.new(48.304,156.998,697.971),Vel=Vector3.new(-23.122,0.000,26.412),Move=Vector3.new(-0.660,0,0.752),Jump=false,CFrame=CFrame.new(42.949,163.978,681.472,-0.944236,0.100371,-0.313600,0.000000,0.952408,0.304827,0.329271,0.287828,-0.899297),FOV=70.00,Time=0.8342},{Pos=Vector3.new(47.788,156.998,698.487),Vel=Vector3.new(-25.110,0.000,24.526),Move=Vector3.new(-0.713,0,0.701),Jump=false,CFrame=CFrame.new(43.608,163.814,681.453,-0.961889,0.080858,-0.261211,0.000000,0.955279,0.295706,0.273440,0.284437,-0.918873),FOV=70.00,Time=0.8511},{Pos=Vector3.new(47.462,156.998,698.779),Vel=Vector3.new(-26.422,0.000,23.092),Move=Vector3.new(-0.753,0,0.658),Jump=false,CFrame=CFrame.new(43.737,163.762,681.783,-0.971829,0.069018,-0.225357,0.000000,0.956163,0.292836,0.235689,0.284586,-0.929226),FOV=70.00,Time=0.8679},{Pos=Vector3.new(46.898,156.998,699.241),Vel=Vector3.new(-27.307,0.000,22.015),Move=Vector3.new(-0.777,0,0.630),Jump=false,CFrame=CFrame.new(43.692,163.762,682.009,-0.975648,0.064231,-0.209726,0.000000,0.956163,0.292836,0.219341,0.285705,-0.932879),FOV=70.00,Time=0.8852},{Pos=Vector3.new(46.555,156.998,699.512),Vel=Vector3.new(-27.642,0.000,21.575),Move=Vector3.new(-0.787,0,0.617),Jump=false,CFrame=CFrame.new(43.155,163.762,682.465,-0.976006,0.063763,-0.208199,0.000000,0.956163,0.292836,0.217744,0.285809,-0.933221),FOV=70.00,Time=0.9007},{Pos=Vector3.new(46.095,156.998,699.871),Vel=Vector3.new(-27.677,-0.000,21.505),Move=Vector3.new(-0.788,0,0.616),Jump=false,CFrame=CFrame.new(42.812,163.762,682.736,-0.976006,0.063763,-0.208199,0.000000,0.956163,0.292836,0.217744,0.285809,-0.933221),FOV=70.00,Time=0.9164},{Pos=Vector3.new(45.635,156.998,700.230),Vel=Vector3.new(-27.662,-0.000,21.504),Move=Vector3.new(-0.788,0,0.616),Jump=false,CFrame=CFrame.new(42.352,163.762,683.095,-0.976006,0.063763,-0.208199,0.000000,0.956163,0.292836,0.217744,0.285809,-0.933221),FOV=70.00,Time=0.9331},{Pos=Vector3.new(45.063,156.998,700.682),Vel=Vector3.new(-27.522,-0.000,21.663),Move=Vector3.new(-0.784,0,0.620),Jump=false,CFrame=CFrame.new(41.892,163.762,683.454,-0.976006,0.063763,-0.208199,0.000000,0.956163,0.292836,0.217744,0.285809,-0.933221),FOV=70.00,Time=0.9506},{Pos=Vector3.new(44.611,156.998,701.052),Vel=Vector3.new(-27.066,-0.000,22.217),Move=Vector3.new(-0.772,0,0.636),Jump=false,CFrame=CFrame.new(41.320,163.762,683.906,-0.976006,0.063763,-0.208199,0.000000,0.956163,0.292836,0.217744,0.285809,-0.933221),FOV=70.00,Time=0.9673},{Pos=Vector3.new(44.173,156.998,701.436),Vel=Vector3.new(-26.233,-0.000,23.182),Move=Vector3.new(-0.748,0,0.664),Jump=false,CFrame=CFrame.new(40.869,163.762,684.276,-0.976006,0.063763,-0.208199,0.000000,0.956163,0.292836,0.217744,0.285809,-0.933221),FOV=70.00,Time=0.9835},{Pos=Vector3.new(43.855,156.998,701.737),Vel=Vector3.new(-25.351,-0.000,24.136),Move=Vector3.new(-0.722,0,0.692),Jump=false,CFrame=CFrame.new(40.430,163.762,684.660,-0.976006,0.063763,-0.208199,0.000000,0.956163,0.292836,0.217744,0.285809,-0.933221),FOV=70.00,Time=1.0000},{Pos=Vector3.new(43.354,156.998,702.266),Vel=Vector3.new(-23.888,-0.000,25.582),Move=Vector3.new(-0.682,0,0.732),Jump=false,CFrame=CFrame.new(40.112,163.762,684.961,-0.976006,0.063763,-0.208199,0.000000,0.956163,0.292836,0.217744,0.285809,-0.933221),FOV=70.00,Time=1.0173},{Pos=Vector3.new(43.074,156.998,702.603),Vel=Vector3.new(-22.111,-0.000,27.125),Move=Vector3.new(-0.629,0,0.778),Jump=false,CFrame=CFrame.new(39.611,163.762,685.490,-0.976006,0.063763,-0.208199,0.000000,0.956163,0.292836,0.217744,0.285809,-0.933221),FOV=70.00,Time=1.0335},{Pos=Vector3.new(42.652,156.998,703.197),Vel=Vector3.new(-20.003,0.000,28.721),Move=Vector3.new(-0.571,0,0.821),Jump=false,CFrame=CFrame.new(39.332,163.762,685.827,-0.976006,0.063763,-0.208199,0.000000,0.956163,0.292836,0.217744,0.285809,-0.933221),FOV=70.00,Time=1.0502},{Pos=Vector3.new(42.425,156.998,703.570),Vel=Vector3.new(-17.878,0.000,30.088),Move=Vector3.new(-0.508,0,0.861),Jump=false,CFrame=CFrame.new(38.910,163.762,686.421,-0.976006,0.063763,-0.208199,0.000000,0.956163,0.292836,0.217744,0.285809,-0.933221),FOV=70.00,Time=1.0665},{Pos=Vector3.new(42.093,156.998,704.219),Vel=Vector3.new(-15.642,0.000,31.318),Move=Vector3.new(-0.447,0,0.894),Jump=false,CFrame=CFrame.new(38.682,163.762,686.795,-0.976006,0.063763,-0.208199,0.000000,0.956163,0.292836,0.217744,0.285809,-0.933221),FOV=70.00,Time=1.0836},{Pos=Vector3.new(41.919,156.998,704.621),Vel=Vector3.new(-13.544,0.000,32.280),Move=Vector3.new(-0.385,0,0.923),Jump=false,CFrame=CFrame.new(38.350,163.762,687.444,-0.976006,0.063763,-0.208199,0.000000,0.956163,0.292836,0.217744,0.285809,-0.933221),FOV=70.00,Time=1.0995},{Pos=Vector3.new(41.721,156.998,705.169),Vel=Vector3.new(-11.612,0.000,33.031),Move=Vector3.new(-0.332,0,0.943),Jump=false,CFrame=CFrame.new(38.177,163.762,687.845,-0.976006,0.063763,-0.208199,0.000000,0.956163,0.292836,0.217744,0.285809,-0.933221),FOV=70.00,Time=1.1164},{Pos=Vector3.new(41.543,156.998,705.725),Vel=Vector3.new(-10.475,0.000,33.410),Move=Vector3.new(-0.300,0,0.954),Jump=false,CFrame=CFrame.new(37.978,163.762,688.393,-0.976006,0.063763,-0.208199,0.000000,0.956163,0.292836,0.217744,0.285809,-0.933221),FOV=70.00,Time=1.1331},{Pos=Vector3.new(41.338,156.998,706.425),Vel=Vector3.new(-9.702,0.000,33.641),Move=Vector3.new(-0.278,0,0.960),Jump=false,CFrame=CFrame.new(37.801,163.762,688.949,-0.976006,0.063763,-0.208199,0.000000,0.956163,0.292836,0.217744,0.285809,-0.933221),FOV=70.00,Time=1.1505},{Pos=Vector3.new(41.220,156.998,706.846),Vel=Vector3.new(-9.401,0.000,33.725),Move=Vector3.new(-0.269,0,0.963),Jump=false,CFrame=CFrame.new(37.596,163.762,689.649,-0.976006,0.063763,-0.208199,0.000000,0.956163,0.292836,0.217744,0.285809,-0.933221),FOV=70.00,Time=1.1664},{Pos=Vector3.new(41.024,156.998,707.548),Vel=Vector3.new(-9.375,-0.000,33.729),Move=Vector3.new(-0.269,0,0.963),Jump=false,CFrame=CFrame.new(37.477,163.762,690.070,-0.976006,0.063763,-0.208199,0.000000,0.956163,0.292836,0.217744,0.285809,-0.933221),FOV=70.00,Time=1.1833},{Pos=Vector3.new(40.906,156.998,707.970),Vel=Vector3.new(-9.379,-0.000,33.726),Move=Vector3.new(-0.269,0,0.963),Jump=false,CFrame=CFrame.new(37.281,163.762,690.772,-0.976006,0.063763,-0.208199,0.000000,0.956163,0.292836,0.217744,0.285809,-0.933221),FOV=70.00,Time=1.1995},{Pos=Vector3.new(40.710,156.998,708.672),Vel=Vector3.new(-9.384,-0.000,33.723),Move=Vector3.new(-0.269,0,0.963),Jump=false,CFrame=CFrame.new(37.163,163.762,691.194,-0.976006,0.063763,-0.208199,0.000000,0.956163,0.292836,0.217744,0.285809,-0.933221),FOV=70.00,Time=1.2169},{Pos=Vector3.new(40.592,156.998,709.093),Vel=Vector3.new(-9.387,-0.000,33.721),Move=Vector3.new(-0.269,0,0.963),Jump=false,CFrame=CFrame.new(36.967,163.762,691.896,-0.976006,0.063763,-0.208199,0.000000,0.956163,0.292836,0.217744,0.285809,-0.933221),FOV=70.00,Time=1.2327},{Pos=Vector3.new(40.393,156.998,709.795),Vel=Vector3.new(-9.548,-0.000,33.675),Move=Vector3.new(-0.273,0,0.962),Jump=false,CFrame=CFrame.new(36.850,163.762,692.317,-0.976006,0.063763,-0.208199,0.000000,0.956163,0.292836,0.217744,0.285809,-0.933221),FOV=70.00,Time=1.2501},{Pos=Vector3.new(40.271,156.998,710.215),Vel=Vector3.new(-9.824,-0.000,33.594),Move=Vector3.new(-0.282,0,0.960),Jump=false,CFrame=CFrame.new(36.651,163.762,693.019,-0.976006,0.063763,-0.208199,0.000000,0.956163,0.292836,0.217744,0.285809,-0.933221),FOV=70.00,Time=1.2667},{Pos=Vector3.new(40.101,156.998,710.773),Vel=Vector3.new(-10.248,-0.000,33.467),Move=Vector3.new(-0.293,0,0.956),Jump=false,CFrame=CFrame.new(36.528,163.762,693.439,-0.976006,0.063763,-0.208199,0.000000,0.956163,0.292836,0.217744,0.285809,-0.933221),FOV=70.00,Time=1.2832},{Pos=Vector3.new(39.923,156.998,711.328),Vel=Vector3.new(-10.689,-0.000,33.328),Move=Vector3.new(-0.306,0,0.952),Jump=false,CFrame=CFrame.new(36.358,163.762,693.997,-0.976006,0.063763,-0.208199,0.000000,0.956163,0.292836,0.217744,0.285809,-0.933221),FOV=70.00,Time=1.3000},{Pos=Vector3.new(39.737,156.998,711.881),Vel=Vector3.new(-11.248,-0.000,33.143),Move=Vector3.new(-0.322,0,0.947),Jump=false,CFrame=CFrame.new(36.181,163.762,694.553,-0.976006,0.063763,-0.208199,0.000000,0.956163,0.292836,0.217744,0.285809,-0.933221),FOV=70.00,Time=1.3166},{Pos=Vector3.new(39.543,156.998,712.431),Vel=Vector3.new(-11.707,-0.000,32.984),Move=Vector3.new(-0.335,0,0.942),Jump=false,CFrame=CFrame.new(35.994,163.762,695.105,-0.976006,0.063763,-0.208199,0.000000,0.956163,0.292836,0.217744,0.285809,-0.933221),FOV=70.00,Time=1.3332},{Pos=Vector3.new(39.290,156.998,713.115),Vel=Vector3.new(-12.216,-0.000,32.799),Move=Vector3.new(-0.349,0,0.937),Jump=false,CFrame=CFrame.new(35.800,163.762,695.655,-0.976006,0.063763,-0.208199,0.000000,0.956163,0.292836,0.217744,0.285809,-0.933221),FOV=70.00,Time=1.3503},{Pos=Vector3.new(39.132,156.998,713.523),Vel=Vector3.new(-12.677,0.000,32.623),Move=Vector3.new(-0.363,0,0.932),Jump=false,CFrame=CFrame.new(35.547,163.762,696.339,-0.976006,0.063763,-0.208199,0.000000,0.956163,0.292836,0.217744,0.285809,-0.933221),FOV=70.00,Time=1.3664},{Pos=Vector3.new(38.916,156.998,714.065),Vel=Vector3.new(-13.056,0.000,32.474),Move=Vector3.new(-0.373,0,0.928),Jump=false,CFrame=CFrame.new(35.390,163.762,696.747,-0.976006,0.063763,-0.208199,0.000000,0.956163,0.292836,0.217744,0.285809,-0.933221),FOV=70.00,Time=1.3838},{Pos=Vector3.new(38.694,156.998,714.604),Vel=Vector3.new(-13.338,0.000,32.359),Move=Vector3.new(-0.381,0,0.925),Jump=false,CFrame=CFrame.new(35.173,163.762,697.289,-0.976006,0.063763,-0.208199,0.000000,0.956163,0.292836,0.217744,0.285809,-0.933221),FOV=70.00,Time=1.4002},{Pos=Vector3.new(38.466,156.998,715.141),Vel=Vector3.new(-13.733,0.000,32.194),Move=Vector3.new(-0.392,0,0.920),Jump=false,CFrame=CFrame.new(34.951,163.762,697.829,-0.976006,0.063763,-0.208199,0.000000,0.956163,0.292836,0.217744,0.285809,-0.933221),FOV=70.00,Time=1.4171},{Pos=Vector3.new(38.174,156.998,715.810),Vel=Vector3.new(-14.060,0.000,32.052),Move=Vector3.new(-0.402,0,0.916),Jump=false,CFrame=CFrame.new(34.723,163.762,698.366,-0.976006,0.063763,-0.208199,0.000000,0.956163,0.292836,0.217744,0.285809,-0.933221),FOV=70.00,Time=1.4340},{Pos=Vector3.new(37.936,156.998,716.342),Vel=Vector3.new(-14.366,0.000,31.916),Move=Vector3.new(-0.410,0,0.912),Jump=false,CFrame=CFrame.new(34.432,163.762,699.034,-0.976006,0.063763,-0.208199,0.000000,0.956163,0.292836,0.217744,0.285809,-0.933221),FOV=70.00,Time=1.4513},{Pos=Vector3.new(37.688,156.998,716.870),Vel=Vector3.new(-14.935,0.000,31.654),Move=Vector3.new(-0.427,0,0.904),Jump=false,CFrame=CFrame.new(34.193,163.762,699.566,-0.976006,0.063763,-0.208199,0.000000,0.956163,0.292836,0.217744,0.285809,-0.933221),FOV=70.00,Time=1.4714},{Pos=Vector3.new(37.183,156.998,717.922),Vel=Vector3.new(-15.356,0.000,31.452),Move=Vector3.new(-0.438,0,0.899),Jump=false,CFrame=CFrame.new(33.759,163.762,700.490,-0.976006,0.063763,-0.208199,0.000000,0.956163,0.292836,0.217744,0.285809,-0.933221),FOV=70.00,Time=1.5030},{Pos=Vector3.new(36.925,156.998,718.445),Vel=Vector3.new(-15.508,0.000,31.378),Move=Vector3.new(-0.443,0,0.897),Jump=false,CFrame=CFrame.new(33.440,163.762,701.146,-0.976006,0.063763,-0.208199,0.000000,0.956163,0.292836,0.217744,0.285809,-0.933221),FOV=70.00,Time=1.5178},{Pos=Vector3.new(36.665,156.998,718.967),Vel=Vector3.new(-15.581,0.000,31.341),Move=Vector3.new(-0.445,0,0.896),Jump=false,CFrame=CFrame.new(33.182,163.762,701.669,-0.976006,0.063763,-0.208199,0.000000,0.956163,0.292836,0.217744,0.285809,-0.933221),FOV=70.00,Time=1.5346},{Pos=Vector3.new(36.471,156.998,719.359),Vel=Vector3.new(-15.582,0.000,31.341),Move=Vector3.new(-0.445,0,0.896),Jump=false,CFrame=CFrame.new(32.923,163.762,702.191,-0.976006,0.063763,-0.208199,0.000000,0.956163,0.292836,0.217744,0.285809,-0.933221),FOV=70.00,Time=1.5509},{Pos=Vector3.new(36.211,156.998,719.882),Vel=Vector3.new(-15.581,-0.000,31.341),Move=Vector3.new(-0.445,0,0.896),Jump=false,CFrame=CFrame.new(32.728,163.762,702.583,-0.976006,0.063763,-0.208199,0.000000,0.956163,0.292836,0.217744,0.285809,-0.933221),FOV=70.00,Time=1.5675},{Pos=Vector3.new(35.887,156.998,720.535),Vel=Vector3.new(-15.580,-0.000,31.342),Move=Vector3.new(-0.445,0,0.896),Jump=false,CFrame=CFrame.new(32.524,164.033,703.181,-0.976479,0.066393,-0.205138,0.000000,0.951410,0.307926,0.215614,0.300683,-0.929032),FOV=70.00,Time=1.5850},{Pos=Vector3.new(35.627,156.998,721.057),Vel=Vector3.new(-15.599,-0.000,31.332),Move=Vector3.new(-0.446,0,0.895),Jump=false,CFrame=CFrame.new(32.456,165.046,704.149,-0.978772,0.074651,-0.190871,0.000000,0.931306,0.364239,0.204950,0.356507,-0.911536),FOV=70.00,Time=1.6016},{Pos=Vector3.new(35.369,156.998,721.580),Vel=Vector3.new(-15.453,-0.000,31.404),Move=Vector3.new(-0.441,0,0.897),Jump=false,CFrame=CFrame.new(32.464,165.728,704.906,-0.981357,0.077303,-0.175965,0.000000,0.915548,0.402210,0.192196,0.394711,-0.898479),FOV=70.00,Time=1.6205},{Pos=Vector3.new(35.117,156.998,722.107),Vel=Vector3.new(-15.063,-0.000,31.593),Move=Vector3.new(-0.430,0,0.903),Jump=false,CFrame=CFrame.new(32.327,166.042,705.550,-0.982463,0.078253,-0.169240,0.000000,0.907669,0.419687,0.186455,0.412328,-0.891751),FOV=70.00,Time=1.6360},{Pos=Vector3.new(34.886,156.998,722.642),Vel=Vector3.new(-13.680,0.000,32.215),Move=Vector3.new(-0.390,0,0.921),Jump=false,CFrame=CFrame.new(32.110,166.306,706.196,-0.982608,0.080660,-0.167260,0.000000,0.900734,0.434371,0.185694,0.426816,-0.885068),FOV=70.00,Time=1.6535},{Pos=Vector3.new(34.672,156.998,723.185),Vel=Vector3.new(-12.720,0.000,32.607),Move=Vector3.new(-0.363,0,0.932),Jump=false,CFrame=CFrame.new(31.913,166.422,706.783,-0.982879,0.081217,-0.165387,0.000000,0.897609,0.440793,0.184253,0.433246,-0.882241),FOV=70.00,Time=1.6694},{Pos=Vector3.new(34.476,156.998,723.734),Vel=Vector3.new(-11.590,0.000,33.026),Move=Vector3.new(-0.331,0,0.944),Jump=false,CFrame=CFrame.new(31.798,166.508,707.350,-0.983927,0.079573,-0.159862,0.000000,0.895228,0.445608,0.178571,0.438445,-0.880839),FOV=70.00,Time=1.6845},{Pos=Vector3.new(33.838,156.998,725.826),Vel=Vector3.new(-10.117,0.000,33.508),Move=Vector3.new(-0.290,0,0.957),Jump=false,CFrame=CFrame.new(31.653,166.552,707.913,-0.984449,0.078704,-0.157052,0.000000,0.894021,0.448026,0.175669,0.441059,-0.880118),FOV=70.00,Time=1.7474},{Pos=Vector3.new(33.689,156.998,726.390),Vel=Vector3.new(-8.774,0.000,33.884),Move=Vector3.new(-0.250,0,0.968),Jump=false,CFrame=CFrame.new(31.064,166.584,710.013,-0.984954,0.077737,-0.154345,0.000000,0.893117,0.449825,0.172816,0.443057,-0.879679),FOV=70.00,Time=1.7641},{Pos=Vector3.new(33.566,156.998,726.960),Vel=Vector3.new(-7.132,0.000,34.268),Move=Vector3.new(-0.203,0,0.979),Jump=false,CFrame=CFrame.new(31.929,166.745,710.515,-0.993910,0.050556,-0.097914,0.000000,0.888549,0.458781,0.110195,0.455987,-0.883138),FOV=70.00,Time=1.7828},{Pos=Vector3.new(33.425,156.998,727.526),Vel=Vector3.new(-8.656,0.000,33.913),Move=Vector3.new(-0.249,0,0.969),Jump=false,CFrame=CFrame.new(31.806,166.745,711.085,-0.993910,0.050556,-0.097914,0.000000,0.888549,0.458781,0.110195,0.455987,-0.883138),FOV=70.00,Time=1.7991},{Pos=Vector3.new(33.214,156.998,728.375),Vel=Vector3.new(-8.205,-0.000,34.026),Move=Vector3.new(-0.235,0,0.972),Jump=false,CFrame=CFrame.new(31.592,166.745,711.933,-0.993910,0.050556,-0.097914,0.000000,0.888549,0.458781,0.110195,0.455987,-0.883138),FOV=70.00,Time=1.8220},{Pos=Vector3.new(33.119,156.998,728.802),Vel=Vector3.new(-7.490,0.000,34.190),Move=Vector3.new(-0.213,0,0.977),Jump=false,CFrame=CFrame.new(31.454,166.745,712.500,-0.993910,0.050556,-0.097914,0.000000,0.888549,0.458781,0.110195,0.455987,-0.883138),FOV=70.00,Time=1.8356},{Pos=Vector3.new(32.973,156.998,729.517),Vel=Vector3.new(-6.927,0.000,34.309),Move=Vector3.new(-0.198,0,0.980),Jump=false,CFrame=CFrame.new(31.359,166.745,712.927,-0.993910,0.050556,-0.097914,0.000000,0.888549,0.458781,0.110195,0.455987,-0.883138),FOV=70.00,Time=1.8558},{Pos=Vector3.new(32.891,156.998,729.947),Vel=Vector3.new(-6.483,0.000,34.396),Move=Vector3.new(-0.185,0,0.983),Jump=false,CFrame=CFrame.new(31.213,166.745,713.641,-0.993910,0.050556,-0.097914,0.000000,0.888549,0.458781,0.110195,0.455987,-0.883138),FOV=70.00,Time=1.8738},{Pos=Vector3.new(32.722,156.998,730.953),Vel=Vector3.new(-5.406,0.000,34.582),Move=Vector3.new(-0.154,0,0.988),Jump=false,CFrame=CFrame.new(31.031,166.745,714.646,-0.993910,0.050556,-0.097914,0.000000,0.888549,0.458781,0.110195,0.455987,-0.883138),FOV=70.00,Time=1.8998},{Pos=Vector3.new(32.638,156.998,731.531),Vel=Vector3.new(-4.928,0.000,34.653),Move=Vector3.new(-0.141,0,0.990),Jump=false,CFrame=CFrame.new(30.962,166.745,715.078,-0.993910,0.050556,-0.097914,0.000000,0.888549,0.458781,0.110195,0.455987,-0.883138),FOV=70.00,Time=1.9164},{Pos=Vector3.new(32.560,156.992,732.109),Vel=Vector3.new(-4.670,-0.424,34.686),Move=Vector3.new(-0.134,0,0.991),Jump=false,CFrame=CFrame.new(30.878,166.745,715.655,-0.993910,0.050556,-0.097914,0.000000,0.888549,0.458781,0.110195,0.455987,-0.883138),FOV=70.00,Time=1.9330},{Pos=Vector3.new(32.445,156.962,732.976),Vel=Vector3.new(-4.542,-1.297,34.681),Move=Vector3.new(-0.130,0,0.991),Jump=false,CFrame=CFrame.new(30.800,166.739,716.233,-0.993910,0.050556,-0.097914,0.000000,0.888549,0.458781,0.110195,0.455987,-0.883138),FOV=70.00,Time=1.9584},{Pos=Vector3.new(32.371,156.928,733.553),Vel=Vector3.new(-4.450,-2.148,34.650),Move=Vector3.new(-0.128,0,0.992),Jump=false,CFrame=CFrame.new(30.685,166.709,717.100,-0.993910,0.050556,-0.097914,0.000000,0.888549,0.458781,0.110195,0.455987,-0.883138),FOV=70.00,Time=1.9722},{Pos=Vector3.new(32.316,156.901,733.986),Vel=Vector3.new(-4.405,-2.165,34.655),Move=Vector3.new(-0.126,0,0.992),Jump=false,CFrame=CFrame.new(30.611,166.675,717.678,-0.993910,0.050556,-0.097914,0.000000,0.888549,0.458781,0.110195,0.455987,-0.883138),FOV=70.00,Time=1.9854},{Pos=Vector3.new(32.155,156.819,735.286),Vel=Vector3.new(-4.264,-2.167,34.672),Move=Vector3.new(-0.122,0,0.992),Jump=false,CFrame=CFrame.new(30.555,166.648,718.111,-0.993910,0.050556,-0.097914,0.000000,0.888549,0.458781,0.110195,0.455987,-0.883138),FOV=70.00,Time=2.1000},{Pos=Vector3.new(31.903,156.463,737.582),Vel=Vector3.new(-3.754,-5.086,34.425),Move=Vector3.new(-0.109,0,0.994),Jump=false,CFrame=CFrame.new(30.395,166.566,719.411,-0.993910,0.050556,-0.097914,0.000000,0.888549,0.458781,0.110195,0.455987,-0.883138),FOV=70.00,Time=2.1195},{Pos=Vector3.new(31.793,157.942,738.586),Vel=Vector3.new(-3.754,48.249,34.425),Move=Vector3.new(0.023,0,1.000),Jump=false,CFrame=CFrame.new(30.142,166.210,721.706,-0.993910,0.050556,-0.097914,0.000000,0.888549,0.458781,0.110195,0.455987,-0.883138),FOV=70.00,Time=2.1439},{Pos=Vector3.new(31.754,158.712,739.163),Vel=Vector3.new(-1.387,44.979,34.707),Move=Vector3.new(0.027,0,1.000),Jump=false,CFrame=CFrame.new(30.033,167.689,722.710,-0.993910,0.050556,-0.097914,0.000000,0.888549,0.458781,0.110195,0.455987,-0.883138),FOV=70.00,Time=2.1611},{Pos=Vector3.new(31.758,159.598,739.890),Vel=Vector3.new(0.878,40.891,34.977),Move=Vector3.new(0.027,0,1.000),Jump=false,CFrame=CFrame.new(29.994,168.459,723.287,-0.993910,0.050556,-0.097914,0.000000,0.888549,0.458781,0.110195,0.455987,-0.883138),FOV=70.00,Time=2.1803},{Pos=Vector3.new(31.784,160.549,740.764),Vel=Vector3.new(1.075,35.986,34.983),Move=Vector3.new(0.031,0,1.000),Jump=false,CFrame=CFrame.new(29.998,169.345,724.014,-0.993910,0.050556,-0.097914,0.000000,0.888549,0.458781,0.110195,0.455987,-0.883138),FOV=70.00,Time=2.2051},{Pos=Vector3.new(31.802,161.114,741.347),Vel=Vector3.new(1.138,32.716,34.981),Move=Vector3.new(0.033,0,0.999),Jump=false,CFrame=CFrame.new(30.024,170.296,724.888,-0.993910,0.050556,-0.097914,0.000000,0.888549,0.458781,0.110195,0.455987,-0.883138),FOV=70.00,Time=2.2214},{Pos=Vector3.new(31.817,161.503,741.784),Vel=Vector3.new(1.153,30.264,34.981),Move=Vector3.new(0.033,0,0.999),Jump=false,CFrame=CFrame.new(30.042,170.862,725.471,-0.993910,0.050556,-0.097914,0.000000,0.888549,0.458781,0.110195,0.455987,-0.883138),FOV=70.00,Time=2.2346},{Pos=Vector3.new(31.836,161.973,742.367),Vel=Vector3.new(1.153,26.994,34.981),Move=Vector3.new(0.033,0,0.999),Jump=false,CFrame=CFrame.new(30.057,171.250,725.909,-0.993910,0.050556,-0.097914,0.000000,0.888549,0.458781,0.110195,0.455987,-0.883138),FOV=70.00,Time=2.2501},{Pos=Vector3.new(31.855,162.389,742.950),Vel=Vector3.new(1.153,23.724,34.981),Move=Vector3.new(0.033,0,0.999),Jump=false,CFrame=CFrame.new(30.076,171.720,726.492,-0.993910,0.050556,-0.097914,0.000000,0.888549,0.458781,0.110195,0.455987,-0.883138),FOV=70.00,Time=2.2666},{Pos=Vector3.new(31.874,162.750,743.533),Vel=Vector3.new(1.153,20.454,34.981),Move=Vector3.new(0.033,0,0.999),Jump=false,CFrame=CFrame.new(30.095,172.136,727.075,-0.993910,0.050556,-0.097914,0.000000,0.888549,0.458781,0.110195,0.455987,-0.883138),FOV=70.00,Time=2.2844},{Pos=Vector3.new(31.893,163.057,744.116),Vel=Vector3.new(1.153,17.184,34.981),Move=Vector3.new(0.033,0,0.999),Jump=false,CFrame=CFrame.new(30.114,172.498,727.658,-0.993910,0.050556,-0.097914,0.000000,0.888549,0.458781,0.110195,0.455987,-0.883138),FOV=70.00,Time=2.3004},{Pos=Vector3.new(31.912,163.309,744.699),Vel=Vector3.new(1.153,13.914,34.981),Move=Vector3.new(0.033,0,0.999),Jump=false,CFrame=CFrame.new(30.133,172.804,728.241,-0.993910,0.050556,-0.097914,0.000000,0.888549,0.458781,0.110195,0.455987,-0.883138),FOV=70.00,Time=2.3166},{Pos=Vector3.new(31.931,163.507,745.282),Vel=Vector3.new(1.153,10.644,34.981),Move=Vector3.new(0.033,0,0.999),Jump=false,CFrame=CFrame.new(30.152,173.057,728.824,-0.993910,0.050556,-0.097914,0.000000,0.888549,0.458781,0.110195,0.455987,-0.883138),FOV=70.00,Time=2.3343},{Pos=Vector3.new(31.950,163.651,745.865),Vel=Vector3.new(1.153,7.374,34.981),Move=Vector3.new(0.033,0,0.999),Jump=false,CFrame=CFrame.new(30.171,173.255,729.407,-0.993910,0.050556,-0.097914,0.000000,0.888549,0.458781,0.110195,0.455987,-0.883138),FOV=70.00,Time=2.3507},{Pos=Vector3.new(31.974,163.753,746.594),Vel=Vector3.new(1.153,3.286,34.981),Move=Vector3.new(0.033,0,0.999),Jump=false,CFrame=CFrame.new(30.190,173.398,729.990,-0.993910,0.050556,-0.097914,0.000000,0.888549,0.458781,0.110195,0.455987,-0.883138),FOV=70.00,Time=2.3704},{Pos=Vector3.new(32.008,163.754,747.614),Vel=Vector3.new(1.153,-2.436,34.981),Move=Vector3.new(0.033,0,0.999),Jump=false,CFrame=CFrame.new(30.228,173.521,731.156,-0.993910,0.050556,-0.097914,0.000000,0.888549,0.458781,0.110195,0.455987,-0.883138),FOV=70.00,Time=2.4013},{Pos=Vector3.new(32.025,163.679,748.197),Vel=Vector3.new(1.048,-5.706,34.984),Move=Vector3.new(0.030,0,1.000),Jump=false,CFrame=CFrame.new(30.247,173.501,731.739,-0.993910,0.050556,-0.097914,0.000000,0.888549,0.458781,0.110195,0.455987,-0.883138),FOV=70.00,Time=2.4167},{Pos=Vector3.new(32.041,163.550,748.780),Vel=Vector3.new(0.946,-8.976,34.987),Move=Vector3.new(0.027,0,1.000),Jump=false,CFrame=CFrame.new(30.265,173.426,732.322,-0.993910,0.050556,-0.097914,0.000000,0.888549,0.458781,0.110195,0.455987,-0.883138),FOV=70.00,Time=2.4338},{Pos=Vector3.new(32.056,163.366,749.364),Vel=Vector3.new(0.863,-12.246,34.989),Move=Vector3.new(0.025,0,1.000),Jump=false,CFrame=CFrame.new(30.281,173.297,732.905,-0.993910,0.050556,-0.097914,0.000000,0.888549,0.458781,0.110195,0.455987,-0.883138),FOV=70.00,Time=2.4517},{Pos=Vector3.new(32.069,163.128,749.947),Vel=Vector3.new(0.796,-15.516,34.991),Move=Vector3.new(0.023,0,1.000),Jump=false,CFrame=CFrame.new(30.296,173.113,733.488,-0.993910,0.050556,-0.097914,0.000000,0.888549,0.458781,0.110195,0.455987,-0.883138),FOV=70.00,Time=2.4664},{Pos=Vector3.new(32.081,162.835,750.530),Vel=Vector3.new(0.706,-18.786,34.993),Move=Vector3.new(0.020,0,1.000),Jump=false,CFrame=CFrame.new(30.309,172.875,734.071,-0.993910,0.050556,-0.097914,0.000000,0.888549,0.458781,0.110195,0.455987,-0.883138),FOV=70.00,Time=2.4847},{Pos=Vector3.new(32.091,162.488,751.113),Vel=Vector3.new(0.586,-22.056,34.995),Move=Vector3.new(0.017,0,1.000),Jump=false,CFrame=CFrame.new(30.321,172.583,734.655,-0.993910,0.050556,-0.097914,0.000000,0.888549,0.458781,0.110195,0.455987,-0.883138),FOV=70.00,Time=2.4999},{Pos=Vector3.new(32.106,161.630,752.280),Vel=Vector3.new(0.439,-28.596,34.997),Move=Vector3.new(0.013,0,1.000),Jump=false,CFrame=CFrame.new(30.331,172.235,735.238,-0.993910,0.050556,-0.097914,0.000000,0.888549,0.458781,0.110195,0.455987,-0.883138),FOV=70.00,Time=2.5356},{Pos=Vector3.new(32.112,160.701,753.301),Vel=Vector3.new(0.184,-34.319,35.000),Move=Vector3.new(0.005,0,1.000),Jump=false,CFrame=CFrame.new(30.346,171.378,736.404,-0.993910,0.050556,-0.097914,0.000000,0.888549,0.458781,0.110195,0.455987,-0.883138),FOV=70.00,Time=2.5646},{Pos=Vector3.new(32.084,158.903,754.904),Vel=Vector3.new(-0.673,-43.311,34.994),Move=Vector3.new(-0.019,0,1.000),Jump=false,CFrame=CFrame.new(30.352,170.448,737.425,-0.993910,0.050556,-0.097914,0.000000,0.888549,0.458781,0.110195,0.455987,-0.883138),FOV=70.00,Time=2.6126},{Pos=Vector3.new(32.056,158.930,755.925),Vel=Vector3.new(-0.993,7.036,34.986),Move=Vector3.new(-0.028,0,1.000),Jump=false,CFrame=CFrame.new(30.324,168.650,739.029,-0.993910,0.050556,-0.097914,0.000000,0.888549,0.458781,0.110195,0.455987,-0.883138),FOV=70.00,Time=2.6386},{Pos=Vector3.new(31.959,159.109,757.526),Vel=Vector3.new(-2.195,1.780,34.932),Move=Vector3.new(-0.062,0,0.998),Jump=false,CFrame=CFrame.new(30.296,168.677,740.049,-0.993910,0.050556,-0.097914,0.000000,0.888549,0.458781,0.110195,0.455987,-0.883138),FOV=70.00,Time=2.6875},{Pos=Vector3.new(31.874,159.139,758.543),Vel=Vector3.new(-2.975,0.621,34.874),Move=Vector3.new(-0.085,0,0.996),Jump=false,CFrame=CFrame.new(30.199,168.856,741.651,-0.993910,0.050556,-0.097914,0.000000,0.888549,0.458781,0.110195,0.455987,-0.883138),FOV=70.00,Time=2.7120},{Pos=Vector3.new(31.724,159.151,759.994),Vel=Vector3.new(-3.655,0.136,34.809),Move=Vector3.new(-0.104,0,0.995),Jump=false,CFrame=CFrame.new(30.114,168.886,742.668,-0.993910,0.050556,-0.097914,0.000000,0.888549,0.458781,0.110195,0.455987,-0.883138),FOV=70.00,Time=2.7554},{Pos=Vector3.new(31.634,159.153,760.570),Vel=Vector3.new(-5.687,0.076,34.535),Move=Vector3.new(-0.163,0,0.987),Jump=false,CFrame=CFrame.new(29.964,168.898,744.118,-0.993910,0.050556,-0.097914,0.000000,0.888549,0.458781,0.110195,0.455987,-0.883138),FOV=70.00,Time=2.7721},{Pos=Vector3.new(31.530,159.154,761.144),Vel=Vector3.new(-6.398,0.041,34.412),Move=Vector3.new(-0.183,0,0.983),Jump