-- V23 FULL PLAYBACK (FIXED)

local Players = game:GetService("Players")
local RunService = game:GetService("RunService")

local cam = workspace.CurrentCamera
local plr = Players.LocalPlayer
local char = plr.Character or plr.CharacterAdded:Wait()
local hum = char:WaitForChild("Humanoid")
local hrp = char:WaitForChild("HumanoidRootPart")

hum.AutoRotate = false
cam.CameraType = Enum.CameraType.Scriptable
task.wait(1)

cam.CFrame = CFrame.new(-4.348,10.428,-15.916,-0.156434,0.421153,-0.893397,0.000000,0.904533,0.426403,0.987688,0.066704,-0.141500)
cam.FieldOfView = 70.00
hum:Move(Vector3.new(0.000,0,0.000),true)
hrp.AssemblyLinearVelocity = Vector3.new(0.000,0.000,-0.000)

do
	local look = cam.CFrame.LookVector
	local flat = Vector3.new(look.X,0,look.Z)
	if flat.Magnitude > 0 then
		hrp.CFrame = CFrame.new(Vector3.new(6.819,3.698,-14.147), Vector3.new(6.819,3.698,-14.147) + flat.Unit)
	end
end

task.wait(0.2500)

cam.CFrame = CFrame.new(-4.348,10.428,-15.916,-0.156434,0.421153,-0.893397,0.000000,0.904533,0.426403,0.987688,0.066704,-0.141500)
cam.FieldOfView = 70.00
hum:Move(Vector3.new(0.924,0,0.383),true)
hrp.AssemblyLinearVelocity = Vector3.new(3.016,0.000,1.244)

do
	local look = cam.CFrame.LookVector
	local flat = Vector3.new(look.X,0,look.Z)
	if flat.Magnitude > 0 then
		hrp.CFrame = CFrame.new(Vector3.new(6.864,3.698,-14.128), Vector3.new(6.864,3.698,-14.128) + flat.Unit)
	end
end

task.wait(0.0300)

cam.CFrame = CFrame.new(-4.303,10.428,-15.897,-0.156434,0.421153,-0.893397,0.000000,0.904533,0.426403,0.987688,0.066704,-0.141500)
cam.FieldOfView = 70.00
hum:Move(Vector3.new(0.957,0,0.290),true)
hrp.AssemblyLinearVelocity = Vector3.new(8.047,0.000,2.594)

do
	local look = cam.CFrame.LookVector
	local flat = Vector3.new(look.X,0,look.Z)
	if flat.Magnitude > 0 then
		hrp.CFrame = CFrame.new(Vector3.new(6.977,3.698,-14.090), Vector3.new(6.977,3.698,-14.090) + flat.Unit)
	end
end

task.wait(0.0300)

cam.CFrame = CFrame.new(-3.992,10.428,-15.806,-0.156434,0.421153,-0.893397,0.000000,0.904533,0.426403,0.987688,0.066704,-0.141500)
cam.FieldOfView = 70.00
hum:Move(Vector3.new(0.979,0,0.202),true)
hrp.AssemblyLinearVelocity = Vector3.new(15.608,0.000,3.238)

do
	local look = cam.CFrame.LookVector
	local flat = Vector3.new(look.X,0,look.Z)
	if flat.Magnitude > 0 then
		hrp.CFrame = CFrame.new(Vector3.new(7.433,3.698,-13.983), Vector3.new(7.433,3.698,-13.983) + flat.Unit)
	end
end

task.wait(0.0300)

cam.CFrame = CFrame.new(-3.735,10.428,-15.752,-0.156434,0.421153,-0.893397,0.000000,0.904533,0.426403,0.987688,0.066704,-0.141500)
cam.FieldOfView = 70.00
hum:Move(Vector3.new(0.985,0,0.172),true)
hrp.AssemblyLinearVelocity = Vector3.new(15.757,0.000,2.770)

do
	local look = cam.CFrame.LookVector
	local flat = Vector3.new(look.X,0,look.Z)
	if flat.Magnitude > 0 then
		hrp.CFrame = CFrame.new(Vector3.new(7.695,3.698,-13.937), Vector3.new(7.695,3.698,-13.937) + flat.Unit)
	end
end

task.wait(0.0300)

cam.CFrame = CFrame.new(-3.472,10.428,-15.706,-0.156434,0.421153,-0.893397,0.000000,0.904533,0.426403,0.987688,0.066704,-0.141500)
cam.FieldOfView = 70.00
hum:Move(Vector3.new(0.989,0,0.149),true)
hrp.AssemblyLinearVelocity = Vector3.new(15.819,0.000,2.398)

do
	local look = cam.CFrame.LookVector
	local flat = Vector3.new(look.X,0,look.Z)
	if flat.Magnitude > 0 then
		hrp.CFrame = CFrame.new(Vector3.new(7.959,3.698,-13.896), Vector3.new(7.959,3.698,-13.896) + flat.Unit)
	end
end

task.wait(0.0300)

cam.CFrame = CFrame.new(-3.209,10.428,-15.665,-0.156434,0.421153,-0.893397,0.000000,0.904533,0.426403,0.987688,0.066704,-0.141500)
cam.FieldOfView = 70.00
hum:Move(Vector3.new(0.994,0,0.109),true)
hrp.AssemblyLinearVelocity = Vector3.new(15.904,0.000,1.749)

do
	local look = cam.CFrame.LookVector
	local flat = Vector3.new(look.X,0,look.Z)
	if flat.Magnitude > 0 then
		hrp.CFrame = CFrame.new(Vector3.new(8.356,3.698,-13.852), Vector3.new(8.356,3.698,-13.852) + flat.Unit)
	end
end

task.wait(0.0300)

cam.CFrame = CFrame.new(-2.546,10.428,-15.596,-0.156434,0.421153,-0.893397,0.000000,0.904533,0.426403,0.987688,0.066704,-0.141500)
cam.FieldOfView = 70.00
hum:Move(Vector3.new(0.997,0,0.080),true)
hrp.AssemblyLinearVelocity = Vector3.new(15.946,0.000,1.303)

do
	local look = cam.CFrame.LookVector
	local flat = Vector3.new(look.X,0,look.Z)
	if flat.Magnitude > 0 then
		hrp.CFrame = CFrame.new(Vector3.new(8.755,3.698,-13.817), Vector3.new(8.755,3.698,-13.817) + flat.Unit)
	end
end

task.wait(0.0300)

cam.CFrame = CFrame.new(-2.413,10.428,-15.586,-0.156434,0.421153,-0.893397,0.000000,0.904533,0.426403,0.987688,0.066704,-0.141500)
cam.FieldOfView = 70.00
hum:Move(Vector3.new(0.997,0,0.078),true)
hrp.AssemblyLinearVelocity = Vector3.new(15.950,0.000,1.256)

do
	local look = cam.CFrame.LookVector
	local flat = Vector3.new(look.X,0,look.Z)
	if flat.Magnitude > 0 then
		hrp.CFrame = CFrame.new(Vector3.new(9.021,3.698,-13.796), Vector3.new(9.021,3.698,-13.796) + flat.Unit)
	end
end

task.wait(0.0300)

cam.CFrame = CFrame.new(-1.881,10.428,-15.544,-0.156434,0.421153,-0.893397,0.000000,0.904533,0.426403,0.987688,0.066704,-0.141500)
cam.FieldOfView = 70.00
hum:Move(Vector3.new(0.997,0,0.080),true)
hrp.AssemblyLinearVelocity = Vector3.new(15.948,0.000,1.282)

do
	local look = cam.CFrame.LookVector
	local flat = Vector3.new(look.X,0,look.Z)
	if flat.Magnitude > 0 then
		hrp.CFrame = CFrame.new(Vector3.new(9.552,3.698,-13.754), Vector3.new(9.552,3.698,-13.754) + flat.Unit)
	end
end

task.wait(0.0300)

cam.CFrame = CFrame.new(-1.349,10.428,-15.501,-0.156434,0.421153,-0.893397,0.000000,0.904533,0.426403,0.987688,0.066704,-0.141500)
cam.FieldOfView = 70.00
hum:Move(Vector3.new(0.997,0,0.081),true)
hrp.AssemblyLinearVelocity = Vector3.new(15.947,-3.270,1.295)

do
	local look = cam.CFrame.LookVector
	local flat = Vector3.new(look.X,0,look.Z)
	if flat.Magnitude > 0 then
		hrp.CFrame = CFrame.new(Vector3.new(10.084,3.663,-13.711), Vector3.new(10.084,3.663,-13.711) + flat.Unit)
	end
end

task.wait(0.0336)

cam.CFrame = CFrame.new(-0.884,10.332,-15.463,-0.156434,0.421153,-0.893397,0.000000,0.904533,0.426403,0.987688,0.066704,-0.141500)
cam.FieldOfView = 70.00
hum:Move(Vector3.new(0.997,0,0.081),true)
hrp.AssemblyLinearVelocity = Vector3.new(15.947,-9.810,1.295)

do
	local look = cam.CFrame.LookVector
	local flat = Vector3.new(look.X,0,look.Z)
	if flat.Magnitude > 0 then
		hrp.CFrame = CFrame.new(Vector3.new(10.615,3.432,-13.667), Vector3.new(10.615,3.432,-13.667) + flat.Unit)
	end
end

task.wait(0.0337)

cam.CFrame = CFrame.new(-0.353,10.019,-15.420,-0.156434,0.421153,-0.893397,0.000000,0.904533,0.426403,0.987688,0.066704,-0.141500)
cam.FieldOfView = 70.00
hum:Move(Vector3.new(0.997,0,0.081),true)
hrp.AssemblyLinearVelocity = Vector3.new(15.947,-16.350,1.295)

do
	local look = cam.CFrame.LookVector
	local flat = Vector3.new(look.X,0,look.Z)
	if flat.Magnitude > 0 then
		hrp.CFrame = CFrame.new(Vector3.new(11.147,2.982,-13.624), Vector3.new(11.147,2.982,-13.624) + flat.Unit)
	end
end

task.wait(0.0332)

cam.CFrame = CFrame.new(-0.020,9.712,-15.393,-0.156434,0.421153,-0.893397,0.000000,0.904533,0.426403,0.987688,0.066704,-0.141500)
cam.FieldOfView = 70.00
hum:Move(Vector3.new(0.997,0,0.081),true)
hrp.AssemblyLinearVelocity = Vector3.new(15.947,-19.620,1.301)

do
	local look = cam.CFrame.LookVector
	local flat = Vector3.new(look.X,0,look.Z)
	if flat.Magnitude > 0 then
		hrp.CFrame = CFrame.new(Vector3.new(11.413,2.676,-13.603), Vector3.new(11.413,2.676,-13.603) + flat.Unit)
	end
end

task.wait(0.0300)

cam.CFrame = CFrame.new(0.511,9.045,-15.350,-0.156434,0.421153,-0.893397,0.000000,0.904533,0.426403,0.987688,0.066704,-0.141500)
cam.FieldOfView = 70.00
hum:Move(Vector3.new(0.997,0,0.081),true)
hrp.AssemblyLinearVelocity = Vector3.new(15.947,-2.667,1.300)

do
	local look = cam.CFrame.LookVector
	local flat = Vector3.new(look.X,0,look.Z)
	if flat.Magnitude > 0 then
		hrp.CFrame = CFrame.new(Vector3.new(11.944,2.127,-13.559), Vector3.new(11.944,2.127,-13.559) + flat.Unit)
	end
end

task.wait(0.0334)

cam.CFrame = CFrame.new(0.777,8.857,-15.328,-0.156434,0.421153,-0.893397,0.000000,0.904533,0.426403,0.987688,0.066704,-0.141500)
cam.FieldOfView = 70.00
hum:Move(Vector3.new(0.997,0,0.081),true)
hrp.AssemblyLinearVelocity = Vector3.new(15.947,1.475,1.302)

do
	local look = cam.CFrame.LookVector
	local flat = Vector3.new(look.X,0,look.Z)
	if flat.Magnitude > 0 then
		hrp.CFrame = CFrame.new(Vector3.new(12.210,2.138,-13.538), Vector3.new(12.210,2.138,-13.538) + flat.Unit)
	end
end

task.wait(0.0300)

cam.CFrame = CFrame.new(1.043,8.868,-15.306,-0.156434,0.421153,-0.893397,0.000000,0.904533,0.426403,0.987688,0.066704,-0.141500)
cam.FieldOfView = 70.00
hum:Move(Vector3.new(0.997,0,0.081),true)
hrp.AssemblyLinearVelocity = Vector3.new(15.947,1.131,1.302)

do
	local look = cam.CFrame.LookVector
	local flat = Vector3.new(look.X,0,look.Z)
	if flat.Magnitude > 0 then
		hrp.CFrame = CFrame.new(Vector3.new(12.542,2.167,-13.511), Vector3.new(12.542,2.167,-13.511) + flat.Unit)
	end
end

task.wait(0.0300)

cam.CFrame = CFrame.new(1.707,8.913,-15.252,-0.156434,0.421153,-0.893397,0.000000,0.904533,0.426403,0.987688,0.066704,-0.141500)
cam.FieldOfView = 70.00
hum:Move(Vector3.new(0.997,0,0.081),true)
hrp.AssemblyLinearVelocity = Vector3.new(15.947,0.427,1.302)

do
	local look = cam.CFrame.LookVector
	local flat = Vector3.new(look.X,0,look.Z)
	if flat.Magnitude > 0 then
		hrp.CFrame = CFrame.new(Vector3.new(13.008,2.187,-13.473), Vector3.new(13.008,2.187,-13.473) + flat.Unit)
	end
end

task.wait(0.0300)

cam.CFrame = CFrame.new(2.106,8.922,-15.220,-0.156434,0.421153,-0.893397,0.000000,0.904533,0.426403,0.987688,0.066704,-0.141500)
cam.FieldOfView = 70.00
hum:Move(Vector3.new(0.998,0,0.068),true)
hrp.AssemblyLinearVelocity = Vector3.new(15.963,0.128,1.088)

do
	local look = cam.CFrame.LookVector
	local flat = Vector3.new(look.X,0,look.Z)
	if flat.Magnitude > 0 then
		hrp.CFrame = CFrame.new(Vector3.new(13.539,2.194,-13.433), Vector3.new(13.539,2.194,-13.433) + flat.Unit)
	end
end

task.wait(0.0328)

cam.CFrame = CFrame.new(2.638,8.926,-15.189,-0.156434,0.421153,-0.893397,0.000000,0.904533,0.426403,0.987688,0.066704,-0.141500)
cam.FieldOfView = 70.00
hum:Move(Vector3.new(1.000,0,0.013),true)
hrp.AssemblyLinearVelocity = Vector3.new(15.998,0.041,0.212)

do
	local look = cam.CFrame.LookVector
	local flat = Vector3.new(look.X,0,look.Z)
	if flat.Magnitude > 0 then
		hrp.CFrame = CFrame.new(Vector3.new(14.072,2.197,-13.417), Vector3.new(14.072,2.197,-13.417) + flat.Unit)
	end
end

task.wait(0.0326)

cam.CFrame = CFrame.new(2.905,8.927,-15.185,-0.156434,0.421153,-0.893397,0.000000,0.904533,0.426403,0.987688,0.066704,-0.141500)
cam.FieldOfView = 70.00
hum:Move(Vector3.new(1.000,0,-0.017),true)
hrp.AssemblyLinearVelocity = Vector3.new(15.997,0.017,-0.264)

do
	local look = cam.CFrame.LookVector
	local flat = Vector3.new(look.X,0,look.Z)
	if flat.Magnitude > 0 then
		hrp.CFrame = CFrame.new(Vector3.new(14.472,2.197,-13.423), Vector3.new(14.472,2.197,-13.423) + flat.Unit)
	end
end

task.wait(0.0300)

cam.CFrame = CFrame.new(3.305,8.927,-15.192,-0.156434,0.421153,-0.893397,0.000000,0.904533,0.426403,0.987688,0.066704,-0.141500)
cam.FieldOfView = 70.00
hum:Move(Vector3.new(0.999,0,-0.039),true)
hrp.AssemblyLinearVelocity = Vector3.new(15.988,0.009,-0.617)

do
	local look = cam.CFrame.LookVector
	local flat = Vector3.new(look.X,0,look.Z)
	if flat.Magnitude > 0 then
		hrp.CFrame = CFrame.new(Vector3.new(14.739,2.197,-13.433), Vector3.new(14.739,2.197,-13.433) + flat.Unit)
	end
end

task.wait(0.0300)

cam.CFrame = CFrame.new(3.705,8.927,-15.208,-0.156434,0.421153,-0.893397,0.000000,0.904533,0.426403,0.987688,0.066704,-0.141500)
cam.FieldOfView = 70.00
hum:Move(Vector3.new(0.998,0,-0.065),true)
hrp.AssemblyLinearVelocity = Vector3.new(15.966,0.004,-1.030)

do
	local look = cam.CFrame.LookVector
	local flat = Vector3.new(look.X,0,look.Z)
	if flat.Magnitude > 0 then
		hrp.CFrame = CFrame.new(Vector3.new(15.138,2.197,-13.457), Vector3.new(15.138,2.197,-13.457) + flat.Unit)
	end
end

task.wait(0.0300)

cam.CFrame = CFrame.new(4.237,8.927,-15.244,-0.156434,0.421153,-0.893397,0.000000,0.904533,0.426403,0.987688,0.066704,-0.141500)
cam.FieldOfView = 70.00
hum:Move(Vector3.new(0.998,0,-0.070),true)
hrp.AssemblyLinearVelocity = Vector3.new(15.960,0.001,-1.123)

do
	local look = cam.CFrame.LookVector
	local flat = Vector3.new(look.X,0,look.Z)
	if flat.Magnitude > 0 then
		hrp.CFrame = CFrame.new(Vector3.new(15.670,2.197,-13.494), Vector3.new(15.670,2.197,-13.494) + flat.Unit)
	end
end

task.wait(0.0313)

cam.CFrame = CFrame.new(4.503,8.928,-15.263,-0.156434,0.421153,-0.893397,0.000000,0.904533,0.426403,0.987688,0.066704,-0.141500)
cam.FieldOfView = 70.00
hum:Move(Vector3.new(0.998,0,-0.070),true)
hrp.AssemblyLinearVelocity = Vector3.new(15.960,0.001,-1.124)

do
	local look = cam.CFrame.LookVector
	local flat = Vector3.new(look.X,0,look.Z)
	if flat.Magnitude > 0 then
		hrp.CFrame = CFrame.new(Vector3.new(15.936,2.197,-13.513), Vector3.new(15.936,2.197,-13.513) + flat.Unit)
	end
end

task.wait(0.0300)

cam.CFrame = CFrame.new(4.769,8.928,-15.282,-0.156434,0.421153,-0.893397,0.000000,0.904533,0.426403,0.987688,0.066704,-0.141500)
cam.FieldOfView = 70.00
hum:Move(Vector3.new(0.998,0,-0.070),true)
hrp.AssemblyLinearVelocity = Vector3.new(15.960,0.000,-1.124)

do
	local look = cam.CFrame.LookVector
	local flat = Vector3.new(look.X,0,look.Z)
	if flat.Magnitude > 0 then
		hrp.CFrame = CFrame.new(Vector3.new(16.202,2.197,-13.532), Vector3.new(16.202,2.197,-13.532) + flat.Unit)
	end
end

task.wait(0.0300)

cam.CFrame = CFrame.new(5.301,8.928,-15.319,-0.156434,0.421153,-0.893397,0.000000,0.904533,0.426403,0.987688,0.066704,-0.141500)
cam.FieldOfView = 70.00
hum:Move(Vector3.new(0.998,0,-0.070),true)
hrp.AssemblyLinearVelocity = Vector3.new(15.960,0.000,-1.125)

do
	local look = cam.CFrame.LookVector
	local flat = Vector3.new(look.X,0,look.Z)
	if flat.Magnitude > 0 then
		hrp.CFrame = CFrame.new(Vector3.new(16.734,2.197,-13.569), Vector3.new(16.734,2.197,-13.569) + flat.Unit)
	end
end

task.wait(0.0359)

cam.CFrame = CFrame.new(5.833,8.928,-15.357,-0.156434,0.421153,-0.893397,0.000000,0.904533,0.426403,0.987688,0.066704,-0.141500)
cam.FieldOfView = 70.00
hum:Move(Vector3.new(0.998,0,-0.070),true)
hrp.AssemblyLinearVelocity = Vector3.new(15.960,0.000,-1.126)

do
	local look = cam.CFrame.LookVector
	local flat = Vector3.new(look.X,0,look.Z)
	if flat.Magnitude > 0 then
		hrp.CFrame = CFrame.new(Vector3.new(17.266,2.197,-13.607), Vector3.new(17.266,2.197,-13.607) + flat.Unit)
	end
end

task.wait(0.0307)

cam.CFrame = CFrame.new(6.365,8.928,-15.394,-0.156434,0.421153,-0.893397,0.000000,0.904533,0.426403,0.987688,0.066704,-0.141500)
cam.FieldOfView = 70.00
hum:Move(Vector3.new(0.998,0,-0.070),true)
hrp.AssemblyLinearVelocity = Vector3.new(15.960,0.000,-1.126)

do
	local look = cam.CFrame.LookVector
	local flat = Vector3.new(look.X,0,look.Z)
	if flat.Magnitude > 0 then
		hrp.CFrame = CFrame.new(Vector3.new(17.798,2.197,-13.644), Vector3.new(17.798,2.197,-13.644) + flat.Unit)
	end
end

task.wait(0.0339)

cam.CFrame = CFrame.new(6.631,8.928,-15.413,-0.156434,0.421153,-0.893397,0.000000,0.904533,0.426403,0.987688,0.066704,-0.141500)
cam.FieldOfView = 70.00
hum:Move(Vector3.new(0.998,0,-0.070),true)
hrp.AssemblyLinearVelocity = Vector3.new(15.960,0.000,-1.126)

do
	local look = cam.CFrame.LookVector
	local flat = Vector3.new(look.X,0,look.Z)
	if flat.Magnitude > 0 then
		hrp.CFrame = CFrame.new(Vector3.new(18.064,2.197,-13.663), Vector3.new(18.064,2.197,-13.663) + flat.Unit)
	end
end

task.wait(0.0300)

cam.CFrame = CFrame.new(6.897,8.928,-15.432,-0.156434,0.421153,-0.893397,0.000000,0.904533,0.426403,0.987688,0.066704,-0.141500)
cam.FieldOfView = 70.00
hum:Move(Vector3.new(0.998,0,-0.070),true)
hrp.AssemblyLinearVelocity = Vector3.new(15.960,0.000,-1.126)

do
	local look = cam.CFrame.LookVector
	local flat = Vector3.new(look.X,0,look.Z)
	if flat.Magnitude > 0 then
		hrp.CFrame = CFrame.new(Vector3.new(18.330,2.197,-13.682), Vector3.new(18.330,2.197,-13.682) + flat.Unit)
	end
end

task.wait(0.0300)

cam.CFrame = CFrame.new(7.163,8.928,-15.451,-0.156434,0.421153,-0.893397,0.000000,0.904533,0.426403,0.987688,0.066704,-0.141500)
cam.FieldOfView = 70.00
hum:Move(Vector3.new(0.998,0,-0.070),true)
hrp.AssemblyLinearVelocity = Vector3.new(15.960,0.000,-1.126)

do
	local look = cam.CFrame.LookVector
	local flat = Vector3.new(look.X,0,look.Z)
	if flat.Magnitude > 0 then
		hrp.CFrame = CFrame.new(Vector3.new(18.596,2.197,-13.701), Vector3.new(18.596,2.197,-13.701) + flat.Unit)
	end
end

task.wait(0.0300)

cam.CFrame = CFrame.new(7.686,8.928,-15.430,-0.151295,0.421495,-0.894121,0.000000,0.904533,0.426403,0.988489,0.064513,-0.136851)
cam.FieldOfView = 70.00
hum:Move(Vector3.new(0.998,0,-0.070),true)
hrp.AssemblyLinearVelocity = Vector3.new(15.960,0.000,-1.127)

do
	local look = cam.CFrame.LookVector
	local flat = Vector3.new(look.X,0,look.Z)
	if flat.Magnitude > 0 then
		hrp.CFrame = CFrame.new(Vector3.new(19.261,2.197,-13.748), Vector3.new(19.261,2.197,-13.748) + flat.Unit)
	end
end

task.wait(0.0340)

cam.CFrame = CFrame.new(8.205,8.928,-15.384,-0.143835,0.421969,-0.895128,0.000000,0.904533,0.426403,0.989602,0.061332,-0.130104)
cam.FieldOfView = 70.00
hum:Move(Vector3.new(0.997,0,-0.083),true)
hrp.AssemblyLinearVelocity = Vector3.new(15.945,0.000,-1.327)

do
	local look = cam.CFrame.LookVector
	local flat = Vector3.new(look.X,0,look.Z)
	if flat.Magnitude > 0 then
		hrp.CFrame = CFrame.new(Vector3.new(19.660,2.197,-13.780), Vector3.new(19.660,2.197,-13.780) + flat.Unit)
	end
end

task.wait(0.0300)

cam.CFrame = CFrame.new(8.471,8.928,-15.406,-0.143835,0.421969,-0.895128,0.000000,0.904533,0.426403,0.989602,0.061332,-0.130104)
cam.FieldOfView = 70.00
hum:Move(Vector3.new(0.997,0,-0.083),true)
hrp.AssemblyLinearVelocity = Vector3.new(15.945,0.000,-1.329)

do
	local look = cam.CFrame.LookVector
	local flat = Vector3.new(look.X,0,look.Z)
	if flat.Magnitude > 0 then
		hrp.CFrame = CFrame.new(Vector3.new(19.926,2.197,-13.802), Vector3.new(19.926,2.197,-13.802) + flat.Unit)
	end
end

task.wait(0.0300)

cam.CFrame = CFrame.new(9.002,8.928,-15.449,-0.143835,0.421969,-0.895128,0.000000,0.904533,0.426403,0.989602,0.061332,-0.130104)
cam.FieldOfView = 70.00
hum:Move(Vector3.new(0.997,0,-0.076),true)
hrp.AssemblyLinearVelocity = Vector3.new(15.954,0.000,-1.213)

do
	local look = cam.CFrame.LookVector
	local flat = Vector3.new(look.X,0,look.Z)
	if flat.Magnitude > 0 then
		hrp.CFrame = CFrame.new(Vector3.new(20.590,2.197,-13.854), Vector3.new(20.590,2.197,-13.854) + flat.Unit)
	end
end

task.wait(0.0430)

cam.CFrame = CFrame.new(9.660,8.928,-15.444,-0.139136,0.422256,-0.895735,0.000000,0.904533,0.426403,0.990273,0.059328,-0.125853)
cam.FieldOfView = 70.00
hum:Move(Vector3.new(1.000,0,-0.029),true)
hrp.AssemblyLinearVelocity = Vector3.new(15.990,0.000,-0.544)

do
	local look = cam.CFrame.LookVector
	local flat = Vector3.new(look.X,0,look.Z)
	if flat.Magnitude > 0 then
		hrp.CFrame = CFrame.new(Vector3.new(20.990,2.197,-13.875), Vector3.new(20.990,2.197,-13.875) + flat.Unit)
	end
end

task.wait(0.0300)

cam.CFrame = CFrame.new(10.060,8.928,-15.457,-0.139136,0.422256,-0.895735,0.000000,0.904533,0.426403,0.990273,0.059328,-0.125853)
cam.FieldOfView = 70.00
hum:Move(Vector3.new(1.000,0,-0.004),true)
hrp.AssemblyLinearVelocity = Vector3.new(16.000,0.000,-0.068)

do
	local look = cam.CFrame.LookVector
	local flat = Vector3.new(look.X,0,look.Z)
	if flat.Magnitude > 0 then
		hrp.CFrame = CFrame.new(Vector3.new(21.523,2.197,-13.886), Vector3.new(21.523,2.197,-13.886) + flat.Unit)
	end
end

task.wait(0.0323)

cam.CFrame = CFrame.new(10.326,8.928,-15.459,-0.139136,0.422256,-0.895735,0.000000,0.904533,0.426403,0.990273,0.059328,-0.125853)
cam.FieldOfView = 70.00
hum:Move(Vector3.new(1.000,0,0.022),true)
hrp.AssemblyLinearVelocity = Vector3.new(15.996,0.000,0.338)

do
	local look = cam.CFrame.LookVector
	local flat = Vector3.new(look.X,0,look.Z)
	if flat.Magnitude > 0 then
		hrp.CFrame = CFrame.new(Vector3.new(21.789,2.197,-13.880), Vector3.new(21.789,2.197,-13.880) + flat.Unit)
	end
end

task.wait(0.0300)

cam.CFrame = CFrame.new(10.734,9.181,-15.571,-0.151211,0.441557,-0.884399,0.000000,0.894687,0.446694,0.988502,0.067545,-0.135286)
cam.FieldOfView = 70.00
hum:Move(Vector3.new(0.999,0,0.035),true)
hrp.AssemblyLinearVelocity = Vector3.new(15.990,0.000,0.551)

do
	local look = cam.CFrame.LookVector
	local flat = Vector3.new(look.X,0,look.Z)
	if flat.Magnitude > 0 then
		hrp.CFrame = CFrame.new(Vector3.new(22.056,2.197,-13.871), Vector3.new(22.056,2.197,-13.871) + flat.Unit)
	end
end

task.wait(0.0300)

cam.CFrame = CFrame.new(11.724,9.913,-15.868,-0.186437,0.496405,-0.847834,0.000000,0.862965,0.505264,0.982467,0.094200,-0.160889)
cam.FieldOfView = 70.00
hum:Move(Vector3.new(0.997,0,0.074),true)
hrp.AssemblyLinearVelocity = Vector3.new(15.956,0.000,1.181)

do
	local look = cam.CFrame.LookVector
	local flat = Vector3.new(look.X,0,look.Z)
	if flat.Magnitude > 0 then
		hrp.CFrame = CFrame.new(Vector3.new(22.588,2.197,-13.838), Vector3.new(22.588,2.197,-13.838) + flat.Unit)
	end
end

task.wait(0.0340)

cam.CFrame = CFrame.new(12.448,10.188,-15.946,-0.200751,0.516488,-0.832430,0.000000,0.849728,0.527221,0.979642,0.105840,-0.170584)
cam.FieldOfView = 70.00
hum:Move(Vector3.new(0.995,0,0.101),true)
hrp.AssemblyLinearVelocity = Vector3.new(15.919,0.000,1.601)

do
	local look = cam.CFrame.LookVector
	local flat = Vector3.new(look.X,0,look.Z)
	if flat.Magnitude > 0 then
		hrp.CFrame = CFrame.new(Vector3.new(23.119,2.197,-13.787), Vector3.new(23.119,2.197,-13.787) + flat.Unit)
	end
end

task.wait(0.0317)

cam.CFrame = CFrame.new(13.105,10.353,-15.982,-0.211383,0.528207,-0.822383,0.000000,0.841396,0.540419,0.977403,0.114236,-0.177857)
cam.FieldOfView = 70.00
hum:Move(Vector3.new(0.994,0,0.110),true)
hrp.AssemblyLinearVelocity = Vector3.new(15.903,0.000,1.754)

do
	local look = cam.CFrame.LookVector
	local flat = Vector3.new(look.X,0,look.Z)
	if flat.Magnitude > 0 then
		hrp.CFrame = CFrame.new(Vector3.new(23.649,2.197,-13.730), Vector3.new(23.649,2.197,-13.730) + flat.Unit)
	end
end

task.wait(0.0305)

cam.CFrame = CFrame.new(13.414,10.413,-15.975,-0.214273,0.532538,-0.818835,0.000000,0.838305,0.545201,0.976774,0.116822,-0.179626)
cam.FieldOfView = 70.00
hum:Move(Vector3.new(0.993,0,0.116),true)
hrp.AssemblyLinearVelocity = Vector3.new(15.892,0.000,1.857)

do
	local look = cam.CFrame.LookVector
	local flat = Vector3.new(look.X,0,look.Z)
	if flat.Magnitude > 0 then
		hrp.CFrame = CFrame.new(Vector3.new(23.914,2.197,-13.699), Vector3.new(23.914,2.197,-13.699) + flat.Unit)
	end
end

task.wait(0.0300)

cam.CFrame = CFrame.new(13.689,10.429,-15.942,-0.214273,0.533815,-0.818003,0.000000,0.837454,0.546508,0.976774,0.117102,-0.179444)
cam.FieldOfView = 70.00
hum:Move(Vector3.new(0.993,0,0.120),true)
hrp.AssemblyLinearVelocity = Vector3.new(15.886,0.000,1.909)

do
	local look = cam.CFrame.LookVector
	local flat = Vector3.new(look.X,0,look.Z)
	if flat.Magnitude > 0 then
		hrp.CFrame = CFrame.new(Vector3.new(24.179,2.197,-13.667), Vector3.new(24.179,2.197,-13.667) + flat.Unit)
	end
end

task.wait(0.0300)

cam.CFrame = CFrame.new(13.960,10.439,-15.909,-0.214273,0.534575,-0.817507,0.000000,0.836946,0.547286,0.976774,0.117269,-0.179335)
cam.FieldOfView = 70.00
hum:Move(Vector3.new(0.993,0,0.120),true)
hrp.AssemblyLinearVelocity = Vector3.new(15.885,0.000,1.912)

do
	local look = cam.CFrame.LookVector
	local flat = Vector3.new(look.X,0,look.Z)
	if flat.Magnitude > 0 then
		hrp.CFrame = CFrame.new(Vector3.new(24.444,2.197,-13.635), Vector3.new(24.444,2.197,-13.635) + flat.Unit)
	end
end

task.wait(0.0300)

cam.CFrame = CFrame.new(14.510,10.471,-15.841,-0.214273,0.537103,-0.815848,0.000000,0.835248,0.549874,0.976774,0.117823,-0.178971)
cam.FieldOfView = 70.00
hum:Move(Vector3.new(0.993,0,0.120),true)
hrp.AssemblyLinearVelocity = Vector3.new(15.884,0.000,1.919)

do
	local look = cam.CFrame.LookVector
	local flat = Vector3.new(look.X,0,look.Z)
	if flat.Magnitude > 0 then
		hrp.CFrame = CFrame.new(Vector3.new(24.973,2.197,-13.571), Vector3.new(24.973,2.197,-13.571) + flat.Unit)
	end
end

task.wait(0.0300)

cam.CFrame = CFrame.new(14.779,10.477,-15.808,-0.214273,0.537608,-0.815515,0.000000,0.834907,0.550391,0.976774,0.117934,-0.178898)
cam.FieldOfView = 70.00
hum:Move(Vector3.new(0.993,0,0.120),true)
hrp.AssemblyLinearVelocity = Vector3.new(15.884,0.000,1.920)

do
	local look = cam.CFrame.LookVector
	local flat = Vector3.new(look.X,0,look.Z)
	if flat.Magnitude > 0 then
		hrp.CFrame = CFrame.new(Vector3.new(25.238,2.197,-13.539), Vector3.new(25.238,2.197,-13.539) + flat.Unit)
	end
end

task.wait(0.0300)

cam.CFrame = CFrame.new(15.315,10.487,-15.742,-0.214273,0.538363,-0.815017,0.000000,0.834397,0.551164,0.976774,0.118100,-0.178788)
cam.FieldOfView = 70.00
hum:Move(Vector3.new(0.993,0,0.120),true)
hrp.AssemblyLinearVelocity = Vector3.new(15.884,0.000,1.926)

do
	local look = cam.CFrame.LookVector
	local flat = Vector3.new(look.X,0,look.Z)
	if flat.Magnitude > 0 then
		hrp.CFrame = CFrame.new(Vector3.new(25.767,2.197,-13.475), Vector3.new(25.767,2.197,-13.475) + flat.Unit)
	end
end

task.wait(0.0326)

cam.CFrame = CFrame.new(15.844,10.487,-15.678,-0.214273,0.538363,-0.815017,0.000000,0.834397,0.551164,0.976774,0.118100,-0.178788)
cam.FieldOfView = 70.00
hum:Move(Vector3.new(0.993,0,0.120),true)
hrp.AssemblyLinearVelocity = Vector3.new(15.884,0.000,1.926)

do
	local look = cam.CFrame.LookVector
	local flat = Vector3.new(look.X,0,look.Z)
	if flat.Magnitude > 0 then
		hrp.CFrame = CFrame.new(Vector3.new(26.297,2.197,-13.411), Vector3.new(26.297,2.197,-13.411) + flat.Unit)
	end
end

task.wait(0.0325)

cam.CFrame = CFrame.new(16.109,10.487,-15.646,-0.214273,0.538363,-0.815017,0.000000,0.834397,0.551164,0.976774,0.118100,-0.178788)
cam.FieldOfView = 70.00
hum:Move(Vector3.new(0.993,0,0.120),true)
hrp.AssemblyLinearVelocity = Vector3.new(15.884,0.000,1.926)

do
	local look = cam.CFrame.LookVector
	local flat = Vector3.new(look.X,0,look.Z)
	if flat.Magnitude > 0 then
		hrp.CFrame = CFrame.new(Vector3.new(26.562,2.197,-13.379), Vector3.new(26.562,2.197,-13.379) + flat.Unit)
	end
end

task.wait(0.0300)

cam.CFrame = CFrame.new(16.655,10.487,-15.656,-0.221384,0.537488,-0.813693,0.000000,0.834397,0.551164,0.975187,0.122019,-0.184722)
cam.FieldOfView = 70.00
hum:Move(Vector3.new(0.993,0,0.120),true)
hrp.AssemblyLinearVelocity = Vector3.new(15.884,0.000,1.927)

do
	local look = cam.CFrame.LookVector
	local flat = Vector3.new(look.X,0,look.Z)
	if flat.Magnitude > 0 then
		hrp.CFrame = CFrame.new(Vector3.new(27.091,2.197,-13.315), Vector3.new(27.091,2.197,-13.315) + flat.Unit)
	end
end

task.wait(0.0320)

cam.CFrame = CFrame.new(16.949,10.487,-15.750,-0.233451,0.535935,-0.811341,0.000000,0.834397,0.551164,0.972369,0.128670,-0.194790)
cam.FieldOfView = 70.00
hum:Move(Vector3.new(0.992,0,0.124),true)
hrp.AssemblyLinearVelocity = Vector3.new(15.884,50.701,1.927)

do
	local look = cam.CFrame.LookVector
	local flat = Vector3.new(look.X,0,look.Z)
	if flat.Magnitude > 0 then
		hrp.CFrame = CFrame.new(Vector3.new(27.356,3.063,-13.283), Vector3.new(27.356,3.063,-13.283) + flat.Unit)
	end
end

task.wait(0.0300)

cam.CFrame = CFrame.new(17.261,11.353,-15.905,-0.251400,0.533463,-0.807599,0.000000,0.834397,0.551164,0.967883,0.138563,-0.209767)
cam.FieldOfView = 70.00
hum:Move(Vector3.new(0.991,0,0.133),true)
hrp.AssemblyLinearVelocity = Vector3.new(15.859,46.614,2.122)

do
	local look = cam.CFrame.LookVector
	local flat = Vector3.new(look.X,0,look.Z)
	if flat.Magnitude > 0 then
		hrp.CFrame = CFrame.new(Vector3.new(27.686,4.068,-13.239), Vector3.new(27.686,4.068,-13.239) + flat.Unit)
	end
end

task.wait(0.0300)

cam.CFrame = CFrame.new(17.700,12.390,-16.173,-0.281887,0.531281,-0.798925,0.000000,0.832692,0.553736,0.959448,0.156091,-0.234725)
cam.FieldOfView = 70.00
hum:Move(Vector3.new(0.988,0,0.152),true)
hrp.AssemblyLinearVelocity = Vector3.new(15.814,43.344,2.431)

do
	local look = cam.CFrame.LookVector
	local flat = Vector3.new(look.X,0,look.Z)
	if flat.Magnitude > 0 then
		hrp.CFrame = CFrame.new(Vector3.new(27.950,4.811,-13.199), Vector3.new(27.950,4.811,-13.199) + flat.Unit)
	end
end

task.wait(0.0300)

cam.CFrame = CFrame.new(18.284,13.168,-16.997,-0.365689,0.518006,-0.773267,0.000000,0.830811,0.556554,0.930737,0.203526,-0.303819)
cam.FieldOfView = 70.00
hum:Move(Vector3.new(0.983,0,0.184),true)
hrp.AssemblyLinearVelocity = Vector3.new(15.729,39.256,2.933)

do
	local look = cam.CFrame.LookVector
	local flat = Vector3.new(look.X,0,look.Z)
	if flat.Magnitude > 0 then
		hrp.CFrame = CFrame.new(Vector3.new(28.278,5.663,-13.139), Vector3.new(28.278,5.663,-13.139) + flat.Unit)
	end
end

task.wait(0.0300)

cam.CFrame = CFrame.new(19.211,14.375,-17.876,-0.460339,0.496791,-0.735722,0.000000,0.828755,0.559612,0.887743,0.257611,-0.381508)
cam.FieldOfView = 70.00
hum:Move(Vector3.new(0.952,0,0.305),true)
hrp.AssemblyLinearVelocity = Vector3.new(15.239,33.534,4.874)

do
	local look = cam.CFrame.LookVector
	local flat = Vector3.new(look.X,0,look.Z)
	if flat.Magnitude > 0 then
		hrp.CFrame = CFrame.new(Vector3.new(28.725,6.712,-13.008), Vector3.new(28.725,6.712,-13.008) + flat.Unit)
	end
end

task.wait(0.0337)

cam.CFrame = CFrame.new(19.822,15.108,-18.303,-0.511166,0.480976,-0.712300,0.000000,0.828755,0.559612,0.859482,0.286054,-0.423631)
cam.FieldOfView = 70.00
hum:Move(Vector3.new(0.949,0,0.314),true)
hrp.AssemblyLinearVelocity = Vector3.new(15.189,29.446,5.030)

do
	local look = cam.CFrame.LookVector
	local flat = Vector3.new(look.X,0,look.Z)
	if flat.Magnitude > 0 then
		hrp.CFrame = CFrame.new(Vector3.new(29.042,7.360,-12.903), Vector3.new(29.042,7.360,-12.903) + flat.Unit)
	end
end

task.wait(0.0300)

cam.CFrame = CFrame.new(20.938,16.131,-19.017,-0.597065,0.450747,-0.663582,0.000000,0.827209,0.561894,0.802193,0.335487,-0.493898)
cam.FieldOfView = 70.00
hum:Move(Vector3.new(0.964,0,0.265),true)
hrp.AssemblyLinearVelocity = Vector3.new(15.421,24.541,4.265)

do
	local look = cam.CFrame.LookVector
	local flat = Vector3.new(look.X,0,look.Z)
	if flat.Magnitude > 0 then
		hrp.CFrame = CFrame.new(Vector3.new(29.425,8.025,-12.789), Vector3.new(29.425,8.025,-12.789) + flat.Unit)
	end
end

task.wait(0.0300)

cam.CFrame = CFrame.new(21.455,16.464,-19.360,-0.636095,0.434539,-0.637619,0.000000,0.826349,0.563159,0.771610,0.358223,-0.525637)
cam.FieldOfView = 70.00
hum:Move(Vector3.new(0.971,0,0.241),true)
hrp.AssemblyLinearVelocity = Vector3.new(15.527,21.271,3.859)

do
	local look = cam.CFrame.LookVector
	local flat = Vector3.new(look.X,0,look.Z)
	if flat.Magnitude > 0 then
		hrp.CFrame = CFrame.new(Vector3.new(29.684,8.400,-12.724), Vector3.new(29.684,8.400,-12.724) + flat.Unit)
	end
end

task.wait(0.0300)

cam.CFrame = CFrame.new(22.128,16.889,-19.717,-0.679211,0.416278,-0.604470,0.000000,0.823593,0.567181,0.733943,0.385236,-0.559394)
cam.FieldOfView = 70.00
hum:Move(Vector3.new(0.976,0,0.220),true)
hrp.AssemblyLinearVelocity = Vector3.new(15.608,17.184,3.518)

do
	local look = cam.CFrame.LookVector
	local flat = Vector3.new(look.X,0,look.Z)
	if flat.Magnitude > 0 then
		hrp.CFrame = CFrame.new(Vector3.new(30.009,8.792,-12.650), Vector3.new(30.009,8.792,-12.650) + flat.Unit)
	end
end

task.wait(0.0300)

cam.CFrame = CFrame.new(22.906,17.307,-20.078,-0.722750,0.393373,-0.568233,0.000000,0.822205,0.569192,0.691109,0.411384,-0.594249)
cam.FieldOfView = 70.00
hum:Move(Vector3.new(0.977,0,0.212),true)
hrp.AssemblyLinearVelocity = Vector3.new(15.636,13.914,3.395)

do
	local look = cam.CFrame.LookVector
	local flat = Vector3.new(look.X,0,look.Z)
	if flat.Magnitude > 0 then
		hrp.CFrame = CFrame.new(Vector3.new(30.269,9.044,-12.593), Vector3.new(30.269,9.044,-12.593) + flat.Unit)
	end
end

task.wait(0.0300)

cam.CFrame = CFrame.new(24.411,17.800,-20.755,-0.802153,0.341963,-0.489501,0.000000,0.819773,0.572689,0.597118,0.459384,-0.657584)
cam.FieldOfView = 70.00
hum:Move(Vector3.new(0.975,0,0.223),true)
hrp.AssemblyLinearVelocity = Vector3.new(15.599,8.191,3.561)

do
	local look = cam.CFrame.LookVector
	local flat = Vector3.new(look.X,0,look.Z)
	if flat.Magnitude > 0 then
		hrp.CFrame = CFrame.new(Vector3.new(30.725,9.354,-12.491), Vector3.new(30.725,9.354,-12.491) + flat.Unit)
	end
end

task.wait(0.0300)

cam.CFrame = CFrame.new(25.241,17.944,-21.122,-0.844080,0.308412,-0.438646,0.000000,0.818039,0.575163,0.536217,0.485484,-0.690491)
cam.FieldOfView = 70.00
hum:Move(Vector3.new(0.971,0,0.237),true)
hrp.AssemblyLinearVelocity = Vector3.new(15.543,4.921,3.795)

do
	local look = cam.CFrame.LookVector
	local flat = Vector3.new(look.X,0,look.Z)
	if flat.Magnitude > 0 then
		hrp.CFrame = CFrame.new(Vector3.new(30.984,9.457,-12.428), Vector3.new(30.984,9.457,-12.428) + flat.Unit)
	end
end

task.wait(0.0300)

cam.CFrame = CFrame.new(26.232,18.090,-21.448,-0.884760,0.269670,-0.380103,0.000000,0.815589,0.578632,0.466047,0.511950,-0.721600)
cam.FieldOfView = 70.00
hum:Move(Vector3.new(0.963,0,0.270),true)
hrp.AssemblyLinearVelocity = Vector3.new(15.410,1.651,4.304)

do
	local look = cam.CFrame.LookVector
	local flat = Vector3.new(look.X,0,look.Z)
	if flat.Magnitude > 0 then
		hrp.CFrame = CFrame.new(Vector3.new(31.241,9.505,-12.357), Vector3.new(31.241,9.505,-12.357) + flat.Unit)
	end
end

task.wait(0.0300)

cam.CFrame = CFrame.new(27.953,18.144,-21.874,-0.939948,0.197662,-0.278259,0.000000,0.815247,0.579113,0.341318,0.544336,-0.766290)
cam.FieldOfView = 70.00
hum:Move(Vector3.new(0.933,0,0.359),true)
hrp.AssemblyLinearVelocity = Vector3.new(14.934,-4.889,5.741)

do
	local look = cam.CFrame.LookVector
	local flat = Vector3.new(look.X,0,look.Z)
	if flat.Magnitude > 0 then
		hrp.CFrame = CFrame.new(Vector3.new(31.743,9.437,-12.177), Vector3.new(31.743,9.437,-12.177) + flat.Unit)
	end
end

task.wait(0.0329)

cam.CFrame = CFrame.new(28.872,18.076,-21.955,-0.959511,0.163120,-0.229633,0.000000,0.815247,0.579113,0.281673,0.555665,-0.782239)
cam.FieldOfView = 70.00
hum:Move(Vector3.new(0.922,0,0.386),true)
hrp.AssemblyLinearVelocity = Vector3.new(14.761,-8.976,6.174)

do
	local look = cam.CFrame.LookVector
	local flat = Vector3.new(look.X,0,look.Z)
	if flat.Magnitude > 0 then
		hrp.CFrame = CFrame.new(Vector3.new(32.051,9.284,-12.050), Vector3.new(32.051,9.284,-12.050) + flat.Unit)
	end
end

task.wait(0.0300)

cam.CFrame = CFrame.new(29.790,17.923,-21.986,-0.975095,0.128441,-0.180813,0.000000,0.815247,0.579113,0.221789,0.564690,-0.794943)
cam.FieldOfView = 70.00
hum:Move(Vector3.new(0.000,0,0.000),true)
hrp.AssemblyLinearVelocity = Vector3.new(12.562,-12.246,5.254)

do
	local look = cam.CFrame.LookVector
	local flat = Vector3.new(look.X,0,look.Z)
	if flat.Magnitude > 0 then
		hrp.CFrame = CFrame.new(Vector3.new(32.274,9.101,-11.956), Vector3.new(32.274,9.101,-11.956) + flat.Unit)
	end
end

task.wait(0.0300)

cam.CFrame = CFrame.new(31.476,17.575,-22.037,-0.995720,0.053590,-0.075298,0.000000,0.814724,0.579849,0.092421,0.577367,-0.811237)
cam.FieldOfView = 70.00
hum:Move(Vector3.new(0.000,0,0.000),true)
hrp.AssemblyLinearVelocity = Vector3.new(8.714,-17.969,3.645)

do
	local look = cam.CFrame.LookVector
	local flat = Vector3.new(look.X,0,look.Z)
	if flat.Magnitude > 0 then
		hrp.CFrame = CFrame.new(Vector3.new(32.576,8.648,-11.830), Vector3.new(32.576,8.648,-11.830) + flat.Unit)
	end
end

task.wait(0.0300)

cam.CFrame = CFrame.new(33.259,16.929,-21.971,-0.998490,-0.031700,0.044857,0.000000,0.816656,0.577124,-0.054928,0.576253,-0.815424)
cam.FieldOfView = 70.00
hum:Move(Vector3.new(0.000,0,0.000),true)
hrp.AssemblyLinearVelocity = Vector3.new(4.317,-24.509,1.806)

do
	local look = cam.CFrame.LookVector
	local flat = Vector3.new(look.X,0,look.Z)
	if flat.Magnitude > 0 then
		hrp.CFrame = CFrame.new(Vector3.new(32.784,7.926,-11.743), Vector3.new(32.784,7.926,-11.743) + flat.Unit)
	end
end

task.wait(0.0314)

cam.CFrame = CFrame.new(33.947,16.442,-21.954,-0.993576,-0.064419,0.093042,0.000000,0.822169,0.569243,-0.113166,0.565586,-0.816888)
cam.FieldOfView = 70.00
hum:Move(Vector3.new(0.000,0,0.000),true)
hrp.AssemblyLinearVelocity = Vector3.new(2.118,-27.779,0.886)

do
	local look = cam.CFrame.LookVector
	local flat = Vector3.new(look.X,0,look.Z)
	if flat.Magnitude > 0 then
		hrp.CFrame = CFrame.new(Vector3.new(32.833,7.484,-11.722), Vector3.new(32.833,7.484,-11.722) + flat.Unit)
	end
end

task.wait(0.0300)

cam.CFrame = CFrame.new(34.851,15.393,-21.961,-0.981380,-0.105677,0.160393,0.000000,0.835046,0.550180,-0.192077,0.539936,-0.819497)
cam.FieldOfView = 70.00
hum:Move(Vector3.new(0.000,0,0.000),true)
hrp.AssemblyLinearVelocity = Vector3.new(0.003,-34.319,0.001)

do
	local look = cam.CFrame.LookVector
	local flat = Vector3.new(look.X,0,look.Z)
	if flat.Magnitude > 0 then
		hrp.CFrame = CFrame.new(Vector3.new(32.847,6.435,-11.717), Vector3.new(32.847,6.435,-11.717) + flat.Unit)
	end
end

task.wait(0.0327)

cam.CFrame = CFrame.new(35.376,14.000,-22.018,-0.971158,-0.126155,0.202328,0.000000,0.848563,0.529095,-0.238436,0.513835,-0.824089)
cam.FieldOfView = 70.00
hum:Move(Vector3.new(0.000,0,0.000),true)
hrp.AssemblyLinearVelocity = Vector3.new(0.000,-40.859,0.000)

do
	local look = cam.CFrame.LookVector
	local flat = Vector3.new(look.X,0,look.Z)
	if flat.Magnitude > 0 then
		hrp.CFrame = CFrame.new(Vector3.new(32.847,5.169,-11.717), Vector3.new(32.847,5.169,-11.717) + flat.Unit)
	end
end

task.wait(0.0343)

cam.CFrame = CFrame.new(35.528,13.089,-22.039,-0.967883,-0.131127,0.214494,0.000000,0.853199,0.521586,-0.251400,0.504834,-0.825797)
cam.FieldOfView = 70.00
hum:Move(Vector3.new(0.000,0,0.000),true)
hrp.AssemblyLinearVelocity = Vector3.new(0.000,-44.129,0.000)

do
	local look = cam.CFrame.LookVector
	local flat = Vector3.new(look.X,0,look.Z)
	if flat.Magnitude > 0 then
		hrp.CFrame = CFrame.new(Vector3.new(32.847,4.454,-11.717), Vector3.new(32.847,4.454,-11.717) + flat.Unit)
	end
end

task.wait(0.0300)

cam.CFrame = CFrame.new(35.875,11.473,-22.025,-0.959448,-0.144074,0.242287,0.000000,0.859518,0.511105,-0.281887,0.490378,-0.824663)
cam.FieldOfView = 70.00
hum:Move(Vector3.new(0.000,0,0.000),true)
hrp.AssemblyLinearVelocity = Vector3.new(-0.000,2.332,-0.000)

do
	local look = cam.CFrame.LookVector
	local flat = Vector3.new(look.X,0,look.Z)
	if flat.Magnitude > 0 then
		hrp.CFrame = CFrame.new(Vector3.new(32.847,3.517,-11.717), Vector3.new(32.847,3.517,-11.717) + flat.Unit)
	end
end

task.wait(0.0325)

cam.CFrame = CFrame.new(36.530,11.190,-21.912,-0.940516,-0.169148,0.294650,0.000000,0.867257,0.497862,-0.339750,0.468247,-0.815669)
cam.FieldOfView = 70.00
hum:Move(Vector3.new(0.000,0,0.000),true)
hrp.AssemblyLinearVelocity = Vector3.new(-0.000,3.016,-0.000)

do
	local look = cam.CFrame.LookVector
	local flat = Vector3.new(look.X,0,look.Z)
	if flat.Magnitude > 0 then
		hrp.CFrame = CFrame.new(Vector3.new(32.847,3.623,-11.717), Vector3.new(32.847,3.623,-11.717) + flat.Unit)
	end
end

task.wait(0.0300)

cam.CFrame = CFrame.new(36.891,11.215,-21.794,-0.928048,-0.184499,0.323554,0.000000,0.868692,0.495352,-0.372461,0.459710,-0.806188)
cam.FieldOfView = 70.00
hum:Move(Vector3.new(-0.573,0,0.820),true)
hrp.AssemblyLinearVelocity = Vector3.new(-0.981,1.736,1.383)

do
	local look = cam.CFrame.LookVector
	local flat = Vector3.new(look.X,0,look.Z)
	if flat.Magnitude > 0 then
		hrp.CFrame = CFrame.new(Vector3.new(32.831,3.657,-11.693), Vector3.new(32.831,3.657,-11.693) + flat.Unit)
	end
end

task.wait(0.0300)

cam.CFrame = CFrame.new(37.281,11.197,-21.631,-0.912671,-0.200738,0.355999,0.000000,0.871064,0.491169,-0.408695,0.448276,-0.794995)
cam.FieldOfView = 70.00
hum:Move(Vector3.new(-0.584,0,0.812),true)
hrp.AssemblyLinearVelocity = Vector3.new(-4.284,0.698,5.971)

do
	local look = cam.CFrame.LookVector
	local flat = Vector3.new(look.X,0,look.Z)
	if flat.Magnitude > 0 then
		hrp.CFrame = CFrame.new(Vector3.new(32.740,3.682,-11.567), Vector3.new(32.740,3.682,-11.567) + flat.Unit)
	end
end

task.wait(0.0300)

