local cam=workspace.CurrentCamera plr=game.Players.LocalPlayer char=plr.Character or plr.CharacterAdded:Wait() local hum=char:WaitForChild('Humanoid',5) hrp=char:WaitForChild('HumanoidRootPart',5) if not(hum and hrp)then return end hum.AutoRotate=false cam.CameraType=Enum.CameraType.Scriptable task.wait(1.5)

cam.CFrame=CFrame.new(106.150,254.333,-308.503,-0.962399,-0.083332,0.258544,0.000000,0.951783,0.306772,-0.271641,0.295237,-0.915995) cam.FieldOfView=70.00 hum:Move(Vector3.zero,true) hrp.AssemblyLinearVelocity=Vector3.new(0.000,0.001,-0.000) hrp.CFrame=CFrame.new(102.918,248.998,-297.053) local lookDir=cam.CFrame.LookVector*Vector3.new(1,0,1) if lookDir.Magnitude>0.01 then hrp.CFrame=CFrame.new(hrp.Position,hrp.Position+lookDir.Unit) end task.wait(0.0000)
cam.CFrame=CFrame.new(106.150,254.333,-308.503,-0.962399,-0.083332,0.258544,0.000000,0.951783,0.306772,-0.271641,0.295237,-0.915995) cam.FieldOfView=70.00 hum:Move(Vector3.new(-0.460,0,0.888),true) hrp.AssemblyLinearVelocity=Vector3.new(-13.786,0.002,25.989) hrp.CFrame=CFrame.new(102.726,248.998,-296.678) local lookDir=cam.CFrame.LookVector*Vector3.new(1,0,1) if lookDir.Magnitude>0.01 then hrp.CFrame=CFrame.new(hrp.Position,hrp.Position+lookDir.Unit) end task.wait(0.0404)
cam.CFrame=CFrame.new(105.629,254.329,-307.431,-0.962399,-0.083332,0.258544,0.000000,0.951783,0.306772,-0.271641,0.295237,-0.915995) cam.FieldOfView=70.00 hum:Move(Vector3.new(-0.405,0,0.914),true) hrp.AssemblyLinearVelocity=Vector3.new(-15.677,-0.642,35.053) hrp.CFrame=CFrame.new(102.138,248.984,-295.405) local lookDir=cam.CFrame.LookVector*Vector3.new(1,0,1) if lookDir.Magnitude>0.01 then hrp.CFrame=CFrame.new(hrp.Position,hrp.Position+lookDir.Unit) end task.wait(0.0382)
cam.CFrame=CFrame.new(105.124,254.302,-306.271,-0.962399,-0.083332,0.258544,0.000000,0.951783,0.306772,-0.271641,0.295237,-0.915995) cam.FieldOfView=70.00 hum:Move(Vector3.new(-0.370,0,0.929),true) hrp.AssemblyLinearVelocity=Vector3.new(-14.158,-0.972,35.596) hrp.CFrame=CFrame.new(101.655,248.951,-294.234) local lookDir=cam.CFrame.LookVector*Vector3.new(1,0,1) if lookDir.Magnitude>0.01 then hrp.CFrame=CFrame.new(hrp.Position,hrp.Position+lookDir.Unit) end task.wait(0.0346)
cam.CFrame=CFrame.new(104.608,254.265,-304.943,-0.962399,-0.083332,0.258544,0.000000,0.951783,0.306772,-0.271641,0.295237,-0.915995) cam.FieldOfView=70.00 hum:Move(Vector3.new(-0.330,0,0.944),true) hrp.AssemblyLinearVelocity=Vector3.new(-12.469,-0.829,36.086) hrp.CFrame=CFrame.new(101.060,248.909,-292.597) local lookDir=cam.CFrame.LookVector*Vector3.new(1,0,1) if lookDir.Magnitude>0.01 then hrp.CFrame=CFrame.new(hrp.Position,hrp.Position+lookDir.Unit) end task.wait(0.0416)
cam.CFrame=CFrame.new(104.292,254.244,-304.047,-0.962399,-0.083332,0.258544,0.000000,0.951783,0.306772,-0.271641,0.295237,-0.915995) cam.FieldOfView=70.00 hum:Move(Vector3.new(-0.297,0,0.955),true) hrp.AssemblyLinearVelocity=Vector3.new(-11.226,-0.512,36.447) hrp.CFrame=CFrame.new(100.822,248.898,-291.842) local lookDir=cam.CFrame.LookVector*Vector3.new(1,0,1) if lookDir.Magnitude>0.01 then hrp.CFrame=CFrame.new(hrp.Position,hrp.Position+lookDir.Unit) end task.wait(0.0330)
cam.CFrame=CFrame.new(103.834,254.171,-302.534,-0.962399,-0.083332,0.258544,0.000000,0.951783,0.306772,-0.271641,0.295237,-0.915995) cam.FieldOfView=70.00 hum:Move(Vector3.new(-0.263,0,0.965),true) hrp.AssemblyLinearVelocity=Vector3.new(-9.784,-8.687,36.329) hrp.CFrame=CFrame.new(100.395,248.689,-290.329) local lookDir=cam.CFrame.LookVector*Vector3.new(1,0,1) if lookDir.Magnitude>0.01 then hrp.CFrame=CFrame.new(hrp.Position,hrp.Position+lookDir.Unit) end task.wait(0.0386)
cam.CFrame=CFrame.new(103.627,254.024,-301.779,-0.962399,-0.083332,0.258544,0.000000,0.951783,0.306772,-0.271641,0.295237,-0.915995) cam.FieldOfView=70.00 hum:Move(Vector3.new(-0.256,0,0.967),true) hrp.AssemblyLinearVelocity=Vector3.new(-9.546,-6.087,36.368) hrp.CFrame=CFrame.new(100.194,248.523,-289.573) local lookDir=cam.CFrame.LookVector*Vector3.new(1,0,1) if lookDir.Magnitude>0.01 then hrp.CFrame=CFrame.new(hrp.Position,hrp.Position+lookDir.Unit) end task.wait(0.0330)
cam.CFrame=CFrame.new(103.185,253.705,-300.116,-0.962399,-0.083332,0.258544,0.000000,0.951783,0.306772,-0.271641,0.295237,-0.915995) cam.FieldOfView=70.00 hum:Move(Vector3.new(-0.257,0,0.966),true) hrp.AssemblyLinearVelocity=Vector3.new(-9.573,-6.377,36.243) hrp.CFrame=CFrame.new(99.792,248.264,-288.063) local lookDir=cam.CFrame.LookVector*Vector3.new(1,0,1) if lookDir.Magnitude>0.01 then hrp.CFrame=CFrame.new(hrp.Position,hrp.Position+lookDir.Unit) end task.wait(0.0333)
cam.CFrame=CFrame.new(102.903,253.568,-299.058,-0.962399,-0.083332,0.258544,0.000000,0.951783,0.306772,-0.271641,0.295237,-0.915995) cam.FieldOfView=70.00 hum:Move(Vector3.new(-0.257,0,0.966),true) hrp.AssemblyLinearVelocity=Vector3.new(-9.666,-4.229,36.513) hrp.CFrame=CFrame.new(99.509,248.169,-287.000) local lookDir=cam.CFrame.LookVector*Vector3.new(1,0,1) if lookDir.Magnitude>0.01 then hrp.CFrame=CFrame.new(hrp.Position,hrp.Position+lookDir.Unit) end task.wait(0.0330)
cam.CFrame=CFrame.new(102.579,253.430,-297.842,-0.962399,-0.083332,0.258544,0.000000,0.951783,0.306772,-0.271641,0.295237,-0.915995) cam.FieldOfView=70.00 hum:Move(Vector3.new(-0.257,0,0.966),true) hrp.AssemblyLinearVelocity=Vector3.new(-9.674,-4.488,36.481) hrp.CFrame=CFrame.new(99.186,248.020,-285.784) local lookDir=cam.CFrame.LookVector*Vector3.new(1,0,1) if lookDir.Magnitude>0.01 then hrp.CFrame=CFrame.new(hrp.Position,hrp.Position+lookDir.Unit) end task.wait(0.0330)
cam.CFrame=CFrame.new(102.256,253.280,-296.626,-0.962399,-0.083332,0.258544,0.000000,0.951783,0.306772,-0.271641,0.295237,-0.915995) cam.FieldOfView=70.00 hum:Move(Vector3.new(-0.257,0,0.966),true) hrp.AssemblyLinearVelocity=Vector3.new(-9.684,-4.488,36.475) hrp.CFrame=CFrame.new(98.862,247.871,-284.569) local lookDir=cam.CFrame.LookVector*Vector3.new(1,0,1) if lookDir.Magnitude>0.01 then hrp.CFrame=CFrame.new(hrp.Position,hrp.Position+lookDir.Unit) end task.wait(0.0366)
cam.CFrame=CFrame.new(101.931,253.150,-295.409,-0.962399,-0.083332,0.258544,0.000000,0.951783,0.306772,-0.271641,0.295237,-0.915995) cam.FieldOfView=70.00 hum:Move(Vector3.new(-0.262,0,0.965),true) hrp.AssemblyLinearVelocity=Vector3.new(-9.935,0.153,36.678) hrp.CFrame=CFrame.new(98.492,247.805,-283.195) local lookDir=cam.CFrame.LookVector*Vector3.new(1,0,1) if lookDir.Magnitude>0.01 then hrp.CFrame=CFrame.new(hrp.Position,hrp.Position+lookDir.Unit) end task.wait(0.0369)
cam.CFrame=CFrame.new(101.390,253.178,-293.426,-0.962399,-0.083332,0.258544,0.000000,0.951783,0.306772,-0.271641,0.295237,-0.915995) cam.FieldOfView=70.00 hum:Move(Vector3.new(-0.268,0,0.963),true) hrp.AssemblyLinearVelocity=Vector3.new(-10.152,1.800,36.570) hrp.CFrame=CFrame.new(97.947,247.880,-281.214) local lookDir=cam.CFrame.LookVector*Vector3.new(1,0,1) if lookDir.Magnitude>0.01 then hrp.CFrame=CFrame.new(hrp.Position,hrp.Position+lookDir.Unit) end task.wait(0.0521)
cam.CFrame=CFrame.new(101.009,253.243,-292.054,-0.962399,-0.083332,0.258544,0.000000,0.951783,0.306772,-0.271641,0.295237,-0.915995) cam.FieldOfView=70.00 hum:Move(Vector3.new(-0.268,0,0.963),true) hrp.AssemblyLinearVelocity=Vector3.new(-10.157,1.666,36.574) hrp.CFrame=CFrame.new(97.650,247.929,-280.147) local lookDir=cam.CFrame.LookVector*Vector3.new(1,0,1) if lookDir.Magnitude>0.01 then hrp.CFrame=CFrame.new(hrp.Position,hrp.Position+lookDir.Unit) end task.wait(0.0330)
cam.CFrame=CFrame.new(100.713,253.293,-290.988,-0.962399,-0.083332,0.258544,0.000000,0.951783,0.306772,-0.271641,0.295237,-0.915995) cam.FieldOfView=70.00 hum:Move(Vector3.new(-0.267,0,0.964),true) hrp.AssemblyLinearVelocity=Vector3.new(-10.099,2.144,36.538) hrp.CFrame=CFrame.new(97.313,247.992,-278.929) local lookDir=cam.CFrame.LookVector*Vector3.new(1,0,1) if lookDir.Magnitude>0.01 then hrp.CFrame=CFrame.new(hrp.Position,hrp.Position+lookDir.Unit) end task.wait(0.0340)
cam.CFrame=CFrame.new(100.377,253.366,-289.770,-0.962399,-0.083332,0.258544,0.000000,0.951783,0.306772,-0.271641,0.295237,-0.915995) cam.FieldOfView=70.00 hum:Move(Vector3.new(-0.267,0,0.964),true) hrp.AssemblyLinearVelocity=Vector3.new(-10.095,2.685,36.516) hrp.CFrame=CFrame.new(96.977,248.075,-277.711) local lookDir=cam.CFrame.LookVector*Vector3.new(1,0,1) if lookDir.Magnitude>0.01 then hrp.CFrame=CFrame.new(hrp.Position,hrp.Position+lookDir.Unit) end task.wait(0.0330)
cam.CFrame=CFrame.new(100.082,253.444,-288.705,-0.962399,-0.083332,0.258544,0.000000,0.951783,0.306772,-0.271641,0.295237,-0.915995) cam.FieldOfView=70.00 hum:Move(Vector3.new(-0.267,0,0.964),true) hrp.AssemblyLinearVelocity=Vector3.new(-10.098,2.810,36.525) hrp.CFrame=CFrame.new(96.682,248.156,-276.646) local lookDir=cam.CFrame.LookVector*Vector3.new(1,0,1) if lookDir.Magnitude>0.01 then hrp.CFrame=CFrame.new(hrp.Position,hrp.Position+lookDir.Unit) end task.wait(0.0330)
cam.CFrame=CFrame.new(99.577,253.582,-286.878,-0.962399,-0.083332,0.258544,0.000000,0.951783,0.306772,-0.271641,0.295237,-0.915995) cam.FieldOfView=70.00 hum:Move(Vector3.new(-0.267,0,0.964),true) hrp.AssemblyLinearVelocity=Vector3.new(-10.106,2.558,36.548) hrp.CFrame=CFrame.new(96.177,248.290,-274.819) local lookDir=cam.CFrame.LookVector*Vector3.new(1,0,1) if lookDir.Magnitude>0.01 then hrp.CFrame=CFrame.new(hrp.Position,hrp.Position+lookDir.Unit) end task.wait(0.0501)
cam.CFrame=CFrame.new(99.072,253.710,-285.051,-0.962399,-0.083332,0.258544,0.000000,0.951783,0.306772,-0.271641,0.295237,-0.915995) cam.FieldOfView=70.00 hum:Move(Vector3.new(-0.267,0,0.964),true) hrp.AssemblyLinearVelocity=Vector3.new(-10.104,2.593,36.537) hrp.CFrame=CFrame.new(95.671,248.418,-272.992) local lookDir=cam.CFrame.LookVector*Vector3.new(1,0,1) if lookDir.Magnitude>0.01 then hrp.CFrame=CFrame.new(hrp.Position,hrp.Position+lookDir.Unit) end task.wait(0.0505)
cam.CFrame=CFrame.new(98.735,253.797,-283.833,-0.962399,-0.083332,0.258544,0.000000,0.951783,0.306772,-0.271641,0.295237,-0.915995) cam.FieldOfView=70.00 hum:Move(Vector3.new(-0.267,0,0.964),true) hrp.AssemblyLinearVelocity=Vector3.new(-10.105,2.623,36.539) hrp.CFrame=CFrame.new(95.334,248.506,-271.774) local lookDir=cam.CFrame.LookVector*Vector3.new(1,0,1) if lookDir.Magnitude>0.01 then hrp.CFrame=CFrame.new(hrp.Position,hrp.Position+lookDir.Unit) end task.wait(0.0359)
cam.CFrame=CFrame.new(98.352,253.894,-282.464,-0.962399,-0.083332,0.258544,0.000000,0.951783,0.306772,-0.271641,0.295237,-0.915995) cam.FieldOfView=70.00 hum:Move(Vector3.new(-0.286,0,0.958),true) hrp.AssemblyLinearVelocity=Vector3.new(-10.850,2.394,36.353) hrp.CFrame=CFrame.new(94.940,248.600,-270.408) local lookDir=cam.CFrame.LookVector*Vector3.new(1,0,1) if lookDir.Magnitude>0.01 then hrp.CFrame=CFrame.new(hrp.Position,hrp.Position+lookDir.Unit) end task.wait(0.0369)
cam.CFrame=CFrame.new(97.938,253.983,-281.103,-0.962399,-0.083332,0.258544,0.000000,0.951783,0.306772,-0.271641,0.295237,-0.915995) cam.FieldOfView=70.00 hum:Move(Vector3.new(-0.307,0,0.952),true) hrp.AssemblyLinearVelocity=Vector3.new(-11.632,2.089,36.123) hrp.CFrame=CFrame.new(94.513,248.683,-269.050) local lookDir=cam.CFrame.LookVector*Vector3.new(1,0,1) if lookDir.Magnitude>0.01 then hrp.CFrame=CFrame.new(hrp.Position,hrp.Position+lookDir.Unit) end task.wait(0.0388)
cam.CFrame=CFrame.new(97.497,254.061,-279.750,-0.962399,-0.083332,0.258544,0.000000,0.951783,0.306772,-0.271641,0.295237,-0.915995) cam.FieldOfView=70.00 hum:Move(Vector3.new(-0.324,0,0.946),true) hrp.AssemblyLinearVelocity=Vector3.new(-12.283,1.867,35.923) hrp.CFrame=CFrame.new(94.061,248.758,-267.701) local lookDir=cam.CFrame.LookVector*Vector3.new(1,0,1) if lookDir.Magnitude>0.01 then hrp.CFrame=CFrame.new(hrp.Position,hrp.Position+lookDir.Unit) end task.wait(0.0382)
cam.CFrame=CFrame.new(97.030,254.129,-278.405,-0.962399,-0.083332,0.258544,0.000000,0.951783,0.306772,-0.271641,0.295237,-0.915995) cam.FieldOfView=70.00 hum:Move(Vector3.new(-0.336,0,0.942),true) hrp.AssemblyLinearVelocity=Vector3.new(-12.787,1.380,35.766) hrp.CFrame=CFrame.new(93.533,248.825,-266.209) local lookDir=cam.CFrame.LookVector*Vector3.new(1,0,1) if lookDir.Magnitude>0.01 then hrp.CFrame=CFrame.new(hrp.Position,hrp.Position+lookDir.Unit) end task.wait(0.0376)
cam.CFrame=CFrame.new(96.551,254.181,-277.063,-0.962399,-0.083332,0.258544,0.000000,0.951783,0.306772,-0.271641,0.295237,-0.915995) cam.FieldOfView=70.00 hum:Move(Vector3.new(-0.337,0,0.941),true) hrp.AssemblyLinearVelocity=Vector3.new(-12.817,1.231,35.754) hrp.CFrame=CFrame.new(93.159,248.862,-265.166) local lookDir=cam.CFrame.LookVector*Vector3.new(1,0,1) if lookDir.Magnitude>0.01 then hrp.CFrame=CFrame.new(hrp.Position,hrp.Position+lookDir.Unit) end task.wait(0.0330)
cam.CFrame=CFrame.new(96.175,254.217,-276.021,-0.962399,-0.083332,0.258544,0.000000,0.951783,0.306772,-0.271641,0.295237,-0.915995) cam.FieldOfView=70.00 hum:Move(Vector3.new(-0.343,0,0.939),true) hrp.AssemblyLinearVelocity=Vector3.new(-13.030,1.100,35.681) hrp.CFrame=CFrame.new(92.401,248.930,-263.084) local lookDir=cam.CFrame.LookVector*Vector3.new(1,0,1) if lookDir.Magnitude>0.01 then hrp.CFrame=CFrame.new(hrp.Position,hrp.Position+lookDir.Unit) end task.wait(0.0603)
cam.CFrame=CFrame.new(95.633,254.265,-274.534,-0.962399,-0.083332,0.258544,0.000000,0.951783,0.306772,-0.271641,0.295237,-0.915995) cam.FieldOfView=70.00 hum:Move(Vector3.new(-0.350,0,0.937),true) hrp.AssemblyLinearVelocity=Vector3.new(-13.316,0.523,35.588) hrp.CFrame=CFrame.new(91.903,248.956,-261.749) local lookDir=cam.CFrame.LookVector*Vector3.new(1,0,1) if lookDir.Magnitude>0.01 then hrp.CFrame=CFrame.new(hrp.Position,hrp.Position+lookDir.Unit) end task.wait(0.0346)
cam.CFrame=CFrame.new(94.913,254.299,-272.606,-0.962399,-0.083332,0.258544,0.000000,0.951783,0.306772,-0.271641,0.295237,-0.915995) cam.FieldOfView=70.00 hum:Move(Vector3.new(-0.353,0,0.935),true) hrp.AssemblyLinearVelocity=Vector3.new(-13.431,0.445,35.545) hrp.CFrame=CFrame.new(91.401,248.973,-260.416) local lookDir=cam.CFrame.LookVector*Vector3.new(1,0,1) if lookDir.Magnitude>0.01 then hrp.CFrame=CFrame.new(hrp.Position,hrp.Position+lookDir.Unit) end task.wait(0.0375)
cam.CFrame=CFrame.new(94.354,254.317,-271.125,-0.962399,-0.083332,0.258544,0.000000,0.951783,0.306772,-0.271641,0.295237,-0.915995) cam.FieldOfView=70.00 hum:Move(Vector3.new(-0.355,0,0.935),true) hrp.AssemblyLinearVelocity=Vector3.new(-13.501,0.313,35.520) hrp.CFrame=CFrame.new(90.897,248.988,-259.083) local lookDir=cam.CFrame.LookVector*Vector3.new(1,0,1) if lookDir.Magnitude>0.01 then hrp.CFrame=CFrame.new(hrp.Position,hrp.Position+lookDir.Unit) end task.wait(0.0408)
cam.CFrame=CFrame.new(94.129,254.323,-270.533,-0.962399,-0.083332,0.258544,0.000000,0.951783,0.306772,-0.271641,0.295237,-0.915995) cam.FieldOfView=70.00 hum:Move(Vector3.new(-0.358,0,0.934),true) hrp.AssemblyLinearVelocity=Vector3.new(-13.619,0.160,35.475) hrp.CFrame=CFrame.new(90.387,248.996,-257.752) local lookDir=cam.CFrame.LookVector*Vector3.new(1,0,1) if lookDir.Magnitude>0.01 then hrp.CFrame=CFrame.new(hrp.Position,hrp.Position+lookDir.Unit) end task.wait(0.0378)
cam.CFrame=CFrame.new(93.730,254.331,-269.170,-0.959707,-0.086204,0.267454,0.000000,0.951783,0.306772,-0.281003,0.294412,-0.913433) cam.FieldOfView=70.00 hum:Move(Vector3.new(-0.361,0,0.932),true) hrp.AssemblyLinearVelocity=Vector3.new(-13.736,0.022,35.431) hrp.CFrame=CFrame.new(89.986,248.998,-256.719) local lookDir=cam.CFrame.LookVector*Vector3.new(1,0,1) if lookDir.Magnitude>0.01 then hrp.CFrame=CFrame.new(hrp.Position,hrp.Position+lookDir.Unit) end task.wait(0.0330)
cam.CFrame=CFrame.new(93.330,254.332,-268.137,-0.959707,-0.086204,0.267454,0.000000,0.951783,0.306772,-0.281003,0.294412,-0.913433) cam.FieldOfView=70.00 hum:Move(Vector3.new(-0.372,0,0.928),true) hrp.AssemblyLinearVelocity=Vector3.new(-14.150,0.008,35.267) hrp.CFrame=CFrame.new(89.634,248.998,-255.837) local lookDir=cam.CFrame.LookVector*Vector3.new(1,0,1) if lookDir.Magnitude>0.01 then hrp.CFrame=CFrame.new(hrp.Position,hrp.Position+lookDir.Unit) end task.wait(0.0330)
cam.CFrame=CFrame.new(92.977,254.332,-267.255,-0.959707,-0.086204,0.267454,0.000000,0.951783,0.306772,-0.281003,0.294412,-0.913433) cam.FieldOfView=70.00 hum:Move(Vector3.new(-0.380,0,0.925),true) hrp.AssemblyLinearVelocity=Vector3.new(-14.430,0.003,35.154) hrp.CFrame=CFrame.new(89.214,248.998,-254.811) local lookDir=cam.CFrame.LookVector*Vector3.new(1,0,1) if lookDir.Magnitude>0.01 then hrp.CFrame=CFrame.new(hrp.Position,hrp.Position+lookDir.Unit) end task.wait(0.0330)
cam.CFrame=CFrame.new(92.557,254.333,-266.229,-0.959707,-0.086204,0.267454,0.000000,0.951783,0.306772,-0.281003,0.294412,-0.913433) cam.FieldOfView=70.00 hum:Move(Vector3.new(-0.380,0,0.925),true) hrp.AssemblyLinearVelocity=Vector3.new(-14.429,0.001,35.154) hrp.CFrame=CFrame.new(88.853,248.998,-253.932) local lookDir=cam.CFrame.LookVector*Vector3.new(1,0,1) if lookDir.Magnitude>0.01 then hrp.CFrame=CFrame.new(hrp.Position,hrp.Position+lookDir.Unit) end task.wait(0.0330)
cam.CFrame=CFrame.new(92.196,254.333,-265.350,-0.959707,-0.086204,0.267454,0.000000,0.951783,0.306772,-0.281003,0.294412,-0.913433) cam.FieldOfView=70.00 hum:Move(Vector3.new(-0.380,0,0.925),true) hrp.AssemblyLinearVelocity=Vector3.new(-14.428,0.001,35.154) hrp.CFrame=CFrame.new(88.613,248.998,-253.346) local lookDir=cam.CFrame.LookVector*Vector3.new(1,0,1) if lookDir.Magnitude>0.01 then hrp.CFrame=CFrame.new(hrp.Position,hrp.Position+lookDir.Unit) end task.wait(0.0453)
cam.CFrame=CFrame.new(91.495,254.333,-263.257,-0.956190,-0.089807,0.278632,0.000000,0.951783,0.306772,-0.292747,0.293333,-0.910085) cam.FieldOfView=70.00 hum:Move(Vector3.new(-0.380,0,0.925),true) hrp.AssemblyLinearVelocity=Vector3.new(-14.427,0.001,35.155) hrp.CFrame=CFrame.new(87.771,248.998,-251.295) local lookDir=cam.CFrame.LookVector*Vector3.new(1,0,1) if lookDir.Magnitude>0.01 then hrp.CFrame=CFrame.new(hrp.Position,hrp.Position+lookDir.Unit) end task.wait(0.0330)
cam.CFrame=CFrame.new(90.822,254.333,-261.651,-0.956190,-0.089807,0.278632,0.000000,0.951783,0.306772,-0.292747,0.293333,-0.910085) cam.FieldOfView=70.00 hum:Move(Vector3.new(-0.391,0,0.920),true) hrp.AssemblyLinearVelocity=Vector3.new(-14.858,0.001,34.975) hrp.CFrame=CFrame.new(87.030,248.998,-249.546) local lookDir=cam.CFrame.LookVector*Vector3.new(1,0,1) if lookDir.Magnitude>0.01 then hrp.CFrame=CFrame.new(hrp.Position,hrp.Position+lookDir.Unit) end task.wait(0.0492)
cam.CFrame=CFrame.new(90.327,254.333,-260.485,-0.956190,-0.089807,0.278632,0.000000,0.951783,0.306772,-0.292747,0.293333,-0.910085) cam.FieldOfView=70.00 hum:Move(Vector3.new(-0.391,0,0.920),true) hrp.AssemblyLinearVelocity=Vector3.new(-14.857,0.001,34.975) hrp.CFrame=CFrame.new(86.658,248.998,-248.672) local lookDir=cam.CFrame.LookVector*Vector3.new(1,0,1) if lookDir.Magnitude>0.01 then hrp.CFrame=CFrame.new(hrp.Position,hrp.Position+lookDir.Unit) end task.wait(0.0330)
cam.CFrame=CFrame.new(89.894,254.333,-259.465,-0.956190,-0.089807,0.278632,0.000000,0.951783,0.306772,-0.292747,0.293333,-0.910085) cam.FieldOfView=70.00 hum:Move(Vector3.new(-0.391,0,0.920),true) hrp.AssemblyLinearVelocity=Vector3.new(-14.857,-0.007,34.975) hrp.CFrame=CFrame.new(86.163,248.998,-247.506) local lookDir=cam.CFrame.LookVector*Vector3.new(1,0,1) if lookDir.Magnitude>0.01 then hrp.CFrame=CFrame.new(hrp.Position,hrp.Position+lookDir.Unit) end task.wait(0.0330)
cam.CFrame=CFrame.new(89.398,254.332,-258.299,-0.956190,-0.089807,0.278632,0.000000,0.951783,0.306772,-0.292747,0.293333,-0.910085) cam.FieldOfView=70.00 hum:Move(Vector3.new(-0.393,0,0.919),true) hrp.AssemblyLinearVelocity=Vector3.new(-14.944,-0.034,34.938) hrp.CFrame=CFrame.new(85.667,248.997,-246.340) local lookDir=cam.CFrame.LookVector*Vector3.new(1,0,1) if lookDir.Magnitude>0.01 then hrp.CFrame=CFrame.new(hrp.Position,hrp.Position+lookDir.Unit) end task.wait(0.0338)
cam.CFrame=CFrame.new(88.896,254.331,-257.136,-0.956190,-0.089807,0.278632,0.000000,0.951783,0.306772,-0.292747,0.293333,-0.910085) cam.FieldOfView=70.00 hum:Move(Vector3.new(-0.414,0,0.910),true) hrp.AssemblyLinearVelocity=Vector3.new(-15.724,-0.045,34.594) hrp.CFrame=CFrame.new(85.152,248.996,-245.183) local lookDir=cam.CFrame.LookVector*Vector3.new(1,0,1) if lookDir.Magnitude>0.01 then hrp.CFrame=CFrame.new(hrp.Position,hrp.Position+lookDir.Unit) end task.wait(0.0374)
cam.CFrame=CFrame.new(88.252,254.329,-255.858,-0.957249,-0.088739,0.275318,0.000000,0.951783,0.306772,-0.289266,0.293658,-0.911093) cam.FieldOfView=70.00 hum:Move(Vector3.new(-0.451,0,0.893),true) hrp.AssemblyLinearVelocity=Vector3.new(-17.121,-0.111,33.925) hrp.CFrame=CFrame.new(84.527,248.993,-243.903) local lookDir=cam.CFrame.LookVector*Vector3.new(1,0,1) if lookDir.Magnitude>0.01 then hrp.CFrame=CFrame.new(hrp.Position,hrp.Position+lookDir.Unit) end task.wait(0.0358)
cam.CFrame=CFrame.new(86.291,254.324,-254.915,-0.983462,-0.055561,0.172380,0.000000,0.951783,0.306772,-0.181113,0.301699,-0.936043) cam.FieldOfView=70.00 hum:Move(Vector3.new(-0.459,0,0.889),true) hrp.AssemblyLinearVelocity=Vector3.new(-17.446,-0.244,33.758) hrp.CFrame=CFrame.new(83.770,248.984,-242.513) local lookDir=cam.CFrame.LookVector*Vector3.new(1,0,1) if lookDir.Magnitude>0.01 then hrp.CFrame=CFrame.new(hrp.Position,hrp.Position+lookDir.Unit) end task.wait(0.0441)
cam.CFrame=CFrame.new(85.186,254.314,-253.576,-0.988632,-0.046125,0.143105,0.000000,0.951783,0.306772,-0.150355,0.303285,-0.940963) cam.FieldOfView=70.00 hum:Move(Vector3.new(-0.485,0,0.874),true) hrp.AssemblyLinearVelocity=Vector3.new(-18.448,-0.181,33.222) hrp.CFrame=CFrame.new(83.014,248.976,-241.121) local lookDir=cam.CFrame.LookVector*Vector3.new(1,0,1) if lookDir.Magnitude>0.01 then hrp.CFrame=CFrame.new(hrp.Position,hrp.Position+lookDir.Unit) end task.wait(0.0401)
cam.CFrame=CFrame.new(84.019,254.307,-252.256,-0.992934,-0.036405,0.112950,0.000000,0.951783,0.306772,-0.118672,0.304605,-0.945057) cam.FieldOfView=70.00 hum:Move(Vector3.new(-0.518,0,0.856),true) hrp.AssemblyLinearVelocity=Vector3.new(-19.681,-0.214,32.507) hrp.CFrame=CFrame.new(82.279,248.969,-239.901) local lookDir=cam.CFrame.LookVector*Vector3.new(1,0,1) if lookDir.Magnitude>0.01 then hrp.CFrame=CFrame.new(hrp.Position,hrp.Position+lookDir.Unit) end task.wait(0.0376)
cam.CFrame=CFrame.new(83.087,254.297,-251.060,-0.994707,-0.031521,0.097795,0.000000,0.951783,0.306772,-0.102749,0.305149,-0.946746) cam.FieldOfView=70.00 hum:Move(Vector3.new(-0.543,0,0.840),true) hrp.AssemblyLinearVelocity=Vector3.new(-20.638,-0.398,31.906) hrp.CFrame=CFrame.new(81.523,248.956,-238.693) local lookDir=cam.CFrame.LookVector*Vector3.new(1,0,1) if lookDir.Magnitude>0.01 then hrp.CFrame=CFrame.new(hrp.Position,hrp.Position+lookDir.Unit) end task.wait(0.0335)
cam.CFrame=CFrame.new(82.322,254.289,-250.012,-0.995253,-0.029856,0.092630,0.000000,0.951783,0.306772,-0.097322,0.305316,-0.947265) cam.FieldOfView=70.00 hum:Move(Vector3.new(-0.597,0,0.802),true) hrp.AssemblyLinearVelocity=Vector3.new(-22.676,0.074,30.495) hrp.CFrame=CFrame.new(80.788,248.954,-237.661) local lookDir=cam.CFrame.LookVector*Vector3.new(1,0,1) if lookDir.Magnitude>0.01 then hrp.CFrame=CFrame.new(hrp.Position,hrp.Position+lookDir.Unit) end task.wait(0.0351)
cam.CFrame=CFrame.new(81.437,254.411,-248.975,-0.996160,-0.027693,0.083051,0.000000,0.948650,0.316326,-0.087547,0.315112,-0.945008) cam.FieldOfView=70.00 hum:Move(Vector3.new(-0.633,0,0.774),true) hrp.AssemblyLinearVelocity=Vector3.new(-24.063,0.282,29.413) hrp.CFrame=CFrame.new(79.799,248.964,-236.426) local lookDir=cam.CFrame.LookVector*Vector3.new(1,0,1) if lookDir.Magnitude>0.01 then hrp.CFrame=CFrame.new(hrp.Position,hrp.Position+lookDir.Unit) end task.wait(0.0439)
cam.CFrame=CFrame.new(80.548,254.634,-248.185,-0.997974,-0.021227,0.059972,0.000000,0.942693,0.333662,-0.063618,0.332986,-0.940783) cam.FieldOfView=70.00 hum:Move(Vector3.new(-0.645,0,0.764),true) hrp.AssemblyLinearVelocity=Vector3.new(-24.544,0.238,29.013) hrp.CFrame=CFrame.new(79.085,248.971,-235.578) local lookDir=cam.CFrame.LookVector*Vector3.new(1,0,1) if lookDir.Magnitude>0.01 then hrp.CFrame=CFrame.new(hrp.Position,hrp.Position+lookDir.Unit) end task.wait(0.0330)
cam.CFrame=CFrame.new(79.252,254.729,-246.702,-0.998369,-0.019430,0.053676,0.000000,0.940289,0.340376,-0.057085,0.339821,-0.938756) cam.FieldOfView=70.00 hum:Move(Vector3.new(-0.642,0,0.767),true) hrp.AssemblyLinearVelocity=Vector3.new(-24.405,0.159,29.128) hrp.CFrame=CFrame.new(78.175,248.977,-234.481) local lookDir=cam.CFrame.LookVector*Vector3.new(1,0,1) if lookDir.Magnitude>0.01 then hrp.CFrame=CFrame.new(hrp.Position,hrp.Position+lookDir.Unit) end task.wait(0.0393)
cam.CFrame=CFrame.new(78.029,254.737,-245.248,-0.998369,-0.019430,0.053676,0.000000,0.940289,0.340376,-0.057085,0.339821,-0.938756) cam.FieldOfView=70.00 hum:Move(Vector3.new(-0.648,0,0.761),true) hrp.AssemblyLinearVelocity=Vector3.new(-24.639,0.166,28.930) hrp.CFrame=CFrame.new(76.948,248.985,-233.031) local lookDir=cam.CFrame.LookVector*Vector3.new(1,0,1) if lookDir.Magnitude>0.01 then hrp.CFrame=CFrame.new(hrp.Position,hrp.Position+lookDir.Unit) end task.wait(0.0470)
cam.CFrame=CFrame.new(77.208,254.743,-244.283,-0.998369,-0.019430,0.053676,0.000000,0.940289,0.340376,-0.057085,0.339821,-0.938756) cam.FieldOfView=70.00 hum:Move(Vector3.new(-0.649,0,0.761),true) hrp.AssemblyLinearVelocity=Vector3.new(-24.666,0.168,28.907) hrp.CFrame=CFrame.new(76.229,248.990,-232.187) local lookDir=cam.CFrame.LookVector*Vector3.new(1,0,1) if lookDir.Magnitude>0.01 then hrp.CFrame=CFrame.new(hrp.Position,hrp.Position+lookDir.Unit) end task.wait(0.0330)
cam.CFrame=CFrame.new(76.077,254.744,-242.958,-0.998369,-0.019430,0.053676,0.000000,0.940289,0.340376,-0.057085,0.339821,-0.938756) cam.FieldOfView=70.00 hum:Move(Vector3.new(-0.648,0,0.762),true) hrp.AssemblyLinearVelocity=Vector3.new(-24.610,-0.478,28.950) hrp.CFrame=CFrame.new(74.996,248.981,-230.741) local lookDir=cam.CFrame.LookVector*Vector3.new(1,0,1) if lookDir.Magnitude>0.01 then hrp.CFrame=CFrame.new(hrp.Position,hrp.Position+lookDir.Unit) end task.wait(0.0482)
cam.CFrame=CFrame.new(75.258,254.728,-241.993,-0.998369,-0.019430,0.053676,0.000000,0.940289,0.340376,-0.057085,0.339821,-0.938756) cam.FieldOfView=70.00 hum:Move(Vector3.new(-0.644,0,0.765),true) hrp.AssemblyLinearVelocity=Vector3.new(-24.478,-0.478,29.062) hrp.CFrame=CFrame.new(74.179,248.965,-229.774) local lookDir=cam.CFrame.LookVector*Vector3.new(1,0,1) if lookDir.Magnitude>0.01 then hrp.CFrame=CFrame.new(hrp.Position,hrp.Position+lookDir.Unit) end task.wait(0.0339)
cam.CFrame=CFrame.new(74.038,254.704,-240.536,-0.998369,-0.019430,0.053676,0.000000,0.940289,0.340376,-0.057085,0.339821,-0.938756) cam.FieldOfView=70.00 hum:Move(Vector3.new(-0.634,0,0.773),true) hrp.AssemblyLinearVelocity=Vector3.new(-24.103,-0.471,29.374) hrp.CFrame=CFrame.new(72.965,248.942,-228.312) local lookDir=cam.CFrame.LookVector*Vector3.new(1,0,1) if lookDir.Magnitude>0.01 then hrp.CFrame=CFrame.new(hrp.Position,hrp.Position+lookDir.Unit) end task.wait(0.0496)
cam.CFrame=CFrame.new(73.236,254.689,-239.556,-0.998369,-0.019430,0.053676,0.000000,0.940289,0.340376,-0.057085,0.339821,-0.938756) cam.FieldOfView=70.00 hum:Move(Vector3.new(-0.628,0,0.778),true) hrp.AssemblyLinearVelocity=Vector3.new(-23.857,-0.466,29.574) hrp.CFrame=CFrame.new(72.167,248.926,-227.329) local lookDir=cam.CFrame.LookVector*Vector3.new(1,0,1) if lookDir.Magnitude>0.01 then hrp.CFrame=CFrame.new(hrp.Position,hrp.Position+lookDir.Unit) end task.wait(0.0345)
cam.CFrame=CFrame.new(72.049,254.657,-238.073,-0.998369,-0.019430,0.053676,0.000000,0.940289,0.340376,-0.057085,0.339821,-0.938756) cam.FieldOfView=70.00 hum:Move(Vector3.new(-0.620,0,0.785),true) hrp.AssemblyLinearVelocity=Vector3.new(-23.534,-0.984,29.819) hrp.CFrame=CFrame.new(70.985,248.887,-225.842) local lookDir=cam.CFrame.LookVector*Vector3.new(1,0,1) if lookDir.Magnitude>0.01 then hrp.CFrame=CFrame.new(hrp.Position,hrp.Position+lookDir.Unit) end task.wait(0.0497)
cam.CFrame=CFrame.new(71.167,254.621,-236.954,-0.998369,-0.019430,0.053676,0.000000,0.940289,0.340376,-0.057085,0.339821,-0.938756) cam.FieldOfView=70.00 hum:Move(Vector3.new(-0.613,0,0.790),true) hrp.AssemblyLinearVelocity=Vector3.new(-23.291,-0.978,30.010) hrp.CFrame=CFrame.new(70.108,248.850,-224.720) local lookDir=cam.CFrame.LookVector*Vector3.new(1,0,1) if lookDir.Magnitude>0.01 then hrp.CFrame=CFrame.new(hrp.Position,hrp.Position+lookDir.Unit) end task.wait(0.0349)
cam.CFrame=CFrame.new(70.489,254.592,-236.078,-0.998369,-0.019430,0.053676,0.000000,0.940289,0.340376,-0.057085,0.339821,-0.938756) cam.FieldOfView=70.00 hum:Move(Vector3.new(-0.602,0,0.798),true) hrp.AssemblyLinearVelocity=Vector3.new(-22.886,-0.944,30.321) hrp.CFrame=CFrame.new(69.436,248.822,-223.838) local lookDir=cam.CFrame.LookVector*Vector3.new(1,0,1) if lookDir.Magnitude>0.01 then hrp.CFrame=CFrame.new(hrp.Position,hrp.Position+lookDir.Unit) end task.wait(0.0330)
cam.CFrame=CFrame.new(69.354,254.547,-234.555,-0.998369,-0.019430,0.053676,0.000000,0.940289,0.340376,-0.057085,0.339821,-0.938756) cam.FieldOfView=70.00 hum:Move(Vector3.new(-0.590,0,0.807),true) hrp.AssemblyLinearVelocity=Vector3.new(-22.412,-0.852,30.676) hrp.CFrame=CFrame.new(68.309,248.778,-222.309) local lookDir=cam.CFrame.LookVector*Vector3.new(1,0,1) if lookDir.Magnitude>0.01 then hrp.CFrame=CFrame.new(hrp.Position,hrp.Position+lookDir.Unit) end task.wait(0.0496)
cam.CFrame=CFrame.new(68.607,254.518,-233.532,-0.998369,-0.019430,0.053676,0.000000,0.940289,0.340376,-0.057085,0.339821,-0.938756) cam.FieldOfView=70.00 hum:Move(Vector3.new(-0.588,0,0.809),true) hrp.AssemblyLinearVelocity=Vector3.new(-22.343,-0.952,30.723) hrp.CFrame=CFrame.new(67.564,248.748,-221.286) local lookDir=cam.CFrame.LookVector*Vector3.new(1,0,1) if lookDir.Magnitude>0.01 then hrp.CFrame=CFrame.new(hrp.Position,hrp.Position+lookDir.Unit) end task.wait(0.0338)
cam.CFrame=CFrame.new(67.863,254.486,-232.508,-0.998369,-0.019430,0.053676,0.000000,0.940289,0.340376,-0.057085,0.339821,-0.938756) cam.FieldOfView=70.00 hum:Move(Vector3.new(-0.585,0,0.811),true) hrp.AssemblyLinearVelocity=Vector3.new(-22.207,-1.015,30.820) hrp.CFrame=CFrame.new(66.822,248.715,-220.260) local lookDir=cam.CFrame.LookVector*Vector3.new(1,0,1) if lookDir.Magnitude>0.01 then hrp.CFrame=CFrame.new(hrp.Position,hrp.Position+lookDir.Unit) end task.wait(0.0330)
cam.CFrame=CFrame.new(66.757,254.438,-230.964,-0.998369,-0.019430,0.053676,0.000000,0.940289,0.340376,-0.057085,0.339821,-0.938756) cam.FieldOfView=70.00 hum:Move(Vector3.new(-0.577,0,0.816),true) hrp.AssemblyLinearVelocity=Vector3.new(-21.932,-0.851,31.021) hrp.CFrame=CFrame.new(65.720,248.669,-218.712) local lookDir=cam.CFrame.LookVector*Vector3.new(1,0,1) if lookDir.Magnitude>0.01 then hrp.CFrame=CFrame.new(hrp.Position,hrp.Position+lookDir.Unit) end task.wait(0.0490)
cam.CFrame=CFrame.new(66.027,254.409,-229.929,-0.998369,-0.019430,0.053676,0.000000,0.940289,0.340376,-0.057085,0.339821,-0.938756) cam.FieldOfView=70.00 hum:Move(Vector3.new(-0.571,0,0.821),true) hrp.AssemblyLinearVelocity=Vector3.new(-21.683,-0.836,31.196) hrp.CFrame=CFrame.new(64.994,248.641,-217.674) local lookDir=cam.CFrame.LookVector*Vector3.new(1,0,1) if lookDir.Magnitude>0.01 then hrp.CFrame=CFrame.new(hrp.Position,hrp.Position+lookDir.Unit) end task.wait(0.0330)
cam.CFrame=CFrame.new(65.308,254.382,-228.887,-0.998369,-0.019430,0.053676,0.000000,0.940289,0.340376,-0.057085,0.339821,-0.938756) cam.FieldOfView=70.00 hum:Move(Vector3.new(-0.557,0,0.830),true) hrp.AssemblyLinearVelocity=Vector3.new(-21.169,-0.808,31.548) hrp.CFrame=CFrame.new(64.283,248.614,-216.627) local lookDir=cam.CFrame.LookVector*Vector3.new(1,0,1) if lookDir.Magnitude>0.01 then hrp.CFrame=CFrame.new(hrp.Position,hrp.Position+lookDir.Unit) end task.wait(0.0332)
cam.CFrame=CFrame.new(64.605,254.355,-227.833,-0.998369,-0.019430,0.053676,0.000000,0.940289,0.340376,-0.057085,0.339821,-0.938756) cam.FieldOfView=70.00 hum:Move(Vector3.new(-0.543,0,0.840),true) hrp.AssemblyLinearVelocity=Vector3.new(-20.637,-0.751,31.899) hrp.CFrame=CFrame.new(63.590,248.588,-215.567) local lookDir=cam.CFrame.LookVector*Vector3.new(1,0,1) if lookDir.Magnitude>0.01 then hrp.CFrame=CFrame.new(hrp.Position,hrp.Position+lookDir.Unit) end task.wait(0.0366)
cam.CFrame=CFrame.new(63.834,254.329,-226.635,-0.998369,-0.019430,0.053676,0.000000,0.940289,0.340376,-0.057085,0.339821,-0.938756) cam.FieldOfView=70.00 hum:Move(Vector3.new(-0.533,0,0.846),true) hrp.AssemblyLinearVelocity=Vector3.new(-20.231,-0.663,32.160) hrp.CFrame=CFrame.new(62.825,248.563,-214.365) local lookDir=cam.CFrame.LookVector*Vector3.new(1,0,1) if lookDir.Magnitude>0.01 then hrp.CFrame=CFrame.new(hrp.Position,hrp.Position+lookDir.Unit) end task.wait(0.0378)
cam.CFrame=CFrame.new(63.077,254.304,-225.428,-0.998369,-0.019430,0.053676,0.000000,0.940289,0.340376,-0.057085,0.339821,-0.938756) cam.FieldOfView=70.00 hum:Move(Vector3.new(-0.527,0,0.850),true) hrp.AssemblyLinearVelocity=Vector3.new(-20.011,-0.650,32.298) hrp.CFrame=CFrame.new(61.989,248.535,-213.021) local lookDir=cam.CFrame.LookVector*Vector3.new(1,0,1) if lookDir.Magnitude>0.01 then hrp.CFrame=CFrame.new(hrp.Position,hrp.Position+lookDir.Unit) end task.wait(0.0395)
cam.CFrame=CFrame.new(62.246,254.277,-224.080,-0.998369,-0.019430,0.053676,0.000000,0.940289,0.340376,-0.057085,0.339821,-0.938756) cam.FieldOfView=70.00 hum:Move(Vector3.new(-0.514,0,0.858),true) hrp.AssemblyLinearVelocity=Vector3.new(-19.542,-0.555,32.586) hrp.CFrame=CFrame.new(61.249,248.513,-211.803) local lookDir=cam.CFrame.LookVector*Vector3.new(1,0,1) if lookDir.Magnitude>0.01 then hrp.CFrame=CFrame.new(hrp.Position,hrp.Position+lookDir.Unit) end task.wait(0.0383)
cam.CFrame=CFrame.new(61.920,254.267,-223.538,-0.998369,-0.019430,0.053676,0.000000,0.940289,0.340376,-0.057085,0.339821,-0.938756) cam.FieldOfView=70.00 hum:Move(Vector3.new(-0.512,0,0.859),true) hrp.AssemblyLinearVelocity=Vector3.new(-19.452,-0.409,32.642) hrp.CFrame=CFrame.new(60.843,248.504,-211.123) local lookDir=cam.CFrame.LookVector*Vector3.new(1,0,1) if lookDir.Magnitude>0.01 then hrp.CFrame=CFrame.new(hrp.Position,hrp.Position+lookDir.Unit) end task.wait(0.0330)
cam.CFrame=CFrame.new(58.984,254.253,-222.105,-0.992298,0.042163,-0.116477,0.000000,0.940289,0.340376,0.123873,0.337754,-0.933047) cam.FieldOfView=70.00 hum:Move(Vector3.new(-0.462,0,0.887),true) hrp.AssemblyLinearVelocity=Vector3.new(-17.537,-0.150,33.712) hrp.CFrame=CFrame.new(59.997,248.494,-209.602) local lookDir=cam.CFrame.LookVector*Vector3.new(1,0,1) if lookDir.Magnitude>0.01 then hrp.CFrame=CFrame.new(hrp.Position,hrp.Position+lookDir.Unit) end task.wait(0.0441)
cam.CFrame=CFrame.new(57.616,254.254,-220.285,-0.984648,0.059414,-0.164131,0.000000,0.940289,0.340376,0.174554,0.335150,-0.925854) cam.FieldOfView=70.00 hum:Move(Vector3.new(-0.296,0,0.955),true) hrp.AssemblyLinearVelocity=Vector3.new(-11.249,0.367,36.303) hrp.CFrame=CFrame.new(59.477,248.506,-208.108) local lookDir=cam.CFrame.LookVector*Vector3.new(1,0,1) if lookDir.Magnitude>0.01 then hrp.CFrame=CFrame.new(hrp.Position,hrp.Position+lookDir.Unit) end task.wait(0.0424)
cam.CFrame=CFrame.new(57.114,254.260,-219.621,-0.979577,0.068440,-0.189065,0.000000,0.940289,0.340376,0.201071,0.333424,-0.921086) cam.FieldOfView=70.00 hum:Move(Vector3.new(-0.263,0,0.965),true) hrp.AssemblyLinearVelocity=Vector3.new(-9.959,0.531,36.664) hrp.CFrame=CFrame.new(59.224,248.515,-207.193) local lookDir=cam.CFrame.LookVector*Vector3.new(1,0,1) if lookDir.Magnitude>0.01 then hrp.CFrame=CFrame.new(hrp.Position,hrp.Position+lookDir.Unit) end task.wait(0.0330)
cam.CFrame=CFrame.new(56.516,254.296,-217.756,-0.977314,0.072090,-0.199148,0.000000,0.940289,0.340376,0.211794,0.332654,-0.918958) cam.FieldOfView=70.00 hum:Move(Vector3.new(-0.168,0,0.986),true) hrp.AssemblyLinearVelocity=Vector3.new(-6.326,1.500,37.441) hrp.CFrame=CFrame.new(58.841,248.577,-205.334) local lookDir=cam.CFrame.LookVector*Vector3.new(1,0,1) if lookDir.Magnitude>0.01 then hrp.CFrame=CFrame.new(hrp.Position,hrp.Position+lookDir.Unit) end task.wait(0.0487)
cam.CFrame=CFrame.new(56.352,254.331,-216.821,-0.977314,0.072090,-0.199148,0.000000,0.940289,0.340376,0.211794,0.332654,-0.918958) cam.FieldOfView=70.00 hum:Move(Vector3.new(-0.125,0,0.992),true) hrp.AssemblyLinearVelocity=Vector3.new(-4.714,1.606,37.676) hrp.CFrame=CFrame.new(58.738,248.609,-204.550) local lookDir=cam.CFrame.LookVector*Vector3.new(1,0,1) if lookDir.Magnitude>0.01 then hrp.CFrame=CFrame.new(hrp.Position,hrp.Position+lookDir.Unit) end task.wait(0.0330)
cam.CFrame=CFrame.new(56.175,254.406,-215.092,-0.977314,0.072090,-0.199148,0.000000,0.940289,0.340376,0.211794,0.332654,-0.918958) cam.FieldOfView=70.00 hum:Move(Vector3.new(0.046,0,0.999),true) hrp.AssemblyLinearVelocity=Vector3.new(1.753,1.901,37.916) hrp.CFrame=CFrame.new(58.689,248.689,-202.815) local lookDir=cam.CFrame.LookVector*Vector3.new(1,0,1) if lookDir.Magnitude>0.01 then hrp.CFrame=CFrame.new(hrp.Position,hrp.Position+lookDir.Unit) end task.wait(0.0380)
cam.CFrame=CFrame.new(56.251,254.477,-213.672,-0.977314,0.072090,-0.199148,0.000000,0.940289,0.340376,0.211794,0.332654,-0.918958) cam.FieldOfView=70.00 hum:Move(Vector3.new(0.112,0,0.994),true) hrp.AssemblyLinearVelocity=Vector3.new(4.292,1.928,37.725) hrp.CFrame=CFrame.new(58.809,248.754,-201.556) local lookDir=cam.CFrame.LookVector*Vector3.new(1,0,1) if lookDir.Magnitude>0.01 then hrp.CFrame=CFrame.new(hrp.Position,hrp.Position+lookDir.Unit) end task.wait(0.0361)
cam.CFrame=CFrame.new(56.438,254.556,-212.101,-0.977314,0.072090,-0.199148,0.000000,0.940289,0.340376,0.211794,0.332654,-0.918958) cam.FieldOfView=70.00 hum:Move(Vector3.new(0.138,0,0.990),true) hrp.AssemblyLinearVelocity=Vector3.new(5.262,1.765,37.608) hrp.CFrame=CFrame.new(59.013,248.831,-199.988) local lookDir=cam.CFrame.LookVector*Vector3.new(1,0,1) if lookDir.Magnitude>0.01 then hrp.CFrame=CFrame.new(hrp.Position,hrp.Position+lookDir.Unit) end task.wait(0.0428)
cam.CFrame=CFrame.new(56.613,254.613,-210.848,-0.977314,0.072090,-0.199148,0.000000,0.940289,0.340376,0.211794,0.332654,-0.918958) cam.FieldOfView=70.00 hum:Move(Vector3.new(0.141,0,0.990),true) hrp.AssemblyLinearVelocity=Vector3.new(5.399,1.260,37.608) hrp.CFrame=CFrame.new(59.214,248.887,-198.577) local lookDir=cam.CFrame.LookVector*Vector3.new(1,0,1) if lookDir.Magnitude>0.01 then hrp.CFrame=CFrame.new(hrp.Position,hrp.Position+lookDir.Unit) end task.wait(0.0341)
cam.CFrame=CFrame.new(56.792,254.655,-209.594,-0.977314,0.072090,-0.199148,0.000000,0.940289,0.340376,0.211794,0.332654,-0.918958) cam.FieldOfView=70.00 hum:Move(Vector3.new(0.141,0,0.990),true) hrp.AssemblyLinearVelocity=Vector3.new(5.392,0.773,37.615) hrp.CFrame=CFrame.new(59.371,248.915,-197.480) local lookDir=cam.CFrame.LookVector*Vector3.new(1,0,1) if lookDir.Magnitude>0.01 then hrp.CFrame=CFrame.new(hrp.Position,hrp.Position+lookDir.Unit) end task.wait(0.0330)
cam.CFrame=CFrame.new(56.971,254.681,-208.340,-0.977314,0.072090,-0.199148,0.000000,0.940289,0.340376,0.211794,0.332654,-0.918958) cam.FieldOfView=70.00 hum:Move(Vector3.new(0.141,0,0.990),true) hrp.AssemblyLinearVelocity=Vector3.new(5.384,0.555,37.615) hrp.CFrame=CFrame.new(59.617,248.943,-195.756) local lookDir=cam.CFrame.LookVector*Vector3.new(1,0,1) if lookDir.Magnitude>0.01 then hrp.CFrame=CFrame.new(hrp.Position,hrp.Position+lookDir.Unit) end task.wait(0.0558)
cam.CFrame=CFrame.new(57.127,254.698,-207.243,-0.977314,0.072090,-0.199148,0.000000,0.940289,0.340376,0.211794,0.332654,-0.918958) cam.FieldOfView=70.00 hum:Move(Vector3.new(0.141,0,0.990),true) hrp.AssemblyLinearVelocity=Vector3.new(5.380,0.373,37.616) hrp.CFrame=CFrame.new(59.818,248.959,-194.346) local lookDir=cam.CFrame.LookVector*Vector3.new(1,0,1) if lookDir.Magnitude>0.01 then hrp.CFrame=CFrame.new(hrp.Position,hrp.Position+lookDir.Unit) end task.wait(0.0330)
