-- V23 Full Path (450 acts) - 20260126_180647
local cam=workspace.CurrentCamera plr=game.Players.LocalPlayer char=plr.Character or plr.CharacterAdded:Wait() local hum=char:WaitForChild('Humanoid',5) hrp=char:WaitForChild('HumanoidRootPart',5) if not(hum and hrp)then return end hum.AutoRotate=false cam.CameraType=Enum.CameraType.Scriptable task.wait(1.5)

cam.CFrame=CFrame.new(52.224,253.227,-260.196,-0.999999,-0.000377,0.001652,0.000000,0.974955,0.222401,-0.001694,0.222401,-0.974954) cam.FieldOfView=70.00 hum:Move(Vector3.zero,true) hrp.AssemblyLinearVelocity=Vector3.new(0.000,0.001,-0.000) hrp.CFrame=CFrame.new(52.203,248.947,-248.009) local lookDir=cam.CFrame.LookVector*Vector3.new(1,0,1) if lookDir.Magnitude>0.01 then hrp.CFrame=CFrame.new(hrp.Position,hrp.Position+lookDir.Unit) end task.wait(0.0000)
cam.CFrame=CFrame.new(52.289,253.227,-259.935,-0.999999,-0.000377,0.001652,0.000000,0.974955,0.222401,-0.001694,0.222401,-0.974954) cam.FieldOfView=70.00 hum:Move(Vector3.new(0.276,0,0.961),true) hrp.AssemblyLinearVelocity=Vector3.new(10.524,0.040,36.350) hrp.CFrame=CFrame.new(52.428,248.948,-247.185) local lookDir=cam.CFrame.LookVector*Vector3.new(1,0,1) if lookDir.Magnitude>0.01 then hrp.CFrame=CFrame.new(hrp.Position,hrp.Position+lookDir.Unit) end task.wait(0.0334)
cam.CFrame=CFrame.new(52.625,253.226,-258.764,-0.999999,-0.000377,0.001652,0.000000,0.974955,0.222401,-0.001694,0.222401,-0.974954) cam.FieldOfView=70.00 hum:Move(Vector3.new(0.261,0,0.965),true) hrp.AssemblyLinearVelocity=Vector3.new(10.110,-0.146,36.782) hrp.CFrame=CFrame.new(52.771,248.943,-245.966) local lookDir=cam.CFrame.LookVector*Vector3.new(1,0,1) if lookDir.Magnitude>0.01 then hrp.CFrame=CFrame.new(hrp.Position,hrp.Position+lookDir.Unit) end task.wait(0.0338)
cam.CFrame=CFrame.new(52.907,253.221,-257.692,-0.999999,-0.000377,0.001652,0.000000,0.974955,0.222401,-0.001694,0.222401,-0.974954) cam.FieldOfView=70.00 hum:Move(Vector3.new(0.219,0,0.976),true) hrp.AssemblyLinearVelocity=Vector3.new(8.473,-0.141,37.121) hrp.CFrame=CFrame.new(53.061,248.938,-244.733) local lookDir=cam.CFrame.LookVector*Vector3.new(1,0,1) if lookDir.Magnitude>0.01 then hrp.CFrame=CFrame.new(hrp.Position,hrp.Position+lookDir.Unit) end task.wait(0.0330)
cam.CFrame=CFrame.new(53.180,253.215,-256.455,-0.999999,-0.000377,0.001652,0.000000,0.974955,0.222401,-0.001694,0.222401,-0.974954) cam.FieldOfView=70.00 hum:Move(Vector3.new(0.192,0,0.981),true) hrp.AssemblyLinearVelocity=Vector3.new(7.399,-0.573,37.307) hrp.CFrame=CFrame.new(53.313,248.923,-243.491) local lookDir=cam.CFrame.LookVector*Vector3.new(1,0,1) if lookDir.Magnitude>0.01 then hrp.CFrame=CFrame.new(hrp.Position,hrp.Position+lookDir.Unit) end task.wait(0.0334)
cam.CFrame=CFrame.new(53.450,253.186,-255.056,-0.999999,-0.000377,0.001652,0.000000,0.974955,0.222401,-0.001694,0.222401,-0.974954) cam.FieldOfView=70.00 hum:Move(Vector3.new(0.173,0,0.985),true) hrp.AssemblyLinearVelocity=Vector3.new(6.671,-1.350,37.406) hrp.CFrame=CFrame.new(53.513,248.890,-242.401) local lookDir=cam.CFrame.LookVector*Vector3.new(1,0,1) if lookDir.Magnitude>0.01 then hrp.CFrame=CFrame.new(hrp.Position,hrp.Position+lookDir.Unit) end task.wait(0.0331)
cam.CFrame=CFrame.new(53.663,253.142,-253.808,-0.999999,-0.000377,0.001652,0.000000,0.974955,0.222401,-0.001694,0.222401,-0.974954) cam.FieldOfView=70.00 hum:Move(Vector3.new(0.160,0,0.987),true) hrp.AssemblyLinearVelocity=Vector3.new(6.137,-1.366,37.486) hrp.CFrame=CFrame.new(53.719,248.845,-241.152) local lookDir=cam.CFrame.LookVector*Vector3.new(1,0,1) if lookDir.Magnitude>0.01 then hrp.CFrame=CFrame.new(hrp.Position,hrp.Position+lookDir.Unit) end task.wait(0.0334)
cam.CFrame=CFrame.new(53.865,253.096,-252.558,-0.999999,-0.000377,0.001652,0.000000,0.974955,0.222401,-0.001694,0.222401,-0.974954) cam.FieldOfView=70.00 hum:Move(Vector3.new(0.148,0,0.989),true) hrp.AssemblyLinearVelocity=Vector3.new(5.665,-1.562,37.548) hrp.CFrame=CFrame.new(53.915,248.797,-239.902) local lookDir=cam.CFrame.LookVector*Vector3.new(1,0,1) if lookDir.Magnitude>0.01 then hrp.CFrame=CFrame.new(hrp.Position,hrp.Position+lookDir.Unit) end task.wait(0.0340)
cam.CFrame=CFrame.new(54.114,253.019,-250.836,-0.999999,-0.000377,0.001652,0.000000,0.974955,0.222401,-0.001694,0.222401,-0.974954) cam.FieldOfView=70.00 hum:Move(Vector3.new(0.133,0,0.991),true) hrp.AssemblyLinearVelocity=Vector3.new(5.081,-1.891,37.613) hrp.CFrame=CFrame.new(54.200,248.700,-237.866) local lookDir=cam.CFrame.LookVector*Vector3.new(1,0,1) if lookDir.Magnitude>0.01 then hrp.CFrame=CFrame.new(hrp.Position,hrp.Position+lookDir.Unit) end task.wait(0.0501)
cam.CFrame=CFrame.new(53.842,254.017,-248.482,-0.999031,0.013661,-0.041830,0.000000,0.950590,0.310450,0.044004,0.310149,-0.949669) cam.FieldOfView=70.00 hum:Move(Vector3.new(0.150,0,0.989),true) hrp.AssemblyLinearVelocity=Vector3.new(5.703,-1.987,37.518) hrp.CFrame=CFrame.new(54.459,248.603,-235.986) local lookDir=cam.CFrame.LookVector*Vector3.new(1,0,1) if lookDir.Magnitude>0.01 then hrp.CFrame=CFrame.new(hrp.Position,hrp.Position+lookDir.Unit) end task.wait(0.0500)
cam.CFrame=CFrame.new(53.895,254.254,-247.121,-0.998406,0.018902,-0.053189,0.000000,0.942269,0.334856,0.056448,0.334323,-0.940767) cam.FieldOfView=70.00 hum:Move(Vector3.new(0.162,0,0.987),true) hrp.AssemblyLinearVelocity=Vector3.new(6.163,-2.173,37.435) hrp.CFrame=CFrame.new(54.663,248.532,-234.738) local lookDir=cam.CFrame.LookVector*Vector3.new(1,0,1) if lookDir.Magnitude>0.01 then hrp.CFrame=CFrame.new(hrp.Position,hrp.Position+lookDir.Unit) end task.wait(0.0330)
cam.CFrame=CFrame.new(54.026,254.292,-245.829,-0.998017,0.021638,-0.059111,0.000000,0.939061,0.343751,0.062947,0.343069,-0.937199) cam.FieldOfView=70.00 hum:Move(Vector3.new(0.158,0,0.988),true) hrp.AssemblyLinearVelocity=Vector3.new(5.994,-2.216,37.459) hrp.CFrame=CFrame.new(54.840,248.467,-233.646) local lookDir=cam.CFrame.LookVector*Vector3.new(1,0,1) if lookDir.Magnitude>0.01 then hrp.CFrame=CFrame.new(hrp.Position,hrp.Position+lookDir.Unit) end task.wait(0.0333)
cam.CFrame=CFrame.new(54.165,254.253,-244.563,-0.997681,0.023586,-0.063850,0.000000,0.938045,0.346513,0.068067,0.345709,-0.935870) cam.FieldOfView=70.00 hum:Move(Vector3.new(0.152,0,0.988),true) hrp.AssemblyLinearVelocity=Vector3.new(5.776,-2.208,37.494) hrp.CFrame=CFrame.new(55.036,248.394,-232.396) local lookDir=cam.CFrame.LookVector*Vector3.new(1,0,1) if lookDir.Magnitude>0.01 then hrp.CFrame=CFrame.new(hrp.Position,hrp.Position+lookDir.Unit) end task.wait(0.0335)
cam.CFrame=CFrame.new(54.277,254.204,-243.298,-0.997214,0.026000,-0.069917,0.000000,0.937290,0.348550,0.074595,0.347579,-0.934679) cam.FieldOfView=70.00 hum:Move(Vector3.new(0.141,0,0.990),true) hrp.AssemblyLinearVelocity=Vector3.new(5.367,-2.140,37.558) hrp.CFrame=CFrame.new(55.241,248.311,-230.989) local lookDir=cam.CFrame.LookVector*Vector3.new(1,0,1) if lookDir.Magnitude>0.01 then hrp.CFrame=CFrame.new(hrp.Position,hrp.Position+lookDir.Unit) end task.wait(0.0338)
cam.CFrame=CFrame.new(54.431,254.144,-242.202,-0.997214,0.026000,-0.069917,0.000000,0.937290,0.348550,0.074595,0.347579,-0.934679) cam.FieldOfView=70.00 hum:Move(Vector3.new(0.131,0,0.991),true) hrp.AssemblyLinearVelocity=Vector3.new(4.990,-1.823,37.627) hrp.CFrame=CFrame.new(55.410,248.248,-229.735) local lookDir=cam.CFrame.LookVector*Vector3.new(1,0,1) if lookDir.Magnitude>0.01 then hrp.CFrame=CFrame.new(hrp.Position,hrp.Position+lookDir.Unit) end task.wait(0.0336)
cam.CFrame=CFrame.new(54.699,254.048,-240.163,-0.997214,0.026000,-0.069917,0.000000,0.937290,0.348550,0.074595,0.347579,-0.934679) cam.FieldOfView=70.00 hum:Move(Vector3.new(0.126,0,0.992),true) hrp.AssemblyLinearVelocity=Vector3.new(4.793,-1.608,37.662) hrp.CFrame=CFrame.new(55.653,248.164,-227.852) local lookDir=cam.CFrame.LookVector*Vector3.new(1,0,1) if lookDir.Magnitude>0.01 then hrp.CFrame=CFrame.new(hrp.Position,hrp.Position+lookDir.Unit) end task.wait(0.0494)
cam.CFrame=CFrame.new(54.859,254.001,-238.908,-0.997214,0.026000,-0.069917,0.000000,0.937290,0.348550,0.074595,0.347579,-0.934679) cam.FieldOfView=70.00 hum:Move(Vector3.new(0.125,0,0.992),true) hrp.AssemblyLinearVelocity=Vector3.new(4.733,-0.853,37.694) hrp.CFrame=CFrame.new(55.792,248.132,-226.753) local lookDir=cam.CFrame.LookVector*Vector3.new(1,0,1) if lookDir.Magnitude>0.01 then hrp.CFrame=CFrame.new(hrp.Position,hrp.Position+lookDir.Unit) end task.wait(0.0333)
cam.CFrame=CFrame.new(55.017,253.997,-237.644,-0.997214,0.026114,-0.069875,0.000000,0.936722,0.350075,0.074595,0.349100,-0.934112) cam.FieldOfView=70.00 hum:Move(Vector3.new(0.124,0,0.992),true) hrp.AssemblyLinearVelocity=Vector3.new(4.722,-0.616,37.700) hrp.CFrame=CFrame.new(55.969,248.110,-225.339) local lookDir=cam.CFrame.LookVector*Vector3.new(1,0,1) if lookDir.Magnitude>0.01 then hrp.CFrame=CFrame.new(hrp.Position,hrp.Position+lookDir.Unit) end task.wait(0.0342)
cam.CFrame=CFrame.new(55.175,254.008,-236.376,-0.997214,0.026303,-0.069804,0.000000,0.935770,0.352612,0.074595,0.351630,-0.933162) cam.FieldOfView=70.00 hum:Move(Vector3.new(0.124,0,0.992),true) hrp.AssemblyLinearVelocity=Vector3.new(4.722,-0.362,37.703) hrp.CFrame=CFrame.new(56.127,248.096,-224.083) local lookDir=cam.CFrame.LookVector*Vector3.new(1,0,1) if lookDir.Magnitude>0.01 then hrp.CFrame=CFrame.new(hrp.Position,hrp.Position+lookDir.Unit) end task.wait(0.0330)
cam.CFrame=CFrame.new(55.333,254.015,-235.114,-0.997214,0.026379,-0.069775,0.000000,0.935387,0.353625,0.074595,0.352639,-0.932781) cam.FieldOfView=70.00 hum:Move(Vector3.new(0.124,0,0.992),true) hrp.AssemblyLinearVelocity=Vector3.new(4.723,0.083,37.705) hrp.CFrame=CFrame.new(56.264,248.095,-222.983) local lookDir=cam.CFrame.LookVector*Vector3.new(1,0,1) if lookDir.Magnitude>0.01 then hrp.CFrame=CFrame.new(hrp.Position,hrp.Position+lookDir.Unit) end task.wait(0.0330)
cam.CFrame=CFrame.new(55.491,254.019,-233.857,-0.997214,0.026379,-0.069775,0.000000,0.935387,0.353625,0.074595,0.352639,-0.932781) cam.FieldOfView=70.00 hum:Move(Vector3.new(0.124,0,0.992),true) hrp.AssemblyLinearVelocity=Vector3.new(4.717,0.271,37.705) hrp.CFrame=CFrame.new(56.441,248.103,-221.569) local lookDir=cam.CFrame.LookVector*Vector3.new(1,0,1) if lookDir.Magnitude>0.01 then hrp.CFrame=CFrame.new(hrp.Position,hrp.Position+lookDir.Unit) end task.wait(0.0338)
cam.CFrame=CFrame.new(55.707,254.032,-232.129,-0.997214,0.026379,-0.069775,0.000000,0.935387,0.353625,0.074595,0.352639,-0.932781) cam.FieldOfView=70.00 hum:Move(Vector3.new(0.127,0,0.992),true) hrp.AssemblyLinearVelocity=Vector3.new(4.835,0.396,37.688) hrp.CFrame=CFrame.new(56.679,248.120,-219.684) local lookDir=cam.CFrame.LookVector*Vector3.new(1,0,1) if lookDir.Magnitude>0.01 then hrp.CFrame=CFrame.new(hrp.Position,hrp.Position+lookDir.Unit) end task.wait(0.0501)
cam.CFrame=CFrame.new(55.890,254.048,-230.716,-0.997214,0.026379,-0.069775,0.000000,0.935387,0.353625,0.074595,0.352639,-0.932781) cam.FieldOfView=70.00 hum:Move(Vector3.new(0.136,0,0.991),true) hrp.AssemblyLinearVelocity=Vector3.new(5.169,0.606,37.639) hrp.CFrame=CFrame.new(56.848,248.137,-218.429) local lookDir=cam.CFrame.LookVector*Vector3.new(1,0,1) if lookDir.Magnitude>0.01 then hrp.CFrame=CFrame.new(hrp.Position,hrp.Position+lookDir.Unit) end task.wait(0.0332)
cam.CFrame=CFrame.new(56.134,254.077,-228.992,-0.997214,0.026379,-0.069775,0.000000,0.935387,0.353625,0.074595,0.352639,-0.932781) cam.FieldOfView=70.00 hum:Move(Vector3.new(0.148,0,0.989),true) hrp.AssemblyLinearVelocity=Vector3.new(5.641,0.740,37.571) hrp.CFrame=CFrame.new(57.124,248.172,-216.549) local lookDir=cam.CFrame.LookVector*Vector3.new(1,0,1) if lookDir.Magnitude>0.01 then hrp.CFrame=CFrame.new(hrp.Position,hrp.Position+lookDir.Unit) end task.wait(0.0508)
cam.CFrame=CFrame.new(56.346,254.105,-227.583,-0.997214,0.026379,-0.069775,0.000000,0.935387,0.353625,0.074595,0.352639,-0.932781) cam.FieldOfView=70.00 hum:Move(Vector3.new(0.150,0,0.989),true) hrp.AssemblyLinearVelocity=Vector3.new(5.703,0.877,37.556) hrp.CFrame=CFrame.new(57.313,248.199,-215.297) local lookDir=cam.CFrame.LookVector*Vector3.new(1,0,1) if lookDir.Magnitude>0.01 then hrp.CFrame=CFrame.new(hrp.Position,hrp.Position+lookDir.Unit) end task.wait(0.0330)
cam.CFrame=CFrame.new(56.632,254.152,-225.706,-0.997214,0.026379,-0.069775,0.000000,0.935387,0.353625,0.074595,0.352639,-0.932781) cam.FieldOfView=70.00 hum:Move(Vector3.new(0.150,0,0.989),true) hrp.AssemblyLinearVelocity=Vector3.new(5.711,1.100,37.552) hrp.CFrame=CFrame.new(57.599,248.250,-213.420) local lookDir=cam.CFrame.LookVector*Vector3.new(1,0,1) if lookDir.Magnitude>0.01 then hrp.CFrame=CFrame.new(hrp.Position,hrp.Position+lookDir.Unit) end task.wait(0.0508)
cam.CFrame=CFrame.new(56.917,254.205,-223.828,-0.997214,0.026379,-0.069775,0.000000,0.935387,0.353625,0.074595,0.352639,-0.932781) cam.FieldOfView=70.00 hum:Move(Vector3.new(0.150,0,0.989),true) hrp.AssemblyLinearVelocity=Vector3.new(5.683,1.123,37.551) hrp.CFrame=CFrame.new(57.884,248.303,-211.542) local lookDir=cam.CFrame.LookVector*Vector3.new(1,0,1) if lookDir.Magnitude>0.01 then hrp.CFrame=CFrame.new(hrp.Position,hrp.Position+lookDir.Unit) end task.wait(0.0501)
cam.CFrame=CFrame.new(57.107,254.244,-222.576,-0.997214,0.026379,-0.069775,0.000000,0.935387,0.353625,0.074595,0.352639,-0.932781) cam.FieldOfView=70.00 hum:Move(Vector3.new(0.149,0,0.989),true) hrp.AssemblyLinearVelocity=Vector3.new(5.665,1.539,37.531) hrp.CFrame=CFrame.new(58.073,248.348,-210.291) local lookDir=cam.CFrame.LookVector*Vector3.new(1,0,1) if lookDir.Magnitude>0.01 then hrp.CFrame=CFrame.new(hrp.Position,hrp.Position+lookDir.Unit) end task.wait(0.0330)
cam.CFrame=CFrame.new(57.295,254.294,-221.325,-0.997214,0.026379,-0.069775,0.000000,0.935387,0.353625,0.074595,0.352639,-0.932781) cam.FieldOfView=70.00 hum:Move(Vector3.new(0.149,0,0.989),true) hrp.AssemblyLinearVelocity=Vector3.new(5.663,1.395,37.557) hrp.CFrame=CFrame.new(58.262,248.398,-209.039) local lookDir=cam.CFrame.LookVector*Vector3.new(1,0,1) if lookDir.Magnitude>0.01 then hrp.CFrame=CFrame.new(hrp.Position,hrp.Position+lookDir.Unit) end task.wait(0.0338)
cam.CFrame=CFrame.new(57.484,254.340,-220.073,-0.997214,0.026379,-0.069775,0.000000,0.935387,0.353625,0.074595,0.352639,-0.932781) cam.FieldOfView=70.00 hum:Move(Vector3.new(0.147,0,0.989),true) hrp.AssemblyLinearVelocity=Vector3.new(5.576,1.265,37.566) hrp.CFrame=CFrame.new(58.449,248.440,-207.787) local lookDir=cam.CFrame.LookVector*Vector3.new(1,0,1) if lookDir.Magnitude>0.01 then hrp.CFrame=CFrame.new(hrp.Position,hrp.Position+lookDir.Unit) end task.wait(0.0330)
cam.CFrame=CFrame.new(57.646,254.378,-218.978,-0.997214,0.026379,-0.069775,0.000000,0.935387,0.353625,0.074595,0.352639,-0.932781) cam.FieldOfView=70.00 hum:Move(Vector3.new(0.146,0,0.989),true) hrp.AssemblyLinearVelocity=Vector3.new(5.555,1.845,37.531) hrp.CFrame=CFrame.new(58.634,248.494,-206.536) local lookDir=cam.CFrame.LookVector*Vector3.new(1,0,1) if lookDir.Magnitude>0.01 then hrp.CFrame=CFrame.new(hrp.Position,hrp.Position+lookDir.Unit) end task.wait(0.0330)
cam.CFrame=CFrame.new(57.947,254.482,-216.945,-0.997214,0.026379,-0.069775,0.000000,0.935387,0.353625,0.074595,0.352639,-0.932781) cam.FieldOfView=70.00 hum:Move(Vector3.new(0.144,0,0.990),true) hrp.AssemblyLinearVelocity=Vector3.new(5.485,1.980,37.555) hrp.CFrame=CFrame.new(58.911,248.596,-204.659) local lookDir=cam.CFrame.LookVector*Vector3.new(1,0,1) if lookDir.Magnitude>0.01 then hrp.CFrame=CFrame.new(hrp.Position,hrp.Position+lookDir.Unit) end task.wait(0.0494)
cam.CFrame=CFrame.new(58.192,254.573,-215.223,-0.997214,0.026379,-0.069775,0.000000,0.935387,0.353625,0.074595,0.352639,-0.932781) cam.FieldOfView=70.00 hum:Move(Vector3.new(0.130,0,0.992),true) hrp.AssemblyLinearVelocity=Vector3.new(4.924,2.010,37.623) hrp.CFrame=CFrame.new(59.167,248.695,-202.779) local lookDir=cam.CFrame.LookVector*Vector3.new(1,0,1) if lookDir.Magnitude>0.01 then hrp.CFrame=CFrame.new(hrp.Position,hrp.Position+lookDir.Unit) end task.wait(0.0510)
cam.CFrame=CFrame.new(58.372,254.648,-213.811,-0.997214,0.026379,-0.069775,0.000000,0.935387,0.353625,0.074595,0.352639,-0.932781) cam.FieldOfView=70.00 hum:Move(Vector3.new(0.110,0,0.994),true) hrp.AssemblyLinearVelocity=Vector3.new(4.176,1.898,37.727) hrp.CFrame=CFrame.new(59.315,248.760,-201.523) local lookDir=cam.CFrame.LookVector*Vector3.new(1,0,1) if lookDir.Magnitude>0.01 then hrp.CFrame=CFrame.new(hrp.Position,hrp.Position+lookDir.Unit) end task.wait(0.0354)
cam.CFrame=CFrame.new(58.509,254.711,-212.553,-0.997214,0.026379,-0.069775,0.000000,0.935387,0.353625,0.074595,0.352639,-0.932781) cam.FieldOfView=70.00 hum:Move(Vector3.new(0.102,0,0.995),true) hrp.AssemblyLinearVelocity=Vector3.new(3.880,1.832,37.759) hrp.CFrame=CFrame.new(59.430,248.814,-200.422) local lookDir=cam.CFrame.LookVector*Vector3.new(1,0,1) if lookDir.Magnitude>0.01 then hrp.CFrame=CFrame.new(hrp.Position,hrp.Position+lookDir.Unit) end task.wait(0.0330)
cam.CFrame=CFrame.new(58.639,254.771,-211.295,-0.997214,0.026379,-0.069775,0.000000,0.935387,0.353625,0.074595,0.352639,-0.932781) cam.FieldOfView=70.00 hum:Move(Vector3.new(0.102,0,0.995),true) hrp.AssemblyLinearVelocity=Vector3.new(3.879,1.403,37.785) hrp.CFrame=CFrame.new(59.576,248.875,-199.005) local lookDir=cam.CFrame.LookVector*Vector3.new(1,0,1) if lookDir.Magnitude>0.01 then hrp.CFrame=CFrame.new(hrp.Position,hrp.Position+lookDir.Unit) end task.wait(0.0339)
cam.CFrame=CFrame.new(58.768,254.815,-210.035,-0.997214,0.026379,-0.069775,0.000000,0.935387,0.353625,0.074595,0.352639,-0.932781) cam.FieldOfView=70.00 hum:Move(Vector3.new(0.100,0,0.995),true) hrp.AssemblyLinearVelocity=Vector3.new(3.792,0.803,37.807) hrp.CFrame=CFrame.new(59.704,248.910,-197.745) local lookDir=cam.CFrame.LookVector*Vector3.new(1,0,1) if lookDir.Magnitude>0.01 then hrp.CFrame=CFrame.new(hrp.Position,hrp.Position+lookDir.Unit) end task.wait(0.0346)
cam.CFrame=CFrame.new(58.892,254.842,-208.775,-0.997214,0.026379,-0.069775,0.000000,0.935387,0.353625,0.074595,0.352639,-0.932781) cam.FieldOfView=70.00 hum:Move(Vector3.new(0.092,0,0.996),true) hrp.AssemblyLinearVelocity=Vector3.new(3.493,0.612,37.836) hrp.CFrame=CFrame.new(59.809,248.929,-196.642) local lookDir=cam.CFrame.LookVector*Vector3.new(1,0,1) if lookDir.Magnitude>0.01 then hrp.CFrame=CFrame.new(hrp.Position,hrp.Position+lookDir.Unit) end task.wait(0.0330)
cam.CFrame=CFrame.new(59.008,254.861,-207.513,-0.997214,0.026379,-0.069775,0.000000,0.935387,0.353625,0.074595,0.352639,-0.932781) cam.FieldOfView=70.00 hum:Move(Vector3.new(0.090,0,0.996),true) hrp.AssemblyLinearVelocity=Vector3.new(3.402,0.449,37.846) hrp.CFrame=CFrame.new(59.937,248.949,-195.223) local lookDir=cam.CFrame.LookVector*Vector3.new(1,0,1) if lookDir.Magnitude>0.01 then hrp.CFrame=CFrame.new(hrp.Position,hrp.Position+lookDir.Unit) end task.wait(0.0353)
cam.CFrame=CFrame.new(59.175,254.881,-205.621,-0.997214,0.026379,-0.069775,0.000000,0.935387,0.353625,0.074595,0.352639,-0.932781) cam.FieldOfView=70.00 hum:Move(Vector3.new(0.086,0,0.996),true) hrp.AssemblyLinearVelocity=Vector3.new(3.254,0.269,37.860) hrp.CFrame=CFrame.new(60.088,248.964,-193.488) local lookDir=cam.CFrame.LookVector*Vector3.new(1,0,1) if lookDir.Magnitude>0.01 then hrp.CFrame=CFrame.new(hrp.Position,hrp.Position+lookDir.Unit) end task.wait(0.0479)
cam.CFrame=CFrame.new(59.283,254.890,-204.359,-0.997214,0.026379,-0.069775,0.000000,0.935387,0.353625,0.074595,0.352639,-0.932781) cam.FieldOfView=70.00 hum:Move(Vector3.new(0.085,0,0.996),true) hrp.AssemblyLinearVelocity=Vector3.new(3.221,0.234,37.863) hrp.CFrame=CFrame.new(60.196,248.973,-192.226) local lookDir=cam.CFrame.LookVector*Vector3.new(1,0,1) if lookDir.Magnitude>0.01 then hrp.CFrame=CFrame.new(hrp.Position,hrp.Position+lookDir.Unit) end task.wait(0.0335)
cam.CFrame=CFrame.new(59.391,254.898,-203.097,-0.997214,0.026379,-0.069775,0.000000,0.935387,0.353625,0.074595,0.352639,-0.932781) cam.FieldOfView=70.00 hum:Move(Vector3.new(0.084,0,0.996),true) hrp.AssemblyLinearVelocity=Vector3.new(3.200,0.195,37.865) hrp.CFrame=CFrame.new(60.303,248.980,-190.963) local lookDir=cam.CFrame.LookVector*Vector3.new(1,0,1) if lookDir.Magnitude>0.01 then hrp.CFrame=CFrame.new(hrp.Position,hrp.Position+lookDir.Unit) end task.wait(0.0339)
cam.CFrame=CFrame.new(59.495,254.904,-201.834,-0.997214,0.026379,-0.069775,0.000000,0.935387,0.353625,0.074595,0.352639,-0.932781) cam.FieldOfView=70.00 hum:Move(Vector3.new(0.076,0,0.997),true) hrp.AssemblyLinearVelocity=Vector3.new(2.871,0.156,37.891) hrp.CFrame=CFrame.new(60.415,248.986,-189.543) local lookDir=cam.CFrame.LookVector*Vector3.new(1,0,1) if lookDir.Magnitude>0.01 then hrp.CFrame=CFrame.new(hrp.Position,hrp.Position+lookDir.Unit) end task.wait(0.0332)
cam.CFrame=CFrame.new(59.590,254.909,-200.571,-0.997214,0.026379,-0.069775,0.000000,0.935387,0.353625,0.074595,0.352639,-0.932781) cam.FieldOfView=70.00 hum:Move(Vector3.new(0.073,0,0.997),true) hrp.AssemblyLinearVelocity=Vector3.new(2.764,0.143,37.899) hrp.CFrame=CFrame.new(60.508,248.991,-188.280) local lookDir=cam.CFrame.LookVector*Vector3.new(1,0,1) if lookDir.Magnitude>0.01 then hrp.CFrame=CFrame.new(hrp.Position,hrp.Position+lookDir.Unit) end task.wait(0.0362)
cam.CFrame=CFrame.new(59.669,254.913,-199.466,-0.997214,0.026379,-0.069775,0.000000,0.935387,0.353625,0.074595,0.352639,-0.932781) cam.FieldOfView=70.00 hum:Move(Vector3.new(0.069,0,0.998),true) hrp.AssemblyLinearVelocity=Vector3.new(2.626,0.102,37.909) hrp.CFrame=CFrame.new(60.596,248.995,-187.016) local lookDir=cam.CFrame.LookVector*Vector3.new(1,0,1) if lookDir.Magnitude>0.01 then hrp.CFrame=CFrame.new(hrp.Position,hrp.Position+lookDir.Unit) end task.wait(0.0330)
cam.CFrame=CFrame.new(59.736,255.545,-197.942,-0.996941,0.031569,-0.071496,0.000000,0.914792,0.403926,0.078155,0.402690,-0.911994) cam.FieldOfView=70.00 hum:Move(Vector3.new(0.069,0,0.998),true) hrp.AssemblyLinearVelocity=Vector3.new(2.626,0.034,37.909) hrp.CFrame=CFrame.new(60.684,248.997,-185.752) local lookDir=cam.CFrame.LookVector*Vector3.new(1,0,1) if lookDir.Magnitude>0.01 then hrp.CFrame=CFrame.new(hrp.Position,hrp.Position+lookDir.Unit) end task.wait(0.0330)
cam.CFrame=CFrame.new(59.840,256.193,-196.371,-0.996879,0.035969,-0.070275,0.000000,0.890172,0.455624,0.078945,0.454202,-0.887394) cam.FieldOfView=70.00 hum:Move(Vector3.new(0.074,0,0.997),true) hrp.AssemblyLinearVelocity=Vector3.new(2.792,0.421,37.882) hrp.CFrame=CFrame.new(60.776,249.003,-184.489) local lookDir=cam.CFrame.LookVector*Vector3.new(1,0,1) if lookDir.Magnitude>0.01 then hrp.CFrame=CFrame.new(hrp.Position,hrp.Position+lookDir.Unit) end task.wait(0.0333)
cam.CFrame=CFrame.new(59.955,256.741,-194.823,-0.996879,0.039316,-0.068459,0.000000,0.867169,0.498015,0.078945,0.496460,-0.864462) cam.FieldOfView=70.00 hum:Move(Vector3.new(0.074,0,0.997),true) hrp.AssemblyLinearVelocity=Vector3.new(2.768,3.163,37.550) hrp.CFrame=CFrame.new(60.869,249.069,-183.235) local lookDir=cam.CFrame.LookVector*Vector3.new(1,0,1) if lookDir.Magnitude>0.01 then hrp.CFrame=CFrame.new(hrp.Position,hrp.Position+lookDir.Unit) end task.wait(0.0338)
cam.CFrame=CFrame.new(60.110,257.304,-192.737,-0.996879,0.041622,-0.067082,0.000000,0.849725,0.527226,0.078945,0.525580,-0.847073) cam.FieldOfView=70.00 hum:Move(Vector3.new(0.074,0,0.997),true) hrp.AssemblyLinearVelocity=Vector3.new(2.739,6.679,37.155) hrp.CFrame=CFrame.new(61.006,249.349,-181.375) local lookDir=cam.CFrame.LookVector*Vector3.new(1,0,1) if lookDir.Magnitude>0.01 then hrp.CFrame=CFrame.new(hrp.Position,hrp.Position+lookDir.Unit) end task.wait(0.0508)
cam.CFrame=CFrame.new(60.202,257.526,-191.499,-0.996879,0.041622,-0.067082,0.000000,0.849725,0.527226,0.078945,0.525580,-0.847073) cam.FieldOfView=70.00 hum:Move(Vector3.new(0.074,0,0.997),true) hrp.AssemblyLinearVelocity=Vector3.new(2.662,8.728,36.109) hrp.CFrame=CFrame.new(61.096,249.605,-180.156) local lookDir=cam.CFrame.LookVector*Vector3.new(1,0,1) if lookDir.Magnitude>0.01 then hrp.CFrame=CFrame.new(hrp.Position,hrp.Position+lookDir.Unit) end task.wait(0.0333)
cam.CFrame=CFrame.new(60.292,257.784,-190.277,-0.996879,0.041622,-0.067082,0.000000,0.849725,0.527226,0.078945,0.525580,-0.847073) cam.FieldOfView=70.00 hum:Move(Vector3.new(0.074,0,0.997),true) hrp.AssemblyLinearVelocity=Vector3.new(2.816,3.343,37.884) hrp.CFrame=CFrame.new(61.189,249.785,-178.900) local lookDir=cam.CFrame.LookVector*Vector3.new(1,0,1) if lookDir.Magnitude>0.01 then hrp.CFrame=CFrame.new(hrp.Position,hrp.Position+lookDir.Unit) end task.wait(0.0330)
cam.CFrame=CFrame.new(60.430,257.812,-188.417,-0.996879,0.041622,-0.067082,0.000000,0.849725,0.527226,0.078945,0.525580,-0.847073) cam.FieldOfView=70.00 hum:Move(Vector3.new(0.074,0,0.997),true) hrp.AssemblyLinearVelocity=Vector3.new(2.747,-10.146,36.964) hrp.CFrame=CFrame.new(61.326,249.545,-177.059) local lookDir=cam.CFrame.LookVector*Vector3.new(1,0,1) if lookDir.Magnitude>0.01 then hrp.CFrame=CFrame.new(hrp.Position,hrp.Position+lookDir.Unit) end task.wait(0.0504)
cam.CFrame=CFrame.new(60.533,257.432,-187.027,-0.996879,0.041622,-0.067082,0.000000,0.849725,0.527226,0.078945,0.525580,-0.847073) cam.FieldOfView=70.00 hum:Move(Vector3.new(0.074,0,0.997),true) hrp.AssemblyLinearVelocity=Vector3.new(2.782,-13.359,37.440) hrp.CFrame=CFrame.new(61.418,249.098,-175.815) local lookDir=cam.CFrame.LookVector*Vector3.new(1,0,1) if lookDir.Magnitude>0.01 then hrp.CFrame=CFrame.new(hrp.Position,hrp.Position+lookDir.Unit) end task.wait(0.0333)
cam.CFrame=CFrame.new(60.615,257.140,-185.933,-0.996879,0.041622,-0.067082,0.000000,0.849725,0.527226,0.078945,0.525580,-0.847073) cam.FieldOfView=70.00 hum:Move(Vector3.new(0.074,0,0.997),true) hrp.AssemblyLinearVelocity=Vector3.new(2.805,-1.528,37.759) hrp.CFrame=CFrame.new(61.512,249.040,-174.558) local lookDir=cam.CFrame.LookVector*Vector3.new(1,0,1) if lookDir.Magnitude>0.01 then hrp.CFrame=CFrame.new(hrp.Position,hrp.Position+lookDir.Unit) end task.wait(0.0331)
cam.CFrame=CFrame.new(60.708,257.127,-184.674,-0.996879,0.041622,-0.067082,0.000000,0.849725,0.527226,0.078945,0.525580,-0.847073) cam.FieldOfView=70.00 hum:Move(Vector3.new(0.074,0,0.997),true) hrp.AssemblyLinearVelocity=Vector3.new(2.814,0.654,37.888) hrp.CFrame=CFrame.new(61.594,249.045,-173.454) local lookDir=cam.CFrame.LookVector*Vector3.new(1,0,1) if lookDir.Magnitude>0.01 then hrp.CFrame=CFrame.new(hrp.Position,hrp.Position+lookDir.Unit) end task.wait(0.0330)
cam.CFrame=CFrame.new(60.814,257.153,-183.253,-0.996879,0.041622,-0.067082,0.000000,0.849725,0.527226,0.078945,0.525580,-0.847073) cam.FieldOfView=70.00 hum:Move(Vector3.new(0.074,0,0.997),true) hrp.AssemblyLinearVelocity=Vector3.new(2.812,1.246,37.865) hrp.CFrame=CFrame.new(61.687,249.077,-172.191) local lookDir=cam.CFrame.LookVector*Vector3.new(1,0,1) if lookDir.Magnitude>0.01 then hrp.CFrame=CFrame.new(hrp.Position,hrp.Position+lookDir.Unit) end task.wait(0.0336)
cam.CFrame=CFrame.new(60.954,257.223,-181.361,-0.996879,0.041622,-0.067082,0.000000,0.849725,0.527226,0.078945,0.525580,-0.847073) cam.FieldOfView=70.00 hum:Move(Vector3.new(0.074,0,0.997),true) hrp.AssemblyLinearVelocity=Vector3.new(2.753,4.173,37.090) hrp.CFrame=CFrame.new(61.827,249.177,-170.307) local lookDir=cam.CFrame.LookVector*Vector3.new(1,0,1) if lookDir.Magnitude>0.01 then hrp.CFrame=CFrame.new(hrp.Position,hrp.Position+lookDir.Unit) end task.wait(0.0506)
cam.CFrame=CFrame.new(61.079,257.499,-179.672,-0.996879,0.041622,-0.067082,0.000000,0.849725,0.527226,0.078945,0.525580,-0.847073) cam.FieldOfView=70.00 hum:Move(Vector3.new(0.065,0,0.998),true) hrp.AssemblyLinearVelocity=Vector3.new(2.749,50.701,37.455) hrp.CFrame=CFrame.new(61.975,250.496,-168.303) local lookDir=cam.CFrame.LookVector*Vector3.new(1,0,1) if lookDir.Magnitude>0.01 then hrp.CFrame=CFrame.new(hrp.Position,hrp.Position+lookDir.Unit) end task.wait(0.0510)
cam.CFrame=CFrame.new(61.214,260.154,-177.628,-0.996879,0.041622,-0.067082,0.000000,0.849725,0.527226,0.078945,0.525580,-0.847073) cam.FieldOfView=70.00 hum:Move(Vector3.new(0.046,0,0.999),true) hrp.AssemblyLinearVelocity=Vector3.new(1.757,40.891,37.959) hrp.CFrame=CFrame.new(62.082,252.765,-166.407) local lookDir=cam.CFrame.LookVector*Vector3.new(1,0,1) if lookDir.Magnitude>0.01 then hrp.CFrame=CFrame.new(hrp.Position,hrp.Position+lookDir.Unit) end hum.Jump=true task.wait(0.0491)
cam.CFrame=CFrame.new(61.261,261.503,-176.363,-0.996879,0.041622,-0.067082,0.000000,0.849725,0.527226,0.078945,0.525580,-0.847073) cam.FieldOfView=70.00 hum:Move(Vector3.new(0.012,0,1.000),true) hrp.AssemblyLinearVelocity=Vector3.new(0.455,34.351,37.997) hrp.CFrame=CFrame.new(62.109,254.006,-165.141) local lookDir=cam.CFrame.LookVector*Vector3.new(1,0,1) if lookDir.Magnitude>0.01 then hrp.CFrame=CFrame.new(hrp.Position,hrp.Position+lookDir.Unit) end task.wait(0.0342)
cam.CFrame=CFrame.new(61.267,262.634,-175.096,-0.996879,0.041622,-0.067082,0.000000,0.849725,0.527226,0.078945,0.525580,-0.847073) cam.FieldOfView=70.00 hum:Move(Vector3.new(-0.029,0,1.000),true) hrp.AssemblyLinearVelocity=Vector3.new(-1.098,27.811,37.984) hrp.CFrame=CFrame.new(62.089,255.028,-163.875) local lookDir=cam.CFrame.LookVector*Vector3.new(1,0,1) if lookDir.Magnitude>0.01 then hrp.CFrame=CFrame.new(hrp.Position,hrp.Position+lookDir.Unit) end task.wait(0.0348)
cam.CFrame=CFrame.new(61.178,263.923,-173.199,-0.996879,0.041622,-0.067082,0.000000,0.849725,0.527226,0.078945,0.525580,-0.847073) cam.FieldOfView=70.00 hum:Move(Vector3.new(-0.083,0,0.997),true) hrp.AssemblyLinearVelocity=Vector3.new(-3.160,18.001,37.868) hrp.CFrame=CFrame.new(61.965,256.153,-161.979) local lookDir=cam.CFrame.LookVector*Vector3.new(1,0,1) if lookDir.Magnitude>0.01 then hrp.CFrame=CFrame.new(hrp.Position,hrp.Position+lookDir.Unit) end task.wait(0.0472)
cam.CFrame=CFrame.new(61.006,264.721,-171.307,-0.996879,0.041622,-0.067082,0.000000,0.849725,0.527226,0.078945,0.525580,-0.847073) cam.FieldOfView=70.00 hum:Move(Vector3.new(-0.104,0,0.995),true) hrp.AssemblyLinearVelocity=Vector3.new(-3.945,8.191,37.795) hrp.CFrame=CFrame.new(61.779,256.787,-160.088) local lookDir=cam.CFrame.LookVector*Vector3.new(1,0,1) if lookDir.Magnitude>0.01 then hrp.CFrame=CFrame.new(hrp.Position,hrp.Position+lookDir.Unit) end task.wait(0.0500)
cam.CFrame=CFrame.new(60.891,264.960,-170.204,-0.996879,0.041622,-0.067082,0.000000,0.849725,0.527226,0.078945,0.525580,-0.847073) cam.FieldOfView=70.00 hum:Move(Vector3.new(-0.105,0,0.994),true) hrp.AssemblyLinearVelocity=Vector3.new(-3.989,1.651,37.790) hrp.CFrame=CFrame.new(61.647,256.938,-158.828) local lookDir=cam.CFrame.LookVector*Vector3.new(1,0,1) if lookDir.Magnitude>0.01 then hrp.CFrame=CFrame.new(hrp.Position,hrp.Position+lookDir.Unit) end task.wait(0.0338)
cam.CFrame=CFrame.new(60.742,265.021,-168.787,-0.996879,0.041622,-0.067082,0.000000,0.849725,0.527226,0.078945,0.525580,-0.847073) cam.FieldOfView=70.00 hum:Move(Vector3.new(-0.105,0,0.994),true) hrp.AssemblyLinearVelocity=Vector3.new(-3.989,-4.889,37.790) hrp.CFrame=CFrame.new(61.514,256.870,-157.569) local lookDir=cam.CFrame.LookVector*Vector3.new(1,0,1) if lookDir.Magnitude>0.01 then hrp.CFrame=CFrame.new(hrp.Position,hrp.Position+lookDir.Unit) end task.wait(0.0337)
cam.CFrame=CFrame.new(60.609,264.845,-167.527,-0.996879,0.041622,-0.067082,0.000000,0.849725,0.527226,0.078945,0.525580,-0.847073) cam.FieldOfView=70.00 hum:Move(Vector3.new(-0.105,0,0.994),true) hrp.AssemblyLinearVelocity=Vector3.new(-3.989,-11.429,37.790) hrp.CFrame=CFrame.new(61.381,256.584,-156.309) local lookDir=cam.CFrame.LookVector*Vector3.new(1,0,1) if lookDir.Magnitude>0.01 then hrp.CFrame=CFrame.new(hrp.Position,hrp.Position+lookDir.Unit) end task.wait(0.0345)
cam.CFrame=CFrame.new(60.410,264.171,-165.638,-0.996879,0.041622,-0.067082,0.000000,0.849725,0.527226,0.078945,0.525580,-0.847073) cam.FieldOfView=70.00 hum:Move(Vector3.new(-0.105,0,0.994),true) hrp.AssemblyLinearVelocity=Vector3.new(-3.989,-20.422,37.790) hrp.CFrame=CFrame.new(61.199,255.836,-154.577) local lookDir=cam.CFrame.LookVector*Vector3.new(1,0,1) if lookDir.Magnitude>0.01 then hrp.CFrame=CFrame.new(hrp.Position,hrp.Position+lookDir.Unit) end task.wait(0.0478)
cam.CFrame=CFrame.new(60.277,263.450,-164.378,-0.996879,0.041622,-0.067082,0.000000,0.849725,0.527226,0.078945,0.525580,-0.847073) cam.FieldOfView=70.00 hum:Move(Vector3.new(-0.105,0,0.994),true) hrp.AssemblyLinearVelocity=Vector3.new(-3.989,-27.779,37.790) hrp.CFrame=CFrame.new(61.049,254.917,-153.160) local lookDir=cam.CFrame.LookVector*Vector3.new(1,0,1) if lookDir.Magnitude>0.01 then hrp.CFrame=CFrame.new(hrp.Position,hrp.Position+lookDir.Unit) end task.wait(0.0353)
cam.CFrame=CFrame.new(60.161,262.639,-163.276,-0.996879,0.041622,-0.067082,0.000000,0.849725,0.527226,0.078945,0.525580,-0.847073) cam.FieldOfView=70.00 hum:Move(Vector3.new(-0.105,0,0.994),true) hrp.AssemblyLinearVelocity=Vector3.new(-3.989,-34.319,37.790) hrp.CFrame=CFrame.new(60.917,253.868,-151.900) local lookDir=cam.CFrame.LookVector*Vector3.new(1,0,1) if lookDir.Magnitude>0.01 then hrp.CFrame=CFrame.new(hrp.Position,hrp.Position+lookDir.Unit) end task.wait(0.0330)
cam.CFrame=CFrame.new(60.012,261.352,-161.859,-0.996879,0.041622,-0.067082,0.000000,0.849725,0.527226,0.078945,0.525580,-0.847073) cam.FieldOfView=70.00 hum:Move(Vector3.new(-0.105,0,0.994),true) hrp.AssemblyLinearVelocity=Vector3.new(-3.989,-40.859,37.790) hrp.CFrame=CFrame.new(60.784,252.602,-150.641) local lookDir=cam.CFrame.LookVector*Vector3.new(1,0,1) if lookDir.Magnitude>0.01 then hrp.CFrame=CFrame.new(hrp.Position,hrp.Position+lookDir.Unit) end task.wait(0.0354)
cam.CFrame=CFrame.new(59.945,260.692,-161.229,-0.996879,0.041622,-0.067082,0.000000,0.849725,0.527226,0.078945,0.525580,-0.847073) cam.FieldOfView=70.00 hum:Move(Vector3.new(-0.105,0,0.994),true) hrp.AssemblyLinearVelocity=Vector3.new(-3.989,-46.582,37.790) hrp.CFrame=CFrame.new(60.667,251.314,-149.539) local lookDir=cam.CFrame.LookVector*Vector3.new(1,0,1) if lookDir.Magnitude>0.01 then hrp.CFrame=CFrame.new(hrp.Position,hrp.Position+lookDir.Unit) end task.wait(0.0330)
cam.CFrame=CFrame.new(59.679,257.505,-158.710,-0.996879,0.041622,-0.067082,0.000000,0.849725,0.527226,0.078945,0.525580,-0.847073) cam.FieldOfView=70.00 hum:Move(Vector3.new(-0.105,0,0.994),true) hrp.AssemblyLinearVelocity=Vector3.new(-3.989,-57.209,37.790) hrp.CFrame=CFrame.new(60.451,248.481,-147.492) local lookDir=cam.CFrame.LookVector*Vector3.new(1,0,1) if lookDir.Magnitude>0.01 then hrp.CFrame=CFrame.new(hrp.Position,hrp.Position+lookDir.Unit) end task.wait(0.0523)
cam.CFrame=CFrame.new(59.547,255.914,-157.450,-0.996879,0.041622,-0.067082,0.000000,0.849725,0.527226,0.078945,0.525580,-0.847073) cam.FieldOfView=70.00 hum:Move(Vector3.new(-0.102,0,0.995),true) hrp.AssemblyLinearVelocity=Vector3.new(-3.880,6.758,37.801) hrp.CFrame=CFrame.new(60.337,247.861,-146.389) local lookDir=cam.CFrame.LookVector*Vector3.new(1,0,1) if lookDir.Magnitude>0.01 then hrp.CFrame=CFrame.new(hrp.Position,hrp.Position+lookDir.Unit) end task.wait(0.0330)
cam.CFrame=CFrame.new(59.421,256.109,-156.190,-0.996879,0.041622,-0.067082,0.000000,0.849725,0.527226,0.078945,0.525580,-0.847073) cam.FieldOfView=70.00 hum:Move(Vector3.new(-0.092,0,0.996),true) hrp.AssemblyLinearVelocity=Vector3.new(-3.510,3.940,37.838) hrp.CFrame=CFrame.new(60.200,248.100,-144.971) local lookDir=cam.CFrame.LookVector*Vector3.new(1,0,1) if lookDir.Magnitude>0.01 then hrp.CFrame=CFrame.new(hrp.Position,hrp.Position+lookDir.Unit) end task.wait(0.0340)
cam.CFrame=CFrame.new(59.268,256.257,-154.455,-0.996879,0.041622,-0.067082,0.000000,0.849725,0.527226,0.078945,0.525580,-0.847073) cam.FieldOfView=70.00 hum:Move(Vector3.new(-0.072,0,0.997),true) hrp.AssemblyLinearVelocity=Vector3.new(-2.725,0.659,37.902) hrp.CFrame=CFrame.new(60.048,248.186,-143.077) local lookDir=cam.CFrame.LookVector*Vector3.new(1,0,1) if lookDir.Magnitude>0.01 then hrp.CFrame=CFrame.new(hrp.Position,hrp.Position+lookDir.Unit) end task.wait(0.0492)
cam.CFrame=CFrame.new(59.176,256.937,-153.192,-0.996879,0.041622,-0.067082,0.000000,0.849725,0.527226,0.078945,0.525580,-0.847073) cam.FieldOfView=70.00 hum:Move(Vector3.new(-0.057,0,0.998),true) hrp.AssemblyLinearVelocity=Vector3.new(-2.162,48.248,37.938) hrp.CFrame=CFrame.new(59.968,249.886,-141.813) local lookDir=cam.CFrame.LookVector*Vector3.new(1,0,1) if lookDir.Magnitude>0.01 then hrp.CFrame=CFrame.new(hrp.Position,hrp.Position+lookDir.Unit) end task.wait(0.0366)
cam.CFrame=CFrame.new(59.062,259.462,-151.136,-0.996879,0.041622,-0.067082,0.000000,0.849725,0.527226,0.078945,0.525580,-0.847073) cam.FieldOfView=70.00 hum:Move(Vector3.new(-0.051,0,0.999),true) hrp.AssemblyLinearVelocity=Vector3.new(-1.943,38.438,37.950) hrp.CFrame=CFrame.new(59.868,252.033,-139.915) local lookDir=cam.CFrame.LookVector*Vector3.new(1,0,1) if lookDir.Magnitude>0.01 then hrp.CFrame=CFrame.new(hrp.Position,hrp.Position+lookDir.Unit) end hum.Jump=true task.wait(0.0472)
cam.CFrame=CFrame.new(59.005,260.583,-150.030,-0.996879,0.041622,-0.067082,0.000000,0.849725,0.527226,0.078945,0.525580,-0.847073) cam.FieldOfView=70.00 hum:Move(Vector3.new(-0.051,0,0.999),true) hrp.AssemblyLinearVelocity=Vector3.new(-1.925,32.716,37.951) hrp.CFrame=CFrame.new(59.811,253.059,-138.809) local lookDir=cam.CFrame.LookVector*Vector3.new(1,0,1) if lookDir.Magnitude>0.01 then hrp.CFrame=CFrame.new(hrp.Position,hrp.Position+lookDir.Unit) end task.wait(0.0330)
cam.CFrame=CFrame.new(58.933,261.779,-148.606,-0.996879,0.041622,-0.067082,0.000000,0.849725,0.527226,0.078945,0.525580,-0.847073) cam.FieldOfView=70.00 hum:Move(Vector3.new(-0.051,0,0.999),true) hrp.AssemblyLinearVelocity=Vector3.new(-1.925,25.358,37.951) hrp.CFrame=CFrame.new(59.739,254.132,-137.385) local lookDir=cam.CFrame.LookVector*Vector3.new(1,0,1) if lookDir.Magnitude>0.01 then hrp.CFrame=CFrame.new(hrp.Position,hrp.Position+lookDir.Unit) end task.wait(0.0348)
cam.CFrame=CFrame.new(58.901,262.223,-147.974,-0.996879,0.041622,-0.067082,0.000000,0.849725,0.527226,0.078945,0.525580,-0.847073) cam.FieldOfView=70.00 hum:Move(Vector3.new(-0.051,0,0.999),true) hrp.AssemblyLinearVelocity=Vector3.new(-1.925,22.088,37.951) hrp.CFrame=CFrame.new(59.707,254.521,-136.753) local lookDir=cam.CFrame.LookVector*Vector3.new(1,0,1) if lookDir.Magnitude>0.01 then hrp.CFrame=CFrame.new(hrp.Position,hrp.Position+lookDir.Unit) end task.wait(0.0530)
cam.CFrame=CFrame.new(58.739,263.620,-144.811,-0.996879,0.041622,-0.067082,0.000000,0.849725,0.527226,0.078945,0.525580,-0.847073) cam.FieldOfView=70.00 hum:Move(Vector3.new(-0.056,0,0.998),true) hrp.AssemblyLinearVelocity=Vector3.new(-2.138,6.556,37.940) hrp.CFrame=CFrame.new(59.551,255.622,-133.749) local lookDir=cam.CFrame.LookVector*Vector3.new(1,0,1) if lookDir.Magnitude>0.01 then hrp.CFrame=CFrame.new(hrp.Position,hrp.Position+lookDir.Unit) end task.wait(0.0456)
cam.CFrame=CFrame.new(58.667,263.788,-143.705,-0.996879,0.041622,-0.067082,0.000000,0.849725,0.527226,0.078945,0.525580,-0.847073) cam.FieldOfView=70.00 hum:Move(Vector3.new(-0.097,0,0.995),true) hrp.AssemblyLinearVelocity=Vector3.new(-3.686,0.016,37.821) hrp.CFrame=CFrame.new(59.446,255.718,-132.487) local lookDir=cam.CFrame.LookVector*Vector3.new(1,0,1) if lookDir.Magnitude>0.01 then hrp.CFrame=CFrame.new(hrp.Position,hrp.Position+lookDir.Unit) end task.wait(0.0331)
cam.CFrame=CFrame.new(58.530,263.775,-142.446,-0.996879,0.041622,-0.067082,0.000000,0.849725,0.527226,0.078945,0.525580,-0.847073) cam.FieldOfView=70.00 hum:Move(Vector3.new(-0.186,0,0.982),true) hrp.AssemblyLinearVelocity=Vector3.new(-6.923,-6.524,37.360) hrp.CFrame=CFrame.new(59.264,255.596,-131.234) local lookDir=cam.CFrame.LookVector*Vector3.new(1,0,1) if lookDir.Magnitude>0.01 then hrp.CFrame=CFrame.new(hrp.Position,hrp.Position+lookDir.Unit) end task.wait(0.0339)
