-- V23 Reverse Non-Loop (Natural Mundur)
-- Gerakan dibalik arah tapi timeline maju dari awal ke akhir
local RunService = game:GetService("RunService")
local lp = game.Players.LocalPlayer
local cam = workspace.CurrentCamera
local char = lp.Character or lp.CharacterAdded:Wait()
local hrp = char:WaitForChild("HumanoidRootPart")
local hum = char:WaitForChild("Humanoid")
hum.AutoRotate = false
cam.CameraType = Enum.CameraType.Scriptable

local frames = {    {Pos=Vector3.new(41.066,3.698,8.896),Vel=Vector3.new(0.000,-0.000,-0.000),Move=Vector3.new(-0.000,0,-0.000),Jump=false,CFrame=CFrame.new(50.800,11.909,12.782,-0.370717,0.506083,-0.778748,-0.000001,0.838494,0.544911,0.928746,0.202009,-0.310844),FOV=70.00,Time=0.0000},
    {Pos=Vector3.new(41.066,3.698,8.896),Vel=Vector3.new(0.000,-0.000,-0.000),Move=Vector3.new(-0.000,0,-0.000),Jump=false,CFrame=CFrame.new(50.800,11.909,12.782,-0.370717,0.506083,-0.778748,-0.000001,0.838494,0.544911,0.928746,0.202009,-0.310844),FOV=70.00,Time=0.0165},
    {Pos=Vector3.new(41.066,3.698,8.896),Vel=Vector3.new(-0.000,-0.000,0.000),Move=Vector3.new(-0.000,0,-0.000),Jump=false,CFrame=CFrame.new(50.800,11.909,12.782,-0.370717,0.506083,-0.778748,-0.000001,0.838494,0.544911,0.928746,0.202009,-0.310844),FOV=70.00,Time=0.0333},
    {Pos=Vector3.new(41.066,3.698,8.896),Vel=Vector3.new(-0.000,-0.000,0.000),Move=Vector3.new(-0.000,0,-0.000),Jump=false,CFrame=CFrame.new(50.800,11.909,12.782,-0.370717,0.506083,-0.778748,-0.000001,0.838494,0.544911,0.928746,0.202009,-0.310844),FOV=70.00,Time=0.0501},
    {Pos=Vector3.new(41.066,3.698,8.896),Vel=Vector3.new(-0.000,-0.000,0.000),Move=Vector3.new(-0.000,0,-0.000),Jump=false,CFrame=CFrame.new(50.800,11.909,12.782,-0.370717,0.506083,-0.778748,-0.000001,0.838494,0.544911,0.928746,0.202009,-0.310844),FOV=70.00,Time=0.0666},
    {Pos=Vector3.new(41.066,3.698,8.896),Vel=Vector3.new(-0.000,-0.000,0.000),Move=Vector3.new(-0.000,0,-0.000),Jump=false,CFrame=CFrame.new(50.800,11.909,12.782,-0.370717,0.506083,-0.778748,-0.000001,0.838494,0.544911,0.928746,0.202009,-0.310844),FOV=70.00,Time=0.0836},
    {Pos=Vector3.new(41.066,3.698,8.896),Vel=Vector3.new(-0.000,-0.000,0.000),Move=Vector3.new(-0.000,0,-0.000),Jump=false,CFrame=CFrame.new(50.800,11.909,12.782,-0.370717,0.506083,-0.778748,-0.000001,0.838494,0.544911,0.928746,0.202009,-0.310844),FOV=70.00,Time=0.1003},
    {Pos=Vector3.new(41.066,3.698,8.896),Vel=Vector3.new(0.000,-0.000,-0.000),Move=Vector3.new(-0.000,0,-0.000),Jump=false,CFrame=CFrame.new(50.800,11.909,12.782,-0.370717,0.506083,-0.778748,-0.000001,0.838494,0.544911,0.928746,0.202009,-0.310844),FOV=70.00,Time=0.1168},
    {Pos=Vector3.new(41.066,3.698,8.896),Vel=Vector3.new(0.000,-0.000,-0.000),Move=Vector3.new(-0.000,0,-0.000),Jump=false,CFrame=CFrame.new(50.800,11.909,12.782,-0.370717,0.506083,-0.778748,-0.000001,0.838494,0.544911,0.928746,0.202009,-0.310844),FOV=70.00,Time=0.1334},
    {Pos=Vector3.new(41.066,3.698,8.896),Vel=Vector3.new(0.000,-0.000,-0.000),Move=Vector3.new(-0.000,0,-0.000),Jump=false,CFrame=CFrame.new(50.800,11.909,12.782,-0.370717,0.506083,-0.778748,-0.000001,0.838494,0.544911,0.928746,0.202009,-0.310844),FOV=70.00,Time=0.1504},
    {Pos=Vector3.new(41.066,3.698,8.896),Vel=Vector3.new(0.000,-0.000,-0.000),Move=Vector3.new(-0.000,0,-0.000),Jump=false,CFrame=CFrame.new(50.800,11.909,12.782,-0.370717,0.506083,-0.778748,-0.000001,0.838494,0.544911,0.928746,0.202009,-0.310844),FOV=70.00,Time=0.1668},
    {Pos=Vector3.new(41.066,3.698,8.896),Vel=Vector3.new(0.000,-0.000,-0.000),Move=Vector3.new(-0.000,0,-0.000),Jump=false,CFrame=CFrame.new(50.800,11.909,12.782,-0.370717,0.506083,-0.778748,-0.000001,0.838494,0.544911,0.928746,0.202009,-0.310844),FOV=70.00,Time=0.1835},
    {Pos=Vector3.new(41.066,3.698,8.896),Vel=Vector3.new(0.000,-0.000,-0.000),Move=Vector3.new(-0.000,0,-0.000),Jump=false,CFrame=CFrame.new(50.800,11.909,12.782,-0.370717,0.506083,-0.778748,-0.000001,0.838494,0.544911,0.928746,0.202009,-0.310844),FOV=70.00,Time=0.2022},
    {Pos=Vector3.new(41.066,3.698,8.896),Vel=Vector3.new(0.000,-0.000,-0.000),Move=Vector3.new(-0.000,0,-0.000),Jump=false,CFrame=CFrame.new(50.800,11.909,12.782,-0.370717,0.506083,-0.778748,-0.000001,0.838494,0.544911,0.928746,0.202009,-0.310844),FOV=70.00,Time=0.2173},
    {Pos=Vector3.new(41.066,3.698,8.896),Vel=Vector3.new(0.000,-0.000,-0.000),Move=Vector3.new(-0.000,0,-0.000),Jump=false,CFrame=CFrame.new(50.800,11.909,12.782,-0.370717,0.506083,-0.778748,-0.000001,0.838494,0.544911,0.928746,0.202009,-0.310844),FOV=70.00,Time=0.2335},
    {Pos=Vector3.new(41.066,3.698,8.896),Vel=Vector3.new(-0.000,-0.000,0.000),Move=Vector3.new(-0.000,0,-0.000),Jump=false,CFrame=CFrame.new(50.800,11.909,12.782,-0.370717,0.506083,-0.778748,-0.000001,0.838494,0.544911,0.928746,0.202009,-0.310844),FOV=70.00,Time=0.2527},
    {Pos=Vector3.new(41.066,3.698,8.896),Vel=Vector3.new(-0.000,-0.000,0.000),Move=Vector3.new(-0.000,0,-0.000),Jump=false,CFrame=CFrame.new(50.800,11.909,12.782,-0.370717,0.506083,-0.778748,-0.000001,0.838494,0.544911,0.928746,0.202009,-0.310844),FOV=70.00,Time=0.2661},
    {Pos=Vector3.new(41.066,3.698,8.896),Vel=Vector3.new(-0.000,-0.000,0.000),Move=Vector3.new(-0.000,0,-0.000),Jump=false,CFrame=CFrame.new(50.800,11.909,12.782,-0.370717,0.506083,-0.778748,-0.000001,0.838494,0.544911,0.928746,0.202009,-0.310844),FOV=70.00,Time=0.2834},
    {Pos=Vector3.new(41.066,3.698,8.896),Vel=Vector3.new(-0.000,-0.000,0.000),Move=Vector3.new(-0.000,0,-0.000),Jump=false,CFrame=CFrame.new(50.800,11.909,12.782,-0.370717,0.506083,-0.778748,-0.000001,0.838494,0.544911,0.928746,0.202009,-0.310844),FOV=70.00,Time=0.3001},
    {Pos=Vector3.new(41.066,3.698,8.896),Vel=Vector3.new(-0.000,-0.000,0.000),Move=Vector3.new(-0.000,0,-0.000),Jump=false,CFrame=CFrame.new(50.800,11.909,12.782,-0.370717,0.506083,-0.778748,-0.000001,0.838494,0.544911,0.928746,0.202009,-0.310844),FOV=70.00,Time=0.3168},
    {Pos=Vector3.new(41.066,3.698,8.896),Vel=Vector3.new(-0.000,-0.000,0.000),Move=Vector3.new(-0.000,0,-0.000),Jump=false,CFrame=CFrame.new(50.800,11.909,12.782,-0.370717,0.506083,-0.778748,-0.000001,0.838494,0.544911,0.928746,0.202009,-0.310844),FOV=70.00,Time=0.3334},
    {Pos=Vector3.new(41.066,3.698,8.896),Vel=Vector3.new(0.000,-0.000,-0.000),Move=Vector3.new(-0.000,0,-0.000),Jump=false,CFrame=CFrame.new(50.800,11.909,12.782,-0.370717,0.506083,-0.778748,-0.000001,0.838494,0.544911,0.928746,0.202009,-0.310844),FOV=70.00,Time=0.3500},
    {Pos=Vector3.new(41.066,3.698,8.896),Vel=Vector3.new(0.000,-0.000,-0.000),Move=Vector3.new(-0.000,0,-0.000),Jump=false,CFrame=CFrame.new(50.800,11.909,12.782,-0.370717,0.506083,-0.778748,-0.000001,0.838494,0.544911,0.928746,0.202009,-0.310844),FOV=70.00,Time=0.3668},
    {Pos=Vector3.new(41.066,3.698,8.896),Vel=Vector3.new(0.000,-0.000,-0.000),Move=Vector3.new(-0.000,0,-0.000),Jump=false,CFrame=CFrame.new(50.800,11.909,12.782,-0.370717,0.506083,-0.778748,-0.000001,0.838494,0.544911,0.928746,0.202009,-0.310844),FOV=70.00,Time=0.3835},
    {Pos=Vector3.new(41.066,3.698,8.896),Vel=Vector3.new(0.000,-0.000,-0.000),Move=Vector3.new(-0.000,0,-0.000),Jump=false,CFrame=CFrame.new(50.800,11.909,12.782,-0.370717,0.506083,-0.778748,-0.000001,0.838494,0.544911,0.928746,0.202009,-0.310844),FOV=70.00,Time=0.4001},
    {Pos=Vector3.new(41.066,3.698,8.896),Vel=Vector3.new(0.000,-0.000,-0.000),Move=Vector3.new(-0.000,0,-0.000),Jump=false,CFrame=CFrame.new(50.800,11.909,12.782,-0.370717,0.506083,-0.778748,-0.000001,0.838494,0.544911,0.928746,0.202009,-0.310844),FOV=70.00,Time=0.4167},
    {Pos=Vector3.new(41.000,3.698,8.891),Vel=Vector3.new(5.195,-0.000,0.381),Move=Vector3.new(0.997,0,0.074),Jump=false,CFrame=CFrame.new(50.800,11.909,12.782,-0.370717,0.506083,-0.778748,-0.000001,0.838494,0.544911,0.928746,0.202009,-0.310844),FOV=70.00,Time=0.4335},
    {Pos=Vector3.new(40.848,3.698,8.880),Vel=Vector3.new(10.389,-0.000,0.760),Move=Vector3.new(0.997,0,0.075),Jump=false,CFrame=CFrame.new(50.734,11.909,12.777,-0.370717,0.506083,-0.778748,-0.000001,0.838494,0.544911,0.928746,0.202009,-0.310844),FOV=70.00,Time=0.4515},
    {Pos=Vector3.new(40.613,3.698,8.853),Vel=Vector3.new(15.228,-0.000,1.830),Move=Vector3.new(0.992,0,0.125),Jump=false,CFrame=CFrame.new(50.582,11.909,12.765,-0.370717,0.506083,-0.778748,-0.000001,0.838494,0.544911,0.928746,0.202009,-0.310844),FOV=70.00,Time=0.4670},
    {Pos=Vector3.new(40.350,3.698,8.810),Vel=Vector3.new(15.748,-0.000,2.571),Move=Vector3.new(0.987,0,0.164),Jump=false,CFrame=CFrame.new(50.347,11.909,12.738,-0.370717,0.506083,-0.778748,-0.000001,0.838494,0.544911,0.928746,0.202009,-0.310844),FOV=70.00,Time=0.4839},
    {Pos=Vector3.new(40.089,3.698,8.757),Vel=Vector3.new(15.651,-0.000,3.193),Move=Vector3.new(0.979,0,0.202),Jump=false,CFrame=CFrame.new(50.085,11.909,12.696,-0.370717,0.506083,-0.778748,-0.000001,0.838494,0.544911,0.928746,0.202009,-0.310844),FOV=70.00,Time=0.5004},
    {Pos=Vector3.new(39.830,3.698,8.695),Vel=Vector3.new(15.532,-0.000,3.749),Move=Vector3.new(0.972,0,0.237),Jump=false,CFrame=CFrame.new(49.823,11.909,12.643,-0.370717,0.506083,-0.778748,-0.000001,0.838494,0.544911,0.928746,0.202009,-0.310844),FOV=70.00,Time=0.5166},
    {Pos=Vector3.new(39.573,3.698,8.624),Vel=Vector3.new(15.414,-0.000,4.224),Move=Vector3.new(0.964,0,0.266),Jump=false,CFrame=CFrame.new(49.564,11.909,12.580,-0.370717,0.506083,-0.778748,-0.000001,0.838494,0.544911,0.928746,0.202009,-0.310844),FOV=70.00,Time=0.5336},
    {Pos=Vector3.new(39.318,3.698,8.546),Vel=Vector3.new(15.280,-0.000,4.695),Move=Vector3.new(0.955,0,0.296),Jump=false,CFrame=CFrame.new(49.307,11.909,12.510,-0.370717,0.506083,-0.778748,-0.000001,0.838494,0.544911,0.928746,0.202009,-0.310844),FOV=70.00,Time=0.5502},
    {Pos=Vector3.new(39.065,3.698,8.461),Vel=Vector3.new(15.139,-0.000,5.139),Move=Vector3.new(0.946,0,0.323),Jump=false,CFrame=CFrame.new(49.052,11.909,12.432,-0.370717,0.506083,-0.778748,-0.000001,0.838494,0.544911,0.928746,0.202009,-0.310844),FOV=70.00,Time=0.5668},
    {Pos=Vector3.new(38.814,3.698,8.371),Vel=Vector3.new(15.056,-0.000,5.385),Move=Vector3.new(0.941,0,0.338),Jump=false,CFrame=CFrame.new(48.800,11.909,12.346,-0.370717,0.506083,-0.778748,-0.000001,0.838494,0.544911,0.928746,0.202009,-0.310844),FOV=70.00,Time=0.5828},
    {Pos=Vector3.new(38.564,3.698,8.278),Vel=Vector3.new(15.006,-0.000,5.529),Move=Vector3.new(0.938,0,0.347),Jump=false,CFrame=CFrame.new(48.548,11.909,12.256,-0.370717,0.506083,-0.778748,-0.000001,0.838494,0.544911,0.928746,0.202009,-0.310844),FOV=70.00,Time=0.5999},
    {Pos=Vector3.new(38.314,3.698,8.185),Vel=Vector3.new(14.981,-0.000,5.601),Move=Vector3.new(0.936,0,0.351),Jump=false,CFrame=CFrame.new(48.298,11.909,12.164,-0.370717,0.506083,-0.778748,-0.000001,0.838494,0.544911,0.928746,0.202009,-0.310844),FOV=70.00,Time=0.6168},
    {Pos=Vector3.new(38.065,3.663,8.091),Vel=Vector3.new(14.982,3.270,5.603),Move=Vector3.new(0.936,0,0.351),Jump=false,CFrame=CFrame.new(48.049,11.909,12.070,-0.370717,0.506083,-0.778748,-0.000001,0.838494,0.544911,0.928746,0.202009,-0.310844),FOV=70.00,Time=0.6336},
    {Pos=Vector3.new(37.815,3.575,7.998),Vel=Vector3.new(14.983,6.540,5.603),Move=Vector3.new(0.936,0,0.351),Jump=false,CFrame=CFrame.new(47.799,11.875,11.977,-0.370717,0.506083,-0.778748,-0.000001,0.838494,0.544911,0.928746,0.202009,-0.310844),FOV=70.00,Time=0.6498},
    {Pos=Vector3.new(37.565,3.432,7.904),Vel=Vector3.new(14.983,9.810,5.603),Move=Vector3.new(0.936,0,0.351),Jump=false,CFrame=CFrame.new(47.549,11.786,11.883,-0.370717,0.506083,-0.778748,-0.000001,0.838494,0.544911,0.928746,0.202009,-0.310844),FOV=70.00,Time=0.6671},
    {Pos=Vector3.new(37.316,3.234,7.810),Vel=Vector3.new(14.984,13.080,5.603),Move=Vector3.new(0.936,0,0.351),Jump=false,CFrame=CFrame.new(47.300,11.643,11.789,-0.370717,0.506083,-0.778748,-0.000001,0.838494,0.544911,0.928746,0.202009,-0.310844),FOV=70.00,Time=0.6838},
    {Pos=Vector3.new(37.066,2.982,7.717),Vel=Vector3.new(14.985,16.350,5.604),Move=Vector3.new(0.936,0,0.351),Jump=false,CFrame=CFrame.new(47.050,11.446,11.696,-0.370717,0.506083,-0.778748,-0.000001,0.838494,0.544911,0.928746,0.202009,-0.310844),FOV=70.00,Time=0.7004},
    {Pos=Vector3.new(36.816,2.676,7.623),Vel=Vector3.new(14.983,19.620,5.613),Move=Vector3.new(0.936,0,0.351),Jump=false,CFrame=CFrame.new(46.800,11.194,11.602,-0.370717,0.506083,-0.778748,-0.000001,0.838494,0.544911,0.928746,0.202009,-0.310844),FOV=70.00,Time=0.7171},
    {Pos=Vector3.new(36.566,2.315,7.529),Vel=Vector3.new(14.982,22.890,5.617),Move=Vector3.new(0.936,0,0.351),Jump=false,CFrame=CFrame.new(46.551,10.887,11.509,-0.370717,0.506083,-0.778748,-0.000001,0.838494,0.544911,0.928746,0.202009,-0.310844),FOV=70.00,Time=0.7336},
    {Pos=Vector3.new(36.317,2.127,7.436),Vel=Vector3.new(14.981,2.667,5.618),Move=Vector3.new(0.936,0,0.351),Jump=false,CFrame=CFrame.new(46.301,10.526,11.415,-0.370717,0.506083,-0.778748,-0.000001,0.838494,0.544911,0.928746,0.202009,-0.310844),FOV=70.00,Time=0.7502},
    {Pos=Vector3.new(36.067,2.138,7.342),Vel=Vector3.new(14.981,-1.475,5.618),Move=Vector3.new(0.936,0,0.351),Jump=false,CFrame=CFrame.new(46.051,10.338,11.321,-0.370717,0.506083,-0.778748,-0.000001,0.838494,0.544911,0.928746,0.202009,-0.310844),FOV=70.00,Time=0.7669},
    {Pos=Vector3.new(35.817,2.162,7.248),Vel=Vector3.new(14.981,-1.266,5.618),Move=Vector3.new(0.936,0,0.351),Jump=false,CFrame=CFrame.new(45.801,10.350,11.228,-0.370717,0.506083,-0.778748,-0.000001,0.838494,0.544911,0.928746,0.202009,-0.310844),FOV=70.00,Time=0.7837},
    {Pos=Vector3.new(35.568,2.178,7.155),Vel=Vector3.new(14.981,-0.763,5.619),Move=Vector3.new(0.936,0,0.351),Jump=false,CFrame=CFrame.new(45.552,10.373,11.134,-0.370717,0.506083,-0.778748,-0.000001,0.838494,0.544911,0.928746,0.202009,-0.310844),FOV=70.00,Time=0.8006},
    {Pos=Vector3.new(35.318,2.187,7.062),Vel=Vector3.new(14.995,-0.427,5.582),Move=Vector3.new(0.937,0,0.349),Jump=false,CFrame=CFrame.new(45.302,10.389,11.040,-0.370717,0.506083,-0.778748,-0.000001,0.838494,0.544911,0.928746,0.202009,-0.310844),FOV=70.00,Time=0.8169},
    {Pos=Vector3.new(35.068,2.192,6.969),Vel=Vector3.new(14.994,-0.234,5.584),Move=Vector3.new(0.937,0,0.349),Jump=false,CFrame=CFrame.new(45.052,10.398,10.947,-0.370717,0.506083,-0.778748,-0.000001,0.838494,0.544911,0.928746,0.202009,-0.310844),FOV=70.00,Time=0.8339},
    {Pos=Vector3.new(34.755,2.195,6.853),Vel=Vector3.new(15.008,-0.110,5.547),Move=Vector3.new(0.938,0,0.347),Jump=false,CFrame=CFrame.new(44.802,10.403,10.854,-0.370717,0.506083,-0.778748,-0.000001,0.838494,0.544911,0.928746,0.202009,-0.310844),FOV=70.00,Time=0.8520},
    {Pos=Vector3.new(34.442,2.196,6.739),Vel=Vector3.new(15.036,-0.055,5.469),Move=Vector3.new(0.940,0,0.342),Jump=false,CFrame=CFrame.new(44.490,10.406,10.738,-0.370717,0.506083,-0.778748,-0.000001,0.838494,0.544911,0.928746,0.202009,-0.310844),FOV=70.00,Time=0.8680},
    {Pos=Vector3.new(34.317,2.197,6.693),Vel=Vector3.new(15.037,-0.041,5.468),Move=Vector3.new(0.940,0,0.342),Jump=false,CFrame=CFrame.new(44.177,10.408,10.624,-0.370717,0.506083,-0.778748,-0.000001,0.838494,0.544911,0.928746,0.202009,-0.310844),FOV=70.00,Time=0.8826},
    {Pos=Vector3.new(34.066,2.197,6.603),Vel=Vector3.new(15.063,-0.023,5.394),Move=Vector3.new(0.941,0,0.337),Jump=false,CFrame=CFrame.new(44.051,10.408,10.579,-0.370717,0.506083,-0.778748,-0.000001,0.838494,0.544911,0.928746,0.202009,-0.310844),FOV=70.00,Time=0.9004},
    {Pos=Vector3.new(33.815,2.197,6.513),Vel=Vector3.new(15.068,-0.012,5.381),Move=Vector3.new(0.942,0,0.336),Jump=false,CFrame=CFrame.new(43.800,10.408,10.489,-0.370717,0.506083,-0.778748,-0.000001,0.838494,0.544911,0.928746,0.202009,-0.310844),FOV=70.00,Time=0.9166},
    {Pos=Vector3.new(33.564,2.197,6.424),Vel=Vector3.new(15.066,-0.007,5.388),Move=Vector3.new(0.942,0,0.337),Jump=false,CFrame=CFrame.new(43.549,10.409,10.399,-0.370717,0.506083,-0.778748,-0.000001,0.838494,0.544911,0.928746,0.202009,-0.310844),FOV=70.00,Time=0.9335},
    {Pos=Vector3.new(33.313,2.197,6.334),Vel=Vector3.new(15.065,-0.004,5.391),Move=Vector3.new(0.942,0,0.337),Jump=false,CFrame=CFrame.new(43.298,10.409,10.309,-0.370717,0.506083,-0.778748,-0.000001,0.838494,0.544911,0.928746,0.202009,-0.310844),FOV=70.00,Time=0.9501},
    {Pos=Vector3.new(33.062,2.197,6.244),Vel=Vector3.new(15.065,-0.002,5.391),Move=Vector3.new(0.942,0,0.337),Jump=false,CFrame=CFrame.new(43.047,10.409,10.219,-0.370717,0.506083,-0.778748,-0.000001,0.838494,0.544911,0.928746,0.202009,-0.310844),FOV=70.00,Time=0.9667},
    {Pos=Vector3.new(32.810,2.197,6.154),Vel=Vector3.new(15.065,-0.001,5.391),Move=Vector3.new(0.942,0,0.337),Jump=false,CFrame=CFrame.new(43.073,10.147,9.867,-0.340328,0.492679,-0.800902,0.000001,0.851746,0.523955,0.940307,0.178316,-0.289874),FOV=70.00,Time=0.9835},
    {Pos=Vector3.new(32.557,2.197,6.072),Vel=Vector3.new(15.228,-0.001,4.909),Move=Vector3.new(0.952,0,0.306),Jump=false,CFrame=CFrame.new(43.323,9.652,9.168,-0.275620,0.465575,-0.840996,0.000000,0.874883,0.484335,0.961267,0.133492,-0.241136),FOV=70.00,Time=1.0003},
    {Pos=Vector3.new(32.298,2.197,6.006),Vel=Vector3.new(15.522,-0.000,3.877),Move=Vector3.new(0.971,0,0.241),Jump=false,CFrame=CFrame.new(43.493,9.169,8.439,-0.211594,0.435667,-0.874884,0.000000,0.895153,0.445760,0.977358,0.094320,-0.189409),FOV=70.00,Time=1.0168},
    {Pos=Vector3.new(32.036,2.197,5.958),Vel=Vector3.new(15.740,-0.000,2.863),Move=Vector3.new(0.984,0,0.177),Jump=false,CFrame=CFrame.new(43.496,8.849,7.821,-0.160002,0.414670,-0.895795,-0.000000,0.907486,0.420082,0.987117,0.067214,-0.145200),FOV=70.00,Time=1.0335},
    {Pos=Vector3.new(31.772,2.197,5.922),Vel=Vector3.new(15.862,-0.000,2.082),Move=Vector3.new(0.992,0,0.129),Jump=false,CFrame=CFrame.new(43.380,8.649,7.388,-0.125075,0.400976,-0.907510,-0.000000,0.914693,0.404150,0.992147,0.050549,-0.114405),FOV=70.00,Time=1.0497},
    {Pos=Vector3.new(31.507,2.197,5.896),Vel=Vector3.new(15.925,-0.000,1.526),Move=Vector3.new(0.996,0,0.094),Jump=false,CFrame=CFrame.new(43.224,8.483,7.027,-0.096007,0.389059,-0.916196,-0.000000,0.920448,0.390865,0.995381,0.037526,-0.088369),FOV=70.00,Time=1.0660},
    {Pos=Vector3.new(31.240,2.197,5.878),Vel=Vector3.new(15.963,-0.000,1.058),Move=Vector3.new(0.998,0,0.065),Jump=false,CFrame=CFrame.new(43.016,8.390,6.796,-0.077957,0.382224,-0.920775,0.000000,0.923586,0.383391,0.996957,0.029888,-0.072000),FOV=70.00,Time=1.0836},
    {Pos=Vector3.new(30.974,2.197,5.865),Vel=Vector3.new(15.980,-0.000,0.765),Move=Vector3.new(0.999,0,0.047),Jump=false,CFrame=CFrame.new(42.787,8.323,6.650,-0.066661,0.377177,-0.923739,0.000000,0.925798,0.378018,0.997776,0.025199,-0.061715),FOV=70.00,Time=1.1014},
    {Pos=Vector3.new(30.708,2.197,5.856),Vel=Vector3.new(15.988,-0.000,0.581),Move=Vector3.new(0.999,0,0.036),Jump=false,CFrame=CFrame.new(42.538,8.286,6.600,-0.063396,0.374289,-0.925143,-0.000000,0.927007,0.375043,0.997989,0.023776,-0.058769),FOV=70.00,Time=1.1169},
    {Pos=Vector3.new(30.441,2.197,5.847),Vel=Vector3.new(15.990,-0.000,0.525),Move=Vector3.new(0.999,0,0.032),Jump=false,CFrame=CFrame.new(42.284,8.262,6.550,-0.059824,0.372492,-0.926105,-0.000000,0.927767,0.373161,0.998209,0.022324,-0.055502),FOV=70.00,Time=1.1332},
    {Pos=Vector3.new(30.175,2.197,5.839),Vel=Vector3.new(15.992,-0.000,0.467),Move=Vector3.new(1.000,0,0.029),Jump=false,CFrame=CFrame.new(42.022,8.256,6.507,-0.056863,0.372078,-0.926458,0.000000,0.927959,0.372681,0.998382,0.021192,-0.052766),FOV=70.00,Time=1.1497},
    {Pos=Vector3.new(29.908,2.197,5.832),Vel=Vector3.new(15.994,-0.000,0.419),Move=Vector3.new(1.000,0,0.026),Jump=false,CFrame=CFrame.new(41.755,8.256,6.499,-0.056863,0.372077,-0.926458,0.000000,0.927960,0.372680,0.998382,0.021191,-0.052766),FOV=70.00,Time=1.1669},
    {Pos=Vector3.new(29.641,2.197,5.825),Vel=Vector3.new(15.994,-0.000,0.418),Move=Vector3.new(1.000,0,0.026),Jump=false,CFrame=CFrame.new(41.489,8.256,6.492,-0.056863,0.372078,-0.926458,0.000000,0.927959,0.372681,0.998382,0.021192,-0.052766),FOV=70.00,Time=1.1837},
    {Pos=Vector3.new(29.375,2.197,5.819),Vel=Vector3.new(15.994,-0.000,0.417),Move=Vector3.new(1.000,0,0.026),Jump=false,CFrame=CFrame.new(41.222,8.256,6.485,-0.056863,0.372078,-0.926458,0.000000,0.927959,0.372681,0.998382,0.021192,-0.052766),FOV=70.00,Time=1.2003},
    {Pos=Vector3.new(29.108,2.197,5.812),Vel=Vector3.new(15.994,-0.000,0.420),Move=Vector3.new(1.000,0,0.026),Jump=false,CFrame=CFrame.new(40.956,8.256,6.478,-0.056863,0.372077,-0.926458,0.000000,0.927960,0.372680,0.998382,0.021191,-0.052766),FOV=70.00,Time=1.2170},
    {Pos=Vector3.new(28.842,2.197,5.805),Vel=Vector3.new(15.995,-0.000,0.397),Move=Vector3.new(1.000,0,0.025),Jump=false,CFrame=CFrame.new(40.689,8.256,6.471,-0.056863,0.372078,-0.926458,0.000000,0.927959,0.372681,0.998382,0.021192,-0.052766),FOV=70.00,Time=1.2331},
    {Pos=Vector3.new(28.575,2.197,5.799),Vel=Vector3.new(15.996,-0.000,0.360),Move=Vector3.new(1.000,0,0.022),Jump=false,CFrame=CFrame.new(40.422,8.256,6.465,-0.056863,0.372078,-0.926458,0.000000,0.927959,0.372681,0.998382,0.021192,-0.052766),FOV=70.00,Time=1.2498},
    {Pos=Vector3.new(28.308,2.197,5.793),Vel=Vector3.new(15.996,-0.000,0.356),Move=Vector3.new(1.000,0,0.022),Jump=false,CFrame=CFrame.new(40.156,8.256,6.459,-0.056863,0.372078,-0.926458,0.000000,0.927959,0.372681,0.998382,0.021192,-0.052766),FOV=70.00,Time=1.2670},
    {Pos=Vector3.new(28.042,2.197,5.787),Vel=Vector3.new(15.996,-0.000,0.361),Move=Vector3.new(1.000,0,0.022),Jump=false,CFrame=CFrame.new(39.889,8.256,6.453,-0.056863,0.372078,-0.926458,0.000000,0.927959,0.372681,0.998382,0.021192,-0.052766),FOV=70.00,Time=1.2850},
    {Pos=Vector3.new(27.775,2.197,5.781),Vel=Vector3.new(15.996,-0.000,0.366),Move=Vector3.new(1.000,0,0.023),Jump=false,CFrame=CFrame.new(39.623,8.256,6.447,-0.056863,0.372077,-0.926458,0.000000,0.927960,0.372680,0.998382,0.021191,-0.052766),FOV=70.00,Time=1.2993},
    {Pos=Vector3.new(27.509,2.197,5.775),Vel=Vector3.new(15.996,-0.000,0.370),Move=Vector3.new(1.000,0,0.023),Jump=false,CFrame=CFrame.new(39.356,8.256,6.441,-0.056863,0.372078,-0.926458,0.000000,0.927959,0.372681,0.998382,0.021192,-0.052766),FOV=70.00,Time=1.3159},
    {Pos=Vector3.new(27.242,2.197,5.769),Vel=Vector3.new(15.996,-0.000,0.374),Move=Vector3.new(1.000,0,0.023),Jump=false,CFrame=CFrame.new(39.089,8.256,6.435,-0.056863,0.372078,-0.926458,0.000000,0.927959,0.372681,0.998382,0.021192,-0.052766),FOV=70.00,Time=1.3332},
    {Pos=Vector3.new(26.975,2.197,5.763),Vel=Vector3.new(15.996,-0.000,0.340),Move=Vector3.new(1.000,0,0.021),Jump=false,CFrame=CFrame.new(38.823,8.256,6.428,-0.056863,0.372077,-0.926458,0.000000,0.927960,0.372680,0.998382,0.021191,-0.052766),FOV=70.00,Time=1.3499},
    {Pos=Vector3.new(26.709,2.197,5.758),Vel=Vector3.new(15.997,-0.000,0.282),Move=Vector3.new(1.000,0,0.017),Jump=false,CFrame=CFrame.new(38.556,8.256,6.423,-0.056863,0.372078,-0.926458,0.000000,0.927959,0.372681,0.998382,0.021192,-0.052766),FOV=70.00,Time=1.3668},
    {Pos=Vector3.new(26.442,2.197,5.755),Vel=Vector3.new(15.999,-0.000,0.174),Move=Vector3.new(1.000,0,0.011),Jump=false,CFrame=CFrame.new(38.290,8.256,6.418,-0.056863,0.372078,-0.926458,0.000000,0.927959,0.372681,0.998382,0.021192,-0.052766),FOV=70.00,Time=1.3839},
    {Pos=Vector3.new(26.176,2.197,5.755),Vel=Vector3.new(16.000,-0.000,-0.004),Move=Vector3.new(1.000,0,-0.001),Jump=false,CFrame=CFrame.new(38.023,8.256,6.415,-0.056863,0.372078,-0.926458,0.000000,0.927959,0.372681,0.998382,0.021192,-0.052766),FOV=70.00,Time=1.4008},
    {Pos=Vector3.new(25.776,2.197,5.762),Vel=Vector3.new(15.997,-0.000,-0.292),Move=Vector3.new(1.000,0,-0.018),Jump=false,CFrame=CFrame.new(37.763,8.256,6.276,-0.044854,0.372306,-0.927026,-0.000000,0.927960,0.372681,0.998994,0.016716,-0.041623),FOV=70.00,Time=1.4181},
    {Pos=Vector3.new(25.642,2.197,5.768),Vel=Vector3.new(15.985,-0.000,-0.666),Move=Vector3.new(0.999,0,-0.046),Jump=false,CFrame=CFrame.new(37.374,8.256,5.916,-0.013243,0.372648,-0.927878,-0.000000,0.927960,0.372680,0.999912,0.004935,-0.012289),FOV=70.00,Time=1.4341},
    {Pos=Vector3.new(25.376,2.197,5.788),Vel=Vector3.new(15.953,-0.000,-1.219),Move=Vector3.new(0.997,0,-0.077),Jump=false,CFrame=CFrame.new(37.241,8.256,5.921,-0.013243,0.372648,-0.927878,-0.000000,0.927960,0.372680,0.999912,0.004935,-0.012289),FOV=70.00,Time=1.4502},
    {Pos=Vector3.new(25.111,2.197,5.809),Vel=Vector3.new(15.949,-0.000,-1.271),Move=Vector3.new(0.997,0,-0.080),Jump=false,CFrame=CFrame.new(37.004,8.150,5.215,0.049178,0.363789,-0.930182,-0.000000,0.931309,0.364230,0.998790,-0.017912,0.045800),FOV=70.00,Time=1.4665},
    {Pos=Vector3.new(24.845,3.063,5.830),Vel=Vector3.new(15.949,-50.701,-1.271),Move=Vector3.new(0.990,0,-0.142),Jump=false,CFrame=CFrame.new(36.758,8.026,4.825,0.084192,0.353052,-0.931808,-0.000000,0.935128,0.354310,0.996449,-0.029830,0.078731),FOV=70.00,Time=1.4850},
    {Pos=Vector3.new(24.582,3.874,5.871),Vel=Vector3.new(15.756,-47.431,-2.771),Move=Vector3.new(0.984,0,-0.176),Jump=false,CFrame=CFrame.new(36.501,8.814,4.625,0.102867,0.346238,-0.932490,-0.000000,0.937463,0.348085,0.994695,-0.035806,0.096434),FOV=70.00,Time=1.5011},
    {Pos=Vector3.new(24.320,4.630,5.922),Vel=Vector3.new(15.695,-44.161,-3.111),Move=Vector3.new(0.981,0,-0.195),Jump=false,CFrame=CFrame.new(36.244,9.596,4.621,0.106529,0.343838,-0.932967,0.000000,0.938306,0.345806,0.994310,-0.036838,0.099956),FOV=70.00,Time=1.5172},
    {Pos=Vector3.new(24.058,5.332,5.975),Vel=Vector3.new(15.682,-40.891,-3.174),Move=Vector3.new(0.980,0,-0.198),Jump=false,CFrame=CFrame.new(35.982,10.353,4.673,0.106529,0.343838,-0.932967,0.000000,0.938306,0.345806,0.994310,-0.036838,0.099956),FOV=70.00,Time=1.5340},
    {Pos=Vector3.new(23.666,6.283,6.050),Vel=Vector3.new(15.718,-35.986,-2.993),Move=Vector3.new(0.982,0,-0.187),Jump=false,CFrame=CFrame.new(35.721,11.055,4.725,0.106529,0.343838,-0.932967,0.000000,0.938306,0.345806,0.994310,-0.036838,0.099956),FOV=70.00,Time=1.5583},
    {Pos=Vector3.new(23.271,7.111,6.116),Vel=Vector3.new(15.818,-31.081,-2.404),Move=Vector3.new(0.989,0,-0.149),Jump=false,CFrame=CFrame.new(35.131,12.435,4.836,0.106529,0.343838,-0.932967,0.000000,0.938306,0.345806,0.994310,-0.036838,0.099956),FOV=70.00,Time=1.5828},
    {Pos=Vector3.new(23.007,7.595,6.150),Vel=Vector3.new(15.872,-27.811,-2.017),Move=Vector3.new(0.992,0,-0.126),Jump=false,CFrame=CFrame.new(34.933,12.834,4.866,0.106529,0.343838,-0.932967,0.000000,0.938306,0.345806,0.994310,-0.036838,0.099956),FOV=70.00,Time=1.5999},
    {Pos=Vector3.new(22.741,8.025,6.177),Vel=Vector3.new(15.925,-24.541,-1.541),Move=Vector3.new(0.995,0,-0.096),Jump=false,CFrame=CFrame.new(34.669,13.318,4.901,0.106529,0.343838,-0.932967,0.000000,0.938306,0.345806,0.994310,-0.036838,0.099956),FOV=70.00,Time=1.6166},
    {Pos=Vector3.new(22.475,8.400,6.196),Vel=Vector3.new(15.961,-21.271,-1.110),Move=Vector3.new(0.998,0,-0.069),Jump=false,CFrame=CFrame.new(34.414,13.725,4.952,0.104359,0.342116,-0.933845,-0.000000,0.938972,0.343995,0.994540,-0.035899,0.097990),FOV=70.00,Time=1.6334},
    {Pos=Vector3.new(22.209,8.720,6.209),Vel=Vector3.new(15.984,-18.001,-0.723),Move=Vector3.new(0.999,0,-0.045),Jump=false,CFrame=CFrame.new(34.178,14.021,4.985,0.102927,0.335920,-0.936250,0.000000,0.941249,0.337714,0.994689,-0.034760,0.096880),FOV=70.00,Time=1.6501},
    {Pos=Vector3.new(21.942,8.986,6.216),Vel=Vector3.new(15.996,-14.731,-0.353),Move=Vector3.new(1.000,0,-0.022),Jump=false,CFrame=CFrame.new(33.919,14.324,5.006,0.102189,0.334571,-0.936814,-0.000000,0.941744,0.336331,0.994765,-0.034369,0.096236),FOV=70.00,Time=1.6665},
    {Pos=Vector3.new(21.676,9.197,6.216),Vel=Vector3.new(16.000,-11.461,0.060),Move=Vector3.new(1.000,0,0.004),Jump=false,CFrame=CFrame.new(33.653,14.590,5.013,0.102189,0.334571,-0.936814,-0.000000,0.941744,0.336331,0.994765,-0.034369,0.096236),FOV=70.00,Time=1.6839},
    {Pos=Vector3.new(21.434,9.354,6.215),Vel=Vector3.new(13.616,-8.191,0.051),Move=Vector3.new(-0.000,0,-0.000),Jump=false,CFrame=CFrame.new(33.404,14.762,5.054,0.098568,0.331540,-0.938278,-0.000000,0.942870,0.333162,0.995130,-0.032839,0.092937),FOV=70.00,Time=1.7002},
    {Pos=Vector3.new(21.232,9.457,6.214),Vel=Vector3.new(11.233,-4.921,0.042),Move=Vector3.new(-0.000,0,-0.000),Jump=false,CFrame=CFrame.new(33.169,14.908,5.078,0.096380,0.330713,-0.938797,0.000000,0.943188,0.332260,0.995345,-0.032023,0.090905),FOV=70.00,Time=1.7164},
    {Pos=Vector3.new(21.069,9.505,6.213),Vel=Vector3.new(8.850,-1.651,0.033),Move=Vector3.new(-0.000,0,-0.000),Jump=false,CFrame=CFrame.new(32.970,15.010,5.107,0.093886,0.330792,-0.939022,-0.000000,0.943188,0.332260,0.995583,-0.031194,0.088552),FOV=70.00,Time=1.7339},
    {Pos=Vector3.new(20.947,9.498,6.213),Vel=Vector3.new(6.467,1.619,0.024),Move=Vector3.new(-0.000,0,-0.000),Jump=false,CFrame=CFrame.new(32.818,15.058,5.228,0.083556,0.331099,-0.939889,0.000000,0.943188,0.332261,0.996503,-0.027762,0.078809),FOV=70.00,Time=1.7503},
    {Pos=Vector3.new(20.864,9.437,6.212),Vel=Vector3.new(4.083,4.889,0.015),Move=Vector3.new(-0.000,0,-0.000),Jump=false,CFrame=CFrame.new(32.701,15.052,5.303,0.077202,0.331269,-0.940373,0.000000,0.943188,0.332260,0.997015,-0.025651,0.072816),FOV=70.00,Time=1.7671},
    {Pos=Vector3.new(20.821,9.322,6.212),Vel=Vector3.new(1.700,8.159,0.006),Move=Vector3.new(-0.000,0,-0.000),Jump=false,CFrame=CFrame.new(32.622,14.990,5.349,0.073276,0.331367,-0.940652,0.000000,0.943188,0.332261,0.997312,-0.024347,0.069113),FOV=70.00,Time=1.7837},
    {Pos=Vector3.new(20.813,9.152,6.212),Vel=Vector3.new(0.071,11.429,0.000),Move=Vector3.new(-0.000,0,-0.000),Jump=false,CFrame=CFrame.new(32.569,14.933,5.521,0.058701,0.336336,-0.939911,0.000000,0.941535,0.336917,0.998276,-0.019777,0.055269),FOV=70.00,Time=1.8015},
    {Pos=Vector3.new(20.813,8.927,6.212),Vel=Vector3.new(0.001,14.699,0.000),Move=Vector3.new(-0.000,0,-0.000),Jump=false,CFrame=CFrame.new(32.511,14.948,5.957,0.021832,0.351600,-0.935896,-0.000000,0.936119,0.351684,0.999762,-0.007678,0.020437),FOV=70.00,Time=1.8168},
    {Pos=Vector3.new(20.813,8.648,6.212),Vel=Vector3.new(0.000,17.969,0.000),Move=Vector3.new(-0.000,0,-0.000),Jump=false,CFrame=CFrame.new(32.434,14.930,6.221,-0.000784,0.368224,-0.929737,-0.000000,0.929737,0.368224,1.000000,0.000289,-0.000729),FOV=70.00,Time=1.8337},
    {Pos=Vector3.new(20.813,8.314,6.212),Vel=Vector3.new(0.000,21.239,0.000),Move=Vector3.new(-0.000,0,-0.000),Jump=false,CFrame=CFrame.new(32.348,14.859,6.388,-0.015246,0.384872,-0.922844,-0.000000,0.922951,0.384916,0.999884,0.005868,-0.014071),FOV=70.00,Time=1.8499},
    {Pos=Vector3.new(20.813,7.926,6.212),Vel=Vector3.new(0.000,24.509,0.000),Move=Vector3.new(-0.000,0,-0.000),Jump=false,CFrame=CFrame.new(32.309,14.618,6.431,-0.019063,0.392205,-0.919680,0.000000,0.919848,0.392276,0.999818,0.007478,-0.017535),FOV=70.00,Time=1.8671},
    {Pos=Vector3.new(20.813,7.484,6.212),Vel=Vector3.new(0.000,27.779,0.000),Move=Vector3.new(-0.000,0,-0.000),Jump=false,CFrame=CFrame.new(32.260,14.343,6.439,-0.019804,0.401209,-0.915773,0.000000,0.915952,0.401288,0.999804,0.007947,-0.018139),FOV=70.00,Time=1.8840},
    {Pos=Vector3.new(20.813,6.987,6.212),Vel=Vector3.new(0.000,31.049,0.000),Move=Vector3.new(-0.000,0,-0.000),Jump=false,CFrame=CFrame.new(32.243,13.936,6.464,-0.021985,0.404054,-0.914471,0.000000,0.914692,0.404152,0.999758,0.008885,-0.020110),FOV=70.00,Time=1.9001},
    {Pos=Vector3.new(20.813,6.435,6.212),Vel=Vector3.new(-0.000,34.319,0.000),Move=Vector3.new(-0.000,0,-0.000),Jump=false,CFrame=CFrame.new(32.243,13.439,6.464,-0.021985,0.404054,-0.914471,0.000000,0.914692,0.404152,0.999758,0.008885,-0.020110),FOV=70.00,Time=1.9167},
    {Pos=Vector3.new(20.813,5.829,6.212),Vel=Vector3.new(-0.000,37.589,0.000),Move=Vector3.new(-0.000,0,-0.000),Jump=false,CFrame=CFrame.new(32.243,12.887,6.464,-0.021985,0.404054,-0.914471,0.000000,0.914692,0.404152,0.999758,0.008885,-0.020110),FOV=70.00,Time=1.9336},
    {Pos=Vector3.new(20.813,5.169,6.212),Vel=Vector3.new(-0.000,40.859,0.000),Move=Vector3.new(-0.000,0,-0.000),Jump=false,CFrame=CFrame.new(32.243,12.281,6.464,-0.021985,0.404054,-0.914471,0.000000,0.914692,0.404152,0.999758,0.008885,-0.020110),FOV=70.00,Time=1.9504},
    {Pos=Vector3.new(20.813,4.454,6.212),Vel=Vector3.new(-0.000,44.129,0.000),Move=Vector3.new(-0.000,0,-0.000),Jump=false,CFrame=CFrame.new(32.243,11.621,6.464,-0.021985,0.404054,-0.914471,0.000000,0.914692,0.404152,0.999758,0.008885,-0.020110),FOV=70.00,Time=1.9669},
    {Pos=Vector3.new(20.813,3.684,6.212),Vel=Vector3.new(-0.000,47.399,0.000),Move=Vector3.new(-0.000,0,-0.000),Jump=false,CFrame=CFrame.new(32.243,10.906,6.464,-0.021985,0.404054,-0.914471,0.000000,0.914692,0.404152,0.999758,0.008885,-0.020110),FOV=70.00,Time=1.9836},
    {Pos=Vector3.new(20.813,3.507,6.212),Vel=Vector3.new(-0.000,0.084,0.000),Move=Vector3.new(-0.000,0,-0.000),Jump=false,CFrame=CFrame.new(32.243,10.136,6.464,-0.021985,0.404054,-0.914471,0.000000,0.914692,0.404152,0.999758,0.008885,-0.020110),FOV=70.00,Time=2.0000},
    {Pos=Vector3.new(20.785,3.567,6.233),Vel=Vector3.new(1.954,-4.229,-1.440),Move=Vector3.new(0.802,0,-0.597),Jump=false,CFrame=CFrame.new(32.243,9.959,6.464,-0.021985,0.404054,-0.914471,0.000000,0.914692,0.404152,0.999758,0.008885,-0.020110),FOV=70.00,Time=2.0181},
    {Pos=Vector3.new(20.704,3.623,6.296),Vel=Vector3.new(5.784,-3.016,-4.451),Move=Vector3.new(0.790,0,-0.612),Jump=false,CFrame=CFrame.new(32.216,10.019,6.484,-0.021985,0.404054,-0.914471,0.000000,0.914692,0.404152,0.999758,0.008885,-0.020110),FOV=70.00,Time=2.0339},
    {Pos=Vector3.new(20.557,3.657,6.412),Vel=Vector3.new(9.802,-1.736,-7.765),Move=Vector3.new(0.782,0,-0.624),Jump=false,CFrame=CFrame.new(32.135,10.075,6.547,-0.021985,0.404054,-0.914471,0.000000,0.914692,0.404152,0.999758,0.008885,-0.020110),FOV=70.00,Time=2.0495},
    {Pos=Vector3.new(20.359,3.676,6.577),Vel=Vector3.new(12.145,-0.950,-10.208),Move=Vector3.new(0.764,0,-0.645),Jump=false,CFrame=CFrame.new(31.988,10.109,6.663,-0.021985,0.404054,-0.914471,0.000000,0.914692,0.404152,0.999758,0.008885,-0.020110),FOV=70.00,Time=2.0669},
    {Pos=Vector3.new(20.162,3.686,6.757),Vel=Vector3.new(11.798,-0.512,-10.792),Move=Vector3.new(0.737,0,-0.676),Jump=false,CFrame=CFrame.new(31.790,10.128,6.829,-0.021985,0.404054,-0.914471,0.000000,0.914692,0.404151,0.999758,0.008885,-0.020110),FOV=70.00,Time=2.0836},
    {Pos=Vector3.new(19.973,3.691,6.945),Vel=Vector3.new(11.314,-0.275,-11.304),Move=Vector3.new(0.706,0,-0.708),Jump=false,CFrame=CFrame.new(31.592,10.138,7.075,-0.027779,0.403997,-0.914339,-0.000000,0.914692,0.404153,0.999614,0.011227,-0.025409),FOV=70.00,Time=2.1004},
    {Pos=Vector3.new(19.790,3.694,7.139),Vel=Vector3.new(10.974,-0.147,-11.635),Move=Vector3.new(0.685,0,-0.729),Jump=false,CFrame=CFrame.new(31.401,10.143,7.304,-0.031416,0.403952,-0.914241,0.000000,0.914692,0.404151,0.999506,0.012697,-0.028736),FOV=70.00,Time=2.1166},
    {Pos=Vector3.new(19.521,3.696,7.435),Vel=Vector3.new(10.750,-0.058,-11.844),Move=Vector3.new(0.671,0,-0.741),Jump=false,CFrame=CFrame.new(31.216,10.146,7.573,-0.037940,0.403861,-0.914033,-0.000000,0.914692,0.404152,0.999280,0.015334,-0.034703),FOV=70.00,Time=2.1363},
    {Pos=Vector3.new(19.255,3.697,7.734),Vel=Vector3.new(10.637,-0.023,-11.948),Move=Vector3.new(0.664,0,-0.747),Jump=false,CFrame=CFrame.new(30.857,10.148,7.985,-0.039430,0.403838,-0.913981,0.000000,0.914692,0.404152,0.999222,0.015935,-0.036066),FOV=70.00,Time=2.1659},
    {Pos=Vector3.new(19.078,3.697,7.933),Vel=Vector3.new(10.613,-0.012,-11.970),Move=Vector3.new(0.663,0,-0.749),Jump=false,CFrame=CFrame.new(30.672,10.167,8.184,-0.039430,0.405264,-0.913349,0.000000,0.914060,0.405579,0.999222,0.015992,-0.036041),FOV=70.00,Time=2.1832},
    {Pos=Vector3.new(18.903,3.697,8.134),Vel=Vector3.new(10.558,-0.007,-12.020),Move=Vector3.new(0.659,0,-0.752),Jump=false,CFrame=CFrame.new(30.497,10.159,8.434,-0.043790,0.404533,-0.913475,0.000000,0.914352,0.404921,0.999041,0.017731,-0.040039),FOV=70.00,Time=2.1995},
    {Pos=Vector3.new(18.725,3.697,8.333),Vel=Vector3.new(10.635,-0.003,-11.952),Move=Vector3.new(0.664,0,-0.747),Jump=false,CFrame=CFrame.new(30.321,10.159,8.634,-0.043790,0.404533,-0.913475,0.000000,0.914352,0.404921,0.999041,0.017731,-0.040039),FOV=70.00,Time=2.2163},
    {Pos=Vector3.new(18.548,3.697,8.532),Vel=Vector3.new(10.633,-0.002,-11.955),Move=Vector3.new(0.664,0,-0.747),Jump=false,CFrame=CFrame.new(30.144,10.159,8.833,-0.043790,0.404533,-0.913475,0.000000,0.914352,0.404921,0.999041,0.017731,-0.040039),FOV=70.00,Time=2.2330},
    {Pos=Vector3.new(18.371,3.697,8.731),Vel=Vector3.new(10.669,-0.001,-11.923),Move=Vector3.new(0.667,0,-0.745),Jump=false,CFrame=CFrame.new(29.967,10.159,9.033,-0.043790,0.404533,-0.913475,0.000000,0.914352,0.404921,0.999041,0.017731,-0.040039),FOV=70.00,Time=2.2497},
    {Pos=Vector3.new(18.192,3.697,8.929),Vel=Vector3.new(10.710,-0.001,-11.886),Move=Vector3.new(0.669,0,-0.743),Jump=false,CFrame=CFrame.new(29.789,10.159,9.232,-0.043790,0.404533,-0.913475,0.000000,0.914352,0.404921,0.999041,0.017731,-0.040039),FOV=70.00,Time=2.2660},
    {Pos=Vector3.new(18.013,3.697,9.127),Vel=Vector3.new(10.758,-0.000,-11.843),Move=Vector3.new(0.672,0,-0.740),Jump=false,CFrame=CFrame.new(29.611,10.159,9.430,-0.043790,0.404533,-0.913475,0.000000,0.914352,0.404921,0.999041,0.017731,-0.040039),FOV=70.00,Time=2.2827},
    {Pos=Vector3.new(17.834,3.663,9.324),Vel=Vector3.new(10.759,3.270,-11.842),Move=Vector3.new(0.675,0,-0.738),Jump=false,CFrame=CFrame.new(29.431,10.159,9.627,-0.043790,0.404533,-0.913475,0.000000,0.914352,0.404921,0.999041,0.017731,-0.040039),FOV=70.00,Time=2.3003},
    {Pos=Vector3.new(17.654,3.575,9.522),Vel=Vector3.new(10.759,6.540,-11.842),Move=Vector3.new(0.692,0,-0.722),Jump=false,CFrame=CFrame.new(29.252,10.125,9.825,-0.043790,0.404533,-0.913475,0.000000,0.914352,0.404921,0.999041,0.017731,-0.040039),FOV=70.00,Time=2.3165},
    {Pos=Vector3.new(17.475,3.432,9.719),Vel=Vector3.new(10.759,9.810,-11.842),Move=Vector3.new(0.719,0,-0.695),Jump=false,CFrame=CFrame.new(29.073,10.036,10.022,-0.043790,0.404533,-0.913475,0.000000,0.914352,0.404921,0.999041,0.017731,-0.040039),FOV=70.00,Time=2.3337},
    {Pos=Vector3.new(17.296,3.234,9.916),Vel=Vector3.new(10.759,13.080,-11.842),Move=Vector3.new(0.748,0,-0.663),Jump=false,CFrame=CFrame.new(28.894,9.893,10.220,-0.043790,0.404533,-0.913475,0.000000,0.914352,0.404921,0.999041,0.017731,-0.040039),FOV=70.00,Time=2.3498},
    {Pos=Vector3.new(17.117,2.982,10.114),Vel=Vector3.new(10.759,16.350,-11.842),Move=Vector3.new(0.781,0,-0.625),Jump=false,CFrame=CFrame.new(28.714,9.696,10.417,-0.043790,0.404533,-0.913475,0.000000,0.914352,0.404921,0.999041,0.017731,-0.040039),FOV=70.00,Time=2.3665},
    {Pos=Vector3.new(16.908,2.676,10.279),Vel=Vector3.new(12.986,19.620,-9.323),Move=Vector3.new(0.817,0,-0.577),Jump=false,CFrame=CFrame.new(28.535,9.444,10.614,-0.043790,0.404533,-0.913475,0.000000,0.914352,0.404921,0.999041,0.017731,-0.040039),FOV=70.00,Time=2.3837},
    {Pos=Vector3.new(16.683,2.315,10.421),Vel=Vector3.new(13.585,22.890,-8.447),Move=Vector3.new(0.850,0,-0.526),Jump=false,CFrame=CFrame.new(28.327,9.137,10.779,-0.043790,0.404533,-0.913475,0.000000,0.914352,0.404921,0.999041,0.017731,-0.040039),FOV=70.00,Time=2.4004},
    {Pos=Vector3.new(16.449,2.127,10.549),Vel=Vector3.new(14.103,2.668,-7.550),Move=Vector3.new(0.883,0,-0.470),Jump=false,CFrame=CFrame.new(28.102,8.776,10.922,-0.043790,0.404533,-0.913475,0.000000,0.914352,0.404921,0.999041,0.017731,-0.040039),FOV=70.00,Time=2.4172},
    {Pos=Vector3.new(16.208,2.138,10.663),Vel=Vector3.new(14.509,-1.475,-6.735),Move=Vector3.new(0.908,0,-0.419),Jump=false,CFrame=CFrame.new(27.868,8.588,11.049,-0.043790,0.404533,-0.913475,0.000000,0.914352,0.404921,0.999041,0.017731,-0.040039),FOV=70.00,Time=2.4336},
    {Pos=Vector3.new(15.962,2.162,10.765),Vel=Vector3.new(14.790,-1.266,-6.094),Move=Vector3.new(0.925,0,-0.379),Jump=false,CFrame=CFrame.new(27.626,8.600,11.163,-0.043790,0.404533,-0.913475,0.000000,0.914352,0.404921,0.999041,0.017731,-0.040039),FOV=70.00,Time=2.4497},
