-- V23 Full - 20260126_210932
local gs = game.GetService local ws = gs(game,'Workspace') local cam = ws.CurrentCamera local plrs = gs(game,'Players') local plr = plrs.LocalPlayer task.wait(2) local char = plr.Character if not char then return end local hum = char:WaitForChild('Humanoid',5) local hrp = char:WaitForChild('HumanoidRootPart',5) if not(hum and hrp)then return end hum.AutoRotate=false cam.CameraType=Enum.CameraType.Scriptable task.wait(1.5)

cam.CFrame=CFrame.new(53.759,8.485,12.439,0.254602,-0.262046,0.930865,0.000000,0.962586,0.270975,-0.967046,-0.068991,0.245076) cam.FieldOfView=70.00 hum:Move(Vector3.zero,true) hrp.AssemblyLinearVelocity=Vector3.new(-0.000,0.000,0.000) hrp.CFrame=CFrame.new(42.123,3.698,9.375) local ld=cam.CFrame.LookVector*Vector3.new(1,0,1) if ld.Magnitude>0.01 then hrp.CFrame=CFrame.new(hrp.Position,hrp.Position+ld.Unit) end task.wait(0.0000)
cam.CFrame=CFrame.new(53.759,8.485,12.439,0.254602,-0.262046,0.930865,0.000000,0.962586,0.270975,-0.967046,-0.068991,0.245076) cam.FieldOfView=70.00 hum:Move(Vector3.zero,true) hrp.AssemblyLinearVelocity=Vector3.new(-0.000,0.000,0.000) hrp.CFrame=CFrame.new(42.123,3.698,9.375) local ld=cam.CFrame.LookVector*Vector3.new(1,0,1) if ld.Magnitude>0.01 then hrp.CFrame=CFrame.new(hrp.Position,hrp.Position+ld.Unit) end task.wait(0.0496)
cam.CFrame=CFrame.new(53.759,8.485,12.439,0.254602,-0.262046,0.930865,0.000000,0.962586,0.270975,-0.967046,-0.068991,0.245076) cam.FieldOfView=70.00 hum:Move(Vector3.new(-0.989,0,-0.148),true) hrp.AssemblyLinearVelocity=Vector3.new(-5.152,0.000,-0.763) hrp.CFrame=CFrame.new(42.059,3.698,9.365) local ld=cam.CFrame.LookVector*Vector3.new(1,0,1) if ld.Magnitude>0.01 then hrp.CFrame=CFrame.new(hrp.Position,hrp.Position+ld.Unit) end task.wait(0.0354)
cam.CFrame=CFrame.new(53.310,8.485,12.372,0.254602,-0.262046,0.930865,0.000000,0.962586,0.270975,-0.967046,-0.068991,0.245076) cam.FieldOfView=70.00 hum:Move(Vector3.new(-0.989,0,-0.149),true) hrp.AssemblyLinearVelocity=Vector3.new(-15.805,0.000,-2.366) hrp.CFrame=CFrame.new(41.411,3.698,9.269) local ld=cam.CFrame.LookVector*Vector3.new(1,0,1) if ld.Magnitude>0.01 then hrp.CFrame=CFrame.new(hrp.Position,hrp.Position+ld.Unit) end task.wait(0.0493)
cam.CFrame=CFrame.new(52.784,8.485,12.292,0.254602,-0.262046,0.930865,0.000000,0.962586,0.270975,-0.967046,-0.068991,0.245076) cam.FieldOfView=70.00 hum:Move(Vector3.new(-0.989,0,-0.149),true) hrp.AssemblyLinearVelocity=Vector3.new(-15.821,0.000,-2.366) hrp.CFrame=CFrame.new(40.884,3.698,9.189) local ld=cam.CFrame.LookVector*Vector3.new(1,0,1) if ld.Magnitude>0.01 then hrp.CFrame=CFrame.new(hrp.Position,hrp.Position+ld.Unit) end task.wait(0.0336)
cam.CFrame=CFrame.new(51.992,8.485,12.179,0.254602,-0.262046,0.930865,0.000000,0.962586,0.270975,-0.967046,-0.068991,0.245076) cam.FieldOfView=70.00 hum:Move(Vector3.new(-0.991,0,-0.133),true) hrp.AssemblyLinearVelocity=Vector3.new(-15.859,0.000,-2.113) hrp.CFrame=CFrame.new(40.092,3.698,9.081) local ld=cam.CFrame.LookVector*Vector3.new(1,0,1) if ld.Magnitude>0.01 then hrp.CFrame=CFrame.new(hrp.Position,hrp.Position+ld.Unit) end task.wait(0.0476)
cam.CFrame=CFrame.new(51.463,8.485,12.108,0.254602,-0.262046,0.930865,0.000000,0.962586,0.270975,-0.967046,-0.068991,0.245076) cam.FieldOfView=70.00 hum:Move(Vector3.new(-0.991,0,-0.135),true) hrp.AssemblyLinearVelocity=Vector3.new(-15.855,0.000,-2.147) hrp.CFrame=CFrame.new(39.431,3.698,8.991) local ld=cam.CFrame.LookVector*Vector3.new(1,0,1) if ld.Magnitude>0.01 then hrp.CFrame=CFrame.new(hrp.Position,hrp.Position+ld.Unit) end task.wait(0.0363)
cam.CFrame=CFrame.new(50.670,8.485,12.001,0.254602,-0.262046,0.930865,0.000000,0.962586,0.270975,-0.967046,-0.068991,0.245076) cam.FieldOfView=70.00 hum:Move(Vector3.new(-0.991,0,-0.136),true) hrp.AssemblyLinearVelocity=Vector3.new(-15.851,0.000,-2.177) hrp.CFrame=CFrame.new(38.770,3.698,8.901) local ld=cam.CFrame.LookVector*Vector3.new(1,0,1) if ld.Magnitude>0.01 then hrp.CFrame=CFrame.new(hrp.Position,hrp.Position+ld.Unit) end task.wait(0.0468)
cam.CFrame=CFrame.new(50.142,8.485,11.928,0.254602,-0.262046,0.930865,0.000000,0.962586,0.270975,-0.967046,-0.068991,0.245076) cam.FieldOfView=70.00 hum:Move(Vector3.new(-0.991,0,-0.136),true) hrp.AssemblyLinearVelocity=Vector3.new(-15.851,0.000,-2.179) hrp.CFrame=CFrame.new(38.110,3.698,8.810) local ld=cam.CFrame.LookVector*Vector3.new(1,0,1) if ld.Magnitude>0.01 then hrp.CFrame=CFrame.new(hrp.Position,hrp.Position+ld.Unit) end task.wait(0.0362)
cam.CFrame=CFrame.new(49.283,8.389,11.810,0.254602,-0.262046,0.930865,0.000000,0.962586,0.270975,-0.967046,-0.068991,0.245076) cam.FieldOfView=70.00 hum:Move(Vector3.new(-0.991,0,-0.136),true) hrp.AssemblyLinearVelocity=Vector3.new(-15.851,-9.810,-2.179) hrp.CFrame=CFrame.new(37.317,3.432,8.701) local ld=cam.CFrame.LookVector*Vector3.new(1,0,1) if ld.Magnitude>0.01 then hrp.CFrame=CFrame.new(hrp.Position,hrp.Position+ld.Unit) end task.wait(0.0498)
cam.CFrame=CFrame.new(48.491,7.838,11.701,0.254602,-0.262046,0.930865,0.000000,0.962586,0.270975,-0.967046,-0.068991,0.245076) cam.FieldOfView=70.00 hum:Move(Vector3.new(-0.991,0,-0.136),true) hrp.AssemblyLinearVelocity=Vector3.new(-15.851,-18.802,-2.179) hrp.CFrame=CFrame.new(36.591,2.757,8.601) local ld=cam.CFrame.LookVector*Vector3.new(1,0,1) if ld.Magnitude>0.01 then hrp.CFrame=CFrame.new(hrp.Position,hrp.Position+ld.Unit) end task.wait(0.0485)
cam.CFrame=CFrame.new(47.963,7.197,11.628,0.254602,-0.262046,0.930865,0.000000,0.962586,0.270975,-0.967046,-0.068991,0.245076) cam.FieldOfView=70.00 hum:Move(Vector3.new(-0.991,0,-0.136),true) hrp.AssemblyLinearVelocity=Vector3.new(-15.851,-6.417,-2.181) hrp.CFrame=CFrame.new(36.063,2.136,8.528) local ld=cam.CFrame.LookVector*Vector3.new(1,0,1) if ld.Magnitude>0.01 then hrp.CFrame=CFrame.new(hrp.Position,hrp.Position+ld.Unit) end task.wait(0.0341)
cam.CFrame=CFrame.new(47.170,6.943,11.523,0.254602,-0.262046,0.930865,0.000000,0.962586,0.270975,-0.967046,-0.068991,0.245076) cam.FieldOfView=70.00 hum:Move(Vector3.new(-0.993,0,-0.118),true) hrp.AssemblyLinearVelocity=Vector3.new(-15.888,0.780,-1.892) hrp.CFrame=CFrame.new(35.203,2.177,8.420) local ld=cam.CFrame.LookVector*Vector3.new(1,0,1) if ld.Magnitude>0.01 then hrp.CFrame=CFrame.new(hrp.Position,hrp.Position+ld.Unit) end task.wait(0.0506)
cam.CFrame=CFrame.new(46.375,6.978,11.433,0.254602,-0.262046,0.930865,0.000000,0.962586,0.270975,-0.967046,-0.068991,0.245076) cam.FieldOfView=70.00 hum:Move(Vector3.new(-0.996,0,-0.094),true) hrp.AssemblyLinearVelocity=Vector3.new(-15.929,0.152,-1.509) hrp.CFrame=CFrame.new(34.473,2.194,8.345) local ld=cam.CFrame.LookVector*Vector3.new(1,0,1) if ld.Magnitude>0.01 then hrp.CFrame=CFrame.new(hrp.Position,hrp.Position+ld.Unit) end task.wait(0.0481)
cam.CFrame=CFrame.new(45.777,6.983,11.379,0.254602,-0.262046,0.930865,0.000000,0.962586,0.270975,-0.967046,-0.068991,0.245076) cam.FieldOfView=70.00 hum:Move(Vector3.new(-0.997,0,-0.081),true) hrp.AssemblyLinearVelocity=Vector3.new(-15.946,0.048,-1.310) hrp.CFrame=CFrame.new(33.942,2.196,8.299) local ld=cam.CFrame.LookVector*Vector3.new(1,0,1) if ld.Magnitude>0.01 then hrp.CFrame=CFrame.new(hrp.Position,hrp.Position+ld.Unit) end task.wait(0.0343)
cam.CFrame=CFrame.new(45.046,6.984,11.324,0.254602,-0.262046,0.930865,0.000000,0.962586,0.270975,-0.967046,-0.068991,0.245076) cam.FieldOfView=70.00 hum:Move(Vector3.new(-0.998,0,-0.062),true) hrp.AssemblyLinearVelocity=Vector3.new(-15.969,0.008,-0.994) hrp.CFrame=CFrame.new(33.144,2.197,8.244) local ld=cam.CFrame.LookVector*Vector3.new(1,0,1) if ld.Magnitude>0.01 then hrp.CFrame=CFrame.new(hrp.Position,hrp.Position+ld.Unit) end task.wait(0.0498)
cam.CFrame=CFrame.new(44.513,6.985,11.291,0.254602,-0.262046,0.930865,0.000000,0.962586,0.270975,-0.967046,-0.068991,0.245076) cam.FieldOfView=70.00 hum:Move(Vector3.new(-0.998,0,-0.057),true) hrp.AssemblyLinearVelocity=Vector3.new(-15.974,0.002,-0.918) hrp.CFrame=CFrame.new(32.611,2.197,8.213) local ld=cam.CFrame.LookVector*Vector3.new(1,0,1) if ld.Magnitude>0.01 then hrp.CFrame=CFrame.new(hrp.Position,hrp.Position+ld.Unit) end task.wait(0.0361)
cam.CFrame=CFrame.new(43.981,6.985,11.261,0.254602,-0.262046,0.930865,0.000000,0.962586,0.270975,-0.967046,-0.068991,0.245076) cam.FieldOfView=70.00 hum:Move(Vector3.new(-0.998,0,-0.056),true) hrp.AssemblyLinearVelocity=Vector3.new(-15.975,0.000,-0.897) hrp.CFrame=CFrame.new(31.946,2.197,8.175) local ld=cam.CFrame.LookVector*Vector3.new(1,0,1) if ld.Magnitude>0.01 then hrp.CFrame=CFrame.new(hrp.Position,hrp.Position+ld.Unit) end task.wait(0.0341)
cam.CFrame=CFrame.new(43.182,6.985,11.216,0.254602,-0.262046,0.930865,0.000000,0.962586,0.270975,-0.967046,-0.068991,0.245076) cam.FieldOfView=70.00 hum:Move(Vector3.new(-0.998,0,-0.058),true) hrp.AssemblyLinearVelocity=Vector3.new(-15.973,0.000,-0.922) hrp.CFrame=CFrame.new(31.280,2.197,8.137) local ld=cam.CFrame.LookVector*Vector3.new(1,0,1) if ld.Magnitude>0.01 then hrp.CFrame=CFrame.new(hrp.Position,hrp.Position+ld.Unit) end task.wait(0.0451)
cam.CFrame=CFrame.new(42.650,6.985,11.185,0.254602,-0.262046,0.930865,0.000000,0.962586,0.270975,-0.967046,-0.068991,0.245076) cam.FieldOfView=70.00 hum:Move(Vector3.new(-0.998,0,-0.058),true) hrp.AssemblyLinearVelocity=Vector3.new(-15.973,0.000,-0.921) hrp.CFrame=CFrame.new(30.748,2.197,8.106) local ld=cam.CFrame.LookVector*Vector3.new(1,0,1) if ld.Magnitude>0.01 then hrp.CFrame=CFrame.new(hrp.Position,hrp.Position+ld.Unit) end task.wait(0.0355)
cam.CFrame=CFrame.new(41.251,8.654,11.058,0.260926,-0.390514,0.882846,0.000000,0.914526,0.404527,-0.965359,-0.105552,0.238624) cam.FieldOfView=70.00 hum:Move(Vector3.new(-0.998,0,-0.060),true) hrp.AssemblyLinearVelocity=Vector3.new(-15.971,0.000,-0.967) hrp.CFrame=CFrame.new(29.816,2.197,8.052) local ld=cam.CFrame.LookVector*Vector3.new(1,0,1) if ld.Magnitude>0.01 then hrp.CFrame=CFrame.new(hrp.Position,hrp.Position+ld.Unit) end task.wait(0.0505)
cam.CFrame=CFrame.new(40.020,9.532,10.957,0.266516,-0.457627,0.848261,0.000000,0.880093,0.474801,-0.963831,-0.126542,0.234559) cam.FieldOfView=70.00 hum:Move(Vector3.new(-0.998,0,-0.068),true) hrp.AssemblyLinearVelocity=Vector3.new(-15.963,0.000,-1.095) hrp.CFrame=CFrame.new(29.151,2.197,8.007) local ld=cam.CFrame.LookVector*Vector3.new(1,0,1) if ld.Magnitude>0.01 then hrp.CFrame=CFrame.new(hrp.Position,hrp.Position+ld.Unit) end task.wait(0.0488)
cam.CFrame=CFrame.new(38.889,10.027,11.042,0.286760,-0.492748,0.821565,0.000000,0.857581,0.514349,-0.958003,-0.147495,0.245920) cam.FieldOfView=70.00 hum:Move(Vector3.new(-0.997,0,-0.083),true) hrp.AssemblyLinearVelocity=Vector3.new(-15.945,0.000,-1.325) hrp.CFrame=CFrame.new(28.353,2.197,7.946) local ld=cam.CFrame.LookVector*Vector3.new(1,0,1) if ld.Magnitude>0.01 then hrp.CFrame=CFrame.new(hrp.Position,hrp.Position+ld.Unit) end task.wait(0.0484)
cam.CFrame=CFrame.new(38.258,10.169,11.022,0.291646,-0.502900,0.813655,0.000000,0.850635,0.525757,-0.956526,-0.153335,0.248085) cam.FieldOfView=70.00 hum:Move(Vector3.new(-0.994,0,-0.110),true) hrp.AssemblyLinearVelocity=Vector3.new(-15.903,0.000,-1.760) hrp.CFrame=CFrame.new(27.823,2.197,7.892) local ld=cam.CFrame.LookVector*Vector3.new(1,0,1) if ld.Magnitude>0.01 then hrp.CFrame=CFrame.new(hrp.Position,hrp.Position+ld.Unit) end task.wait(0.0332)
cam.CFrame=CFrame.new(37.680,10.237,10.975,0.294457,-0.507592,0.809719,0.000000,0.847284,0.531140,-0.955665,-0.156398,0.249489) cam.FieldOfView=70.00 hum:Move(Vector3.new(-0.988,0,-0.155),true) hrp.AssemblyLinearVelocity=Vector3.new(-15.807,0.000,-2.476) hrp.CFrame=CFrame.new(27.163,2.197,7.795) local ld=cam.CFrame.LookVector*Vector3.new(1,0,1) if ld.Magnitude>0.01 then hrp.CFrame=CFrame.new(hrp.Position,hrp.Position+ld.Unit) end task.wait(0.0386)
cam.CFrame=CFrame.new(36.791,10.290,11.045,0.314515,-0.508216,0.801746,0.000000,0.844608,0.535386,-0.949252,-0.168387,0.265642) cam.FieldOfView=70.00 hum:Move(Vector3.new(-0.980,0,-0.198),true) hrp.AssemblyLinearVelocity=Vector3.new(-15.685,0.000,-3.158) hrp.CFrame=CFrame.new(26.508,2.197,7.672) local ld=cam.CFrame.LookVector*Vector3.new(1,0,1) if ld.Magnitude>0.01 then hrp.CFrame=CFrame.new(hrp.Position,hrp.Position+ld.Unit) end task.wait(0.0454)
cam.CFrame=CFrame.new(36.014,10.326,11.194,0.342685,-0.505689,0.791736,0.000000,0.842765,0.538282,-0.939450,-0.184461,0.288803) cam.FieldOfView=70.00 hum:Move(Vector3.new(-0.970,0,-0.241),true) hrp.AssemblyLinearVelocity=Vector3.new(-15.529,0.000,-3.850) hrp.CFrame=CFrame.new(25.859,2.197,7.521) local ld=cam.CFrame.LookVector*Vector3.new(1,0,1) if ld.Magnitude>0.01 then hrp.CFrame=CFrame.new(hrp.Position,hrp.Position+ld.Unit) end task.wait(0.0407)
cam.CFrame=CFrame.new(35.138,10.349,11.221,0.365050,-0.502850,0.783505,0.000000,0.841585,0.540125,-0.930988,-0.197173,0.307220) cam.FieldOfView=70.00 hum:Move(Vector3.new(-0.959,0,-0.282),true) hrp.AssemblyLinearVelocity=Vector3.new(-15.360,0.000,-4.478) hrp.CFrame=CFrame.new(25.216,2.197,7.344) local ld=cam.CFrame.LookVector*Vector3.new(1,0,1) if ld.Magnitude>0.01 then hrp.CFrame=CFrame.new(hrp.Position,hrp.Position+ld.Unit) end task.wait(0.0413)
cam.CFrame=CFrame.new(34.687,11.231,11.248,0.378601,-0.501126,0.778160,0.000000,0.840746,0.541431,-0.925560,-0.204986,0.318307) cam.FieldOfView=70.00 hum:Move(Vector3.new(-0.955,0,-0.297),true) hrp.AssemblyLinearVelocity=Vector3.new(-15.280,46.614,-4.744) hrp.CFrame=CFrame.new(24.641,4.068,7.171) local ld=cam.CFrame.LookVector*Vector3.new(1,0,1) if ld.Magnitude>0.01 then hrp.CFrame=CFrame.new(hrp.Position,hrp.Position+ld.Unit) end task.wait(0.0424)
cam.CFrame=CFrame.new(33.476,13.343,12.084,0.479412,-0.476077,0.737235,0.000000,0.840068,0.542482,-0.877590,-0.260072,0.402738) cam.FieldOfView=70.00 hum:Move(Vector3.new(-0.959,0,-0.285),true) hrp.AssemblyLinearVelocity=Vector3.new(-15.337,36.804,-4.557) hrp.CFrame=CFrame.new(23.877,6.133,6.935) local ld=cam.CFrame.LookVector*Vector3.new(1,0,1) if ld.Magnitude>0.01 then hrp.CFrame=CFrame.new(hrp.Position,hrp.Position+ld.Unit) end task.wait(0.0446)
cam.CFrame=CFrame.new(32.417,14.893,12.596,0.546146,-0.454431,0.703716,0.000000,0.840068,0.542482,-0.837690,-0.296274,0.458800) cam.FieldOfView=70.00 hum:Move(Vector3.new(-0.984,0,-0.177),true) hrp.AssemblyLinearVelocity=Vector3.new(-15.712,31.081,-2.986) hrp.CFrame=CFrame.new(23.426,7.111,6.819) local ld=cam.CFrame.LookVector*Vector3.new(1,0,1) if ld.Magnitude>0.01 then hrp.CFrame=CFrame.new(hrp.Position,hrp.Position+ld.Unit) end task.wait(0.0355)
cam.CFrame=CFrame.new(30.885,16.008,13.737,0.662895,-0.406749,0.628590,0.000000,0.839561,0.543265,-0.748713,-0.360127,0.556541) cam.FieldOfView=70.00 hum:Move(Vector3.new(-0.996,0,0.090),true) hrp.AssemblyLinearVelocity=Vector3.new(-15.935,21.271,1.396) hrp.CFrame=CFrame.new(22.629,8.400,6.797) local ld=cam.CFrame.LookVector*Vector3.new(1,0,1) if ld.Magnitude>0.01 then hrp.CFrame=CFrame.new(hrp.Position,hrp.Position+ld.Unit) end task.wait(0.0468)
cam.CFrame=CFrame.new(28.113,17.051,15.515,0.828088,-0.304553,0.470656,0.000000,0.839561,0.543265,-0.560598,-0.449871,0.695231) cam.FieldOfView=70.00 hum:Move(Vector3.new(-1.000,0,0.022),true) hrp.AssemblyLinearVelocity=Vector3.new(-15.995,13.914,0.390) hrp.CFrame=CFrame.new(22.030,9.044,6.830) local ld=cam.CFrame.LookVector*Vector3.new(1,0,1) if ld.Magnitude>0.01 then hrp.CFrame=CFrame.new(hrp.Position,hrp.Position+ld.Unit) end task.wait(0.0375)
cam.CFrame=CFrame.new(26.477,17.560,16.071,0.883459,-0.255074,0.392985,0.000000,0.838801,0.544438,-0.468508,-0.480989,0.741046) cam.FieldOfView=70.00 hum:Move(Vector3.new(-0.998,0,-0.066),true) hrp.AssemblyLinearVelocity=Vector3.new(-15.965,3.286,-1.053) hrp.CFrame=CFrame.new(21.165,9.488,6.781) local ld=cam.CFrame.LookVector*Vector3.new(1,0,1) if ld.Magnitude>0.01 then hrp.CFrame=CFrame.new(hrp.Position,hrp.Position+ld.Unit) end task.wait(0.0502)
cam.CFrame=CFrame.new(23.637,17.719,16.900,0.966985,-0.138840,0.213689,0.000000,0.838547,0.544829,-0.254833,-0.526841,0.810863) cam.FieldOfView=70.00 hum:Move(Vector3.zero,true) hrp.AssemblyLinearVelocity=Vector3.new(-13.564,-2.436,-1.198) hrp.CFrame=CFrame.new(20.725,9.488,6.743) local ld=cam.CFrame.LookVector*Vector3.new(1,0,1) if ld.Magnitude>0.01 then hrp.CFrame=CFrame.new(hrp.Position,hrp.Position+ld.Unit) end task.wait(0.0336)
cam.CFrame=CFrame.new(20.497,17.454,17.218,0.999918,-0.006937,0.010767,0.000000,0.840637,0.541599,-0.012808,-0.541554,0.840568) cam.FieldOfView=70.00 hum:Move(Vector3.zero,true) hrp.AssemblyLinearVelocity=Vector3.new(-7.035,-11.429,-0.622) hrp.CFrame=CFrame.new(20.267,9.152,6.702) local ld=cam.CFrame.LookVector*Vector3.new(1,0,1) if ld.Magnitude>0.01 then hrp.CFrame=CFrame.new(hrp.Position,hrp.Position+ld.Unit) end task.wait(0.0447)
cam.CFrame=CFrame.new(17.920,16.891,17.091,0.977298,0.111254,-0.180309,0.000000,0.851038,0.525104,0.211870,-0.513183,0.831718) cam.FieldOfView=70.00 hum:Move(Vector3.zero,true) hrp.AssemblyLinearVelocity=Vector3.new(-1.693,-18.786,-0.150) hrp.CFrame=CFrame.new(20.114,8.570,6.689) local ld=cam.CFrame.LookVector*Vector3.new(1,0,1) if ld.Magnitude>0.01 then hrp.CFrame=CFrame.new(hrp.Position,hrp.Position+ld.Unit) end task.wait(0.0392)
cam.CFrame=CFrame.new(15.842,15.501,16.619,0.918879,0.198214,-0.341136,0.000000,0.864640,0.502391,0.394540,-0.461637,0.794500) cam.FieldOfView=70.00 hum:Move(Vector3.zero,true) hrp.AssemblyLinearVelocity=Vector3.new(-0.000,-27.779,-0.000) hrp.CFrame=CFrame.new(20.106,7.484,6.688) local ld=cam.CFrame.LookVector*Vector3.new(1,0,1) if ld.Magnitude>0.01 then hrp.CFrame=CFrame.new(hrp.Position,hrp.Position+ld.Unit) end task.wait(0.0426)
cam.CFrame=CFrame.new(15.643,14.487,16.562,0.911226,0.205374,-0.357056,0.000000,0.866836,0.498593,0.411908,-0.454331,0.789883) cam.FieldOfView=70.00 hum:Move(Vector3.zero,true) hrp.AssemblyLinearVelocity=Vector3.new(-0.000,-35.136,-0.000) hrp.CFrame=CFrame.new(20.106,6.289,6.688) local ld=cam.CFrame.LookVector*Vector3.new(1,0,1) if ld.Magnitude>0.01 then hrp.CFrame=CFrame.new(hrp.Position,hrp.Position+ld.Unit) end task.wait(0.0389)
cam.CFrame=CFrame.new(15.450,12.508,16.547,0.904211,0.208871,-0.372525,0.000000,0.872250,0.489061,0.427085,-0.442214,0.788698) cam.FieldOfView=70.00 hum:Move(Vector3.zero,true) hrp.AssemblyLinearVelocity=Vector3.new(-0.000,-44.129,-0.000) hrp.CFrame=CFrame.new(20.106,4.454,6.688) local ld=cam.CFrame.LookVector*Vector3.new(1,0,1) if ld.Magnitude>0.01 then hrp.CFrame=CFrame.new(hrp.Position,hrp.Position+ld.Unit) end task.wait(0.0471)
cam.CFrame=CFrame.new(15.365,11.091,16.572,0.901644,0.207839,-0.379264,0.000000,0.876954,0.480575,0.432479,-0.433307,0.790700) cam.FieldOfView=70.00 hum:Move(Vector3.zero,true) hrp.AssemblyLinearVelocity=Vector3.new(0.000,2.332,0.000) hrp.CFrame=CFrame.new(20.106,3.517,6.688) local ld=cam.CFrame.LookVector*Vector3.new(1,0,1) if ld.Magnitude>0.01 then hrp.CFrame=CFrame.new(hrp.Position,hrp.Position+ld.Unit) end task.wait(0.0346)
cam.CFrame=CFrame.new(15.154,10.909,16.510,0.893006,0.211917,-0.397029,0.000000,0.882198,0.470878,0.450045,-0.420497,0.787808) cam.FieldOfView=70.00 hum:Move(Vector3.new(0.354,0,-0.935),true) hrp.AssemblyLinearVelocity=Vector3.new(2.767,1.288,-7.336) hrp.CFrame=CFrame.new(20.174,3.668,6.512) local ld=cam.CFrame.LookVector*Vector3.new(1,0,1) if ld.Magnitude>0.01 then hrp.CFrame=CFrame.new(hrp.Position,hrp.Position+ld.Unit) end task.wait(0.0550)
cam.CFrame=CFrame.new(14.848,10.846,16.019,0.873639,0.224374,-0.431754,0.000000,0.887333,0.461129,0.486575,-0.402860,0.775208) cam.FieldOfView=70.00 hum:Move(Vector3.new(0.403,0,-0.915),true) hrp.AssemblyLinearVelocity=Vector3.new(6.395,0.275,-14.606) hrp.CFrame=CFrame.new(20.403,3.691,5.968) local ld=cam.CFrame.LookVector*Vector3.new(1,0,1) if ld.Magnitude>0.01 then hrp.CFrame=CFrame.new(hrp.Position,hrp.Position+ld.Unit) end task.wait(0.0370)
cam.CFrame=CFrame.new(14.660,10.715,15.075,0.847279,0.238784,-0.474447,0.000000,0.893249,0.449562,0.531148,-0.380904,0.756832) cam.FieldOfView=70.00 hum:Move(Vector3.new(0.538,0,-0.843),true) hrp.AssemblyLinearVelocity=Vector3.new(8.556,0.058,-13.485) hrp.CFrame=CFrame.new(20.733,3.696,5.389) local ld=cam.CFrame.LookVector*Vector3.new(1,0,1) if ld.Magnitude>0.01 then hrp.CFrame=CFrame.new(hrp.Position,hrp.Position+ld.Unit) end task.wait(0.0417)
cam.CFrame=CFrame.new(14.785,10.705,14.687,0.842217,0.241913,-0.481818,0.000000,0.893681,0.448702,0.539139,-0.377905,0.752674) cam.FieldOfView=70.00 hum:Move(Vector3.new(0.583,0,-0.813),true) hrp.AssemblyLinearVelocity=Vector3.new(9.289,0.017,-13.002) hrp.CFrame=CFrame.new(21.040,3.697,4.954) local ld=cam.CFrame.LookVector*Vector3.new(1,0,1) if ld.Magnitude>0.01 then hrp.CFrame=CFrame.new(hrp.Position,hrp.Position+ld.Unit) end task.wait(0.0364)
cam.CFrame=CFrame.new(15.255,10.706,14.040,0.842217,0.241913,-0.481818,0.000000,0.893681,0.448702,0.539139,-0.377905,0.752674) cam.FieldOfView=70.00 hum:Move(Vector3.new(0.601,0,-0.799),true) hrp.AssemblyLinearVelocity=Vector3.new(9.591,0.003,-12.794) hrp.CFrame=CFrame.new(21.438,3.697,4.419) local ld=cam.CFrame.LookVector*Vector3.new(1,0,1) if ld.Magnitude>0.01 then hrp.CFrame=CFrame.new(hrp.Position,hrp.Position+ld.Unit) end task.wait(0.0440)
cam.CFrame=CFrame.new(15.739,10.706,13.403,0.842217,0.241913,-0.481818,0.000000,0.893681,0.448702,0.539139,-0.377905,0.752674) cam.FieldOfView=70.00 hum:Move(Vector3.new(0.616,0,-0.788),true) hrp.AssemblyLinearVelocity=Vector3.new(9.836,0.001,-12.614) hrp.CFrame=CFrame.new(21.925,3.697,3.785) local ld=cam.CFrame.LookVector*Vector3.new(1,0,1) if ld.Magnitude>0.01 then hrp.CFrame=CFrame.new(hrp.Position,hrp.Position+ld.Unit) end task.wait(0.0490)
cam.CFrame=CFrame.new(16.067,10.706,12.983,0.842217,0.241913,-0.481818,0.000000,0.893681,0.448702,0.539139,-0.377905,0.752674) cam.FieldOfView=70.00 hum:Move(Vector3.new(0.621,0,-0.784),true) hrp.AssemblyLinearVelocity=Vector3.new(9.924,0.000,-12.548) hrp.CFrame=CFrame.new(22.338,3.698,3.261) local ld=cam.CFrame.LookVector*Vector3.new(1,0,1) if ld.Magnitude>0.01 then hrp.CFrame=CFrame.new(hrp.Position,hrp.Position+ld.Unit) end task.wait(0.0366)
cam.CFrame=CFrame.new(16.655,10.729,12.244,0.842217,0.242882,-0.481330,0.000000,0.892777,0.450500,0.539139,-0.379418,0.751912) cam.FieldOfView=70.00 hum:Move(Vector3.new(0.627,0,-0.779),true) hrp.AssemblyLinearVelocity=Vector3.new(10.026,0.000,-12.467) hrp.CFrame=CFrame.new(22.756,3.698,2.741) local ld=cam.CFrame.LookVector*Vector3.new(1,0,1) if ld.Magnitude>0.01 then hrp.CFrame=CFrame.new(hrp.Position,hrp.Position+ld.Unit) end task.wait(0.0468)
cam.CFrame=CFrame.new(16.909,10.740,11.928,0.842217,0.243365,-0.481086,0.000000,0.892323,0.451397,0.539139,-0.380174,0.751530) cam.FieldOfView=70.00 hum:Move(Vector3.new(0.627,0,-0.779),true) hrp.AssemblyLinearVelocity=Vector3.new(10.029,0.000,-12.466) hrp.CFrame=CFrame.new(23.090,3.698,2.326) local ld=cam.CFrame.LookVector*Vector3.new(1,0,1) if ld.Magnitude>0.01 then hrp.CFrame=CFrame.new(hrp.Position,hrp.Position+ld.Unit) end task.wait(0.0342)
cam.CFrame=CFrame.new(17.446,10.792,11.295,0.843391,0.244774,-0.478306,0.000000,0.890203,0.455563,0.537300,-0.384218,0.750790) cam.FieldOfView=70.00 hum:Move(Vector3.new(0.627,0,-0.779),true) hrp.AssemblyLinearVelocity=Vector3.new(10.030,-3.270,-12.465) hrp.CFrame=CFrame.new(23.592,3.663,1.703) local ld=cam.CFrame.LookVector*Vector3.new(1,0,1) if ld.Magnitude>0.01 then hrp.CFrame=CFrame.new(hrp.Position,hrp.Position+ld.Unit) end task.wait(0.0513)
cam.CFrame=CFrame.new(17.824,10.648,10.824,0.843391,0.245176,-0.478100,0.000000,0.889820,0.456312,0.537300,-0.384849,0.750467) cam.FieldOfView=70.00 hum:Move(Vector3.new(0.622,0,-0.783),true) hrp.AssemblyLinearVelocity=Vector3.new(10.030,-10.627,-12.465) hrp.CFrame=CFrame.new(23.968,3.388,1.235) local ld=cam.CFrame.LookVector*Vector3.new(1,0,1) if ld.Magnitude>0.01 then hrp.CFrame=CFrame.new(hrp.Position,hrp.Position+ld.Unit) end task.wait(0.0336)
cam.CFrame=CFrame.new(18.284,10.086,10.253,0.843391,0.245176,-0.478100,0.000000,0.889820,0.456312,0.537300,-0.384849,0.750467) cam.FieldOfView=70.00 hum:Move(Vector3.new(0.599,0,-0.801),true) hrp.AssemblyLinearVelocity=Vector3.new(9.585,-19.620,-12.811) hrp.CFrame=CFrame.new(24.421,2.676,0.659) local ld=cam.CFrame.LookVector*Vector3.new(1,0,1) if ld.Magnitude>0.01 then hrp.CFrame=CFrame.new(hrp.Position,hrp.Position+ld.Unit) end task.wait(0.0468)
cam.CFrame=CFrame.new(18.606,9.424,9.824,0.843391,0.245415,-0.477978,0.000000,0.889592,0.456757,0.537300,-0.385224,0.750274) cam.FieldOfView=70.00 hum:Move(Vector3.new(0.598,0,-0.802),true) hrp.AssemblyLinearVelocity=Vector3.new(9.568,-2.667,-12.824) hrp.CFrame=CFrame.new(24.740,2.127,0.232) local ld=cam.CFrame.LookVector*Vector3.new(1,0,1) if ld.Magnitude>0.01 then hrp.CFrame=CFrame.new(hrp.Position,hrp.Position+ld.Unit) end task.wait(0.0352)
cam.CFrame=CFrame.new(18.990,9.271,9.349,0.844561,0.245288,-0.475972,0.000000,0.888906,0.458090,0.535459,-0.386885,0.750736) cam.FieldOfView=70.00 hum:Move(Vector3.new(0.596,0,-0.803),true) hrp.AssemblyLinearVelocity=Vector3.new(9.540,1.131,-12.845) hrp.CFrame=CFrame.new(25.099,2.167,-0.249) local ld=cam.CFrame.LookVector*Vector3.new(1,0,1) if ld.Magnitude>0.01 then hrp.CFrame=CFrame.new(hrp.Position,hrp.Position+ld.Unit) end task.wait(0.0346)
cam.CFrame=CFrame.new(19.469,9.316,8.785,0.846890,0.243730,-0.472624,0.000000,0.888778,0.458338,0.531769,-0.388162,0.752697) cam.FieldOfView=70.00 hum:Move(Vector3.new(0.593,0,-0.805),true) hrp.AssemblyLinearVelocity=Vector3.new(9.484,0.234,-12.886) hrp.CFrame=CFrame.new(25.535,2.192,-0.839) local ld=cam.CFrame.LookVector*Vector3.new(1,0,1) if ld.Magnitude>0.01 then hrp.CFrame=CFrame.new(hrp.Position,hrp.Position+ld.Unit) end task.wait(0.0483)
cam.CFrame=CFrame.new(19.995,9.343,8.161,0.849566,0.242542,-0.468413,0.000000,0.888017,0.459811,0.527482,-0.390640,0.754429) cam.FieldOfView=70.00 hum:Move(Vector3.new(0.587,0,-0.810),true) hrp.AssemblyLinearVelocity=Vector3.new(9.388,0.041,-12.956) hrp.CFrame=CFrame.new(26.007,2.197,-1.485) local ld=cam.CFrame.LookVector*Vector3.new(1,0,1) if ld.Magnitude>0.01 then hrp.CFrame=CFrame.new(hrp.Position,hrp.Position+ld.Unit) end task.wait(0.0504)
cam.CFrame=CFrame.new(20.398,9.349,7.626,0.850352,0.242118,-0.467205,0.000000,0.887861,0.460112,0.526214,-0.391257,0.754994) cam.FieldOfView=70.00 hum:Move(Vector3.new(0.573,0,-0.820),true) hrp.AssemblyLinearVelocity=Vector3.new(9.172,0.012,-13.110) hrp.CFrame=CFrame.new(26.314,2.197,-1.921) local ld=cam.CFrame.LookVector*Vector3.new(1,0,1) if ld.Magnitude>0.01 then hrp.CFrame=CFrame.new(hrp.Position,hrp.Position+ld.Unit) end task.wait(0.0334)
cam.CFrame=CFrame.new(20.743,9.349,7.213,0.852640,0.240408,-0.463906,0.000000,0.887861,0.460112,0.522499,-0.392310,0.757026) cam.FieldOfView=70.00 hum:Move(Vector3.new(0.567,0,-0.824),true) hrp.AssemblyLinearVelocity=Vector3.new(9.073,0.003,-13.179) hrp.CFrame=CFrame.new(26.693,2.197,-2.469) local ld=cam.CFrame.LookVector*Vector3.new(1,0,1) if ld.Magnitude>0.01 then hrp.CFrame=CFrame.new(hrp.Position,hrp.Position+ld.Unit) end task.wait(0.0394)
cam.CFrame=CFrame.new(21.110,9.360,6.806,0.856041,0.238293,-0.458704,0.000000,0.887402,0.460997,0.516907,-0.394633,0.759652) cam.FieldOfView=70.00 hum:Move(Vector3.new(0.560,0,-0.829),true) hrp.AssemblyLinearVelocity=Vector3.new(8.958,0.001,-13.257) hrp.CFrame=CFrame.new(26.993,2.197,-2.910) local ld=cam.CFrame.LookVector*Vector3.new(1,0,1) if ld.Magnitude>0.01 then hrp.CFrame=CFrame.new(hrp.Position,hrp.Position+ld.Unit) end task.wait(0.0335)
cam.CFrame=CFrame.new(21.482,9.360,6.253,0.856041,0.238293,-0.458704,0.000000,0.887402,0.460997,0.516907,-0.394633,0.759652) cam.FieldOfView=70.00 hum:Move(Vector3.new(0.557,0,-0.830),true) hrp.AssemblyLinearVelocity=Vector3.new(8.918,0.000,-13.284) hrp.CFrame=CFrame.new(27.365,2.197,-3.464) local ld=cam.CFrame.LookVector*Vector3.new(1,0,1) if ld.Magnitude>0.01 then hrp.CFrame=CFrame.new(hrp.Position,hrp.Position+ld.Unit) end task.wait(0.0430)
cam.CFrame=CFrame.new(21.928,9.360,5.589,0.856041,0.238293,-0.458704,0.000000,0.887402,0.460997,0.516907,-0.394633,0.759652) cam.FieldOfView=70.00 hum:Move(Vector3.new(0.557,0,-0.830),true) hrp.AssemblyLinearVelocity=Vector3.new(8.917,0.000,-13.285) hrp.CFrame=CFrame.new(27.885,2.197,-4.239) local ld=cam.CFrame.LookVector*Vector3.new(1,0,1) if ld.Magnitude>0.01 then hrp.CFrame=CFrame.new(hrp.Position,hrp.Position+ld.Unit) end task.wait(0.0578)
cam.CFrame=CFrame.new(22.448,9.360,4.814,0.856041,0.238293,-0.458704,0.000000,0.887402,0.460997,0.516907,-0.394633,0.759652) cam.FieldOfView=70.00 hum:Move(Vector3.new(0.566,0,-0.825),true) hrp.AssemblyLinearVelocity=Vector3.new(9.034,0.000,-13.205) hrp.CFrame=CFrame.new(28.257,2.197,-4.792) local ld=cam.CFrame.LookVector*Vector3.new(1,0,1) if ld.Magnitude>0.01 then hrp.CFrame=CFrame.new(hrp.Position,hrp.Position+ld.Unit) end task.wait(0.0415)
cam.CFrame=CFrame.new(22.678,9.360,4.487,0.856041,0.238293,-0.458704,0.000000,0.887402,0.460997,0.516907,-0.394633,0.759652) cam.FieldOfView=70.00 hum:Move(Vector3.new(0.595,0,-0.804),true) hrp.AssemblyLinearVelocity=Vector3.new(9.510,0.000,-12.867) hrp.CFrame=CFrame.new(28.570,2.197,-5.224) local ld=cam.CFrame.LookVector*Vector3.new(1,0,1) if ld.Magnitude>0.01 then hrp.CFrame=CFrame.new(hrp.Position,hrp.Position+ld.Unit) end task.wait(0.0339)
cam.CFrame=CFrame.new(22.998,9.360,4.060,0.856041,0.238293,-0.458704,0.000000,0.887402,0.460997,0.516907,-0.394633,0.759652) cam.FieldOfView=70.00 hum:Move(Vector3.new(0.613,0,-0.790),true) hrp.AssemblyLinearVelocity=Vector3.new(9.802,0.000,-12.646) hrp.CFrame=CFrame.new(28.895,2.197,-5.647) local ld=cam.CFrame.LookVector*Vector3.new(1,0,1) if ld.Magnitude>0.01 then hrp.CFrame=CFrame.new(hrp.Position,hrp.Position+ld.Unit) end task.wait(0.0372)
cam.CFrame=CFrame.new(23.595,9.360,3.492,0.861629,0.233974,-0.450391,0.000000,0.887402,0.460997,0.507539,-0.397209,0.764611) cam.FieldOfView=70.00 hum:Move(Vector3.new(0.617,0,-0.787),true) hrp.AssemblyLinearVelocity=Vector3.new(9.864,0.000,-12.598) hrp.CFrame=CFrame.new(29.389,2.197,-6.276) local ld=cam.CFrame.LookVector*Vector3.new(1,0,1) if ld.Magnitude>0.01 then hrp.CFrame=CFrame.new(hrp.Position,hrp.Position+ld.Unit) end task.wait(0.0475)
cam.CFrame=CFrame.new(24.199,9.379,3.067,0.871465,0.226828,-0.434853,0.000000,0.886629,0.462482,0.490457,-0.403037,0.772666) cam.FieldOfView=70.00 hum:Move(Vector3.new(0.607,0,-0.794),true) hrp.AssemblyLinearVelocity=Vector3.new(9.729,0.000,-12.702) hrp.CFrame=CFrame.new(29.715,2.197,-6.698) local ld=cam.CFrame.LookVector*Vector3.new(1,0,1) if ld.Magnitude>0.01 then hrp.CFrame=CFrame.new(hrp.Position,hrp.Position+ld.Unit) end task.wait(0.0337)
cam.CFrame=CFrame.new(25.249,9.473,2.816,0.901120,0.203792,-0.382690,0.000000,0.882649,0.470033,0.433570,-0.423556,0.795373) cam.FieldOfView=70.00 hum:Move(Vector3.new(0.567,0,-0.824),true) hrp.AssemblyLinearVelocity=Vector3.new(9.084,0.000,-13.171) hrp.CFrame=CFrame.new(30.185,2.197,-7.345) local ld=cam.CFrame.LookVector*Vector3.new(1,0,1) if ld.Magnitude>0.01 then hrp.CFrame=CFrame.new(hrp.Position,hrp.Position+ld.Unit) end task.wait(0.0487)
cam.CFrame=CFrame.new(27.692,9.590,2.949,0.968989,0.118460,-0.216858,0.000000,0.877600,0.479393,0.247103,-0.464527,0.850385) cam.FieldOfView=70.00 hum:Move(Vector3.new(0.507,0,-0.862),true) hrp.AssemblyLinearVelocity=Vector3.new(8.124,0.000,-13.783) hrp.CFrame=CFrame.new(30.539,2.197,-7.910) local ld=cam.CFrame.LookVector*Vector3.new(1,0,1) if ld.Magnitude>0.01 then hrp.CFrame=CFrame.new(hrp.Position,hrp.Position+ld.Unit) end task.wait(0.0380)
cam.CFrame=CFrame.new(29.968,9.607,2.654,0.997888,0.031229,-0.056953,0.000000,0.876831,0.480800,0.064953,-0.479784,0.874979) cam.FieldOfView=70.00 hum:Move(Vector3.new(0.191,0,-0.982),true) hrp.AssemblyLinearVelocity=Vector3.new(3.107,0.000,-15.688) hrp.CFrame=CFrame.new(30.733,2.197,-8.545) local ld=cam.CFrame.LookVector*Vector3.new(1,0,1) if ld.Magnitude>0.01 then hrp.CFrame=CFrame.new(hrp.Position,hrp.Position+ld.Unit) end task.wait(0.0448)
cam.CFrame=CFrame.new(32.363,10.541,2.002,0.989497,-0.070288,0.126316,0.000000,0.873826,0.486239,-0.144555,-0.481132,0.864648) cam.FieldOfView=70.00 hum:Move(Vector3.new(0.163,0,-0.987),true) hrp.AssemblyLinearVelocity=Vector3.new(2.614,44.979,-15.785) hrp.CFrame=CFrame.new(30.862,4.446,-9.267) local ld=cam.CFrame.LookVector*Vector3.new(1,0,1) if ld.Magnitude>0.01 then hrp.CFrame=CFrame.new(hrp.Position,hrp.Position+ld.Unit) end task.wait(0.0507)
cam.CFrame=CFrame.new(34.221,13.162,0.662,0.952611,-0.148428,0.265520,0.000000,0.872874,0.487945,-0.304190,-0.464822,0.831510) cam.FieldOfView=70.00 hum:Move(Vector3.new(0.121,0,-0.993),true) hrp.AssemblyLinearVelocity=Vector3.new(1.923,35.986,-15.884) hrp.CFrame=CFrame.new(30.932,6.283,-9.996) local ld=cam.CFrame.LookVector*Vector3.new(1,0,1) if ld.Magnitude>0.01 then hrp.CFrame=CFrame.new(hrp.Position,hrp.Position+ld.Unit) end task.wait(0.0425)
cam.CFrame=CFrame.new(35.494,14.481,-0.376,0.911429,-0.200768,0.359150,0.000000,0.872874,0.487945,-0.411457,-0.444727,0.795564) cam.FieldOfView=70.00 hum:Move(Vector3.new(0.468,0,-0.884),true) hrp.AssemblyLinearVelocity=Vector3.new(7.292,26.994,-14.218) hrp.CFrame=CFrame.new(31.158,7.708,-10.688) local ld=cam.CFrame.LookVector*Vector3.new(1,0,1) if ld.Magnitude>0.01 then hrp.CFrame=CFrame.new(hrp.Position,hrp.Position+ld.Unit) end task.wait(0.0459)
cam.CFrame=CFrame.new(37.396,15.821,-1.914,0.834074,-0.269646,0.481261,0.000000,0.872398,0.488796,-0.551652,-0.407692,0.727645) cam.FieldOfView=70.00 hum:Move(Vector3.new(0.852,0,-0.523),true) hrp.AssemblyLinearVelocity=Vector3.new(11.293,19.636,-10.652) hrp.CFrame=CFrame.new(31.516,8.567,-11.147) local ld=cam.CFrame.LookVector*Vector3.new(1,0,1) if ld.Magnitude>0.01 then hrp.CFrame=CFrame.new(hrp.Position,hrp.Position+ld.Unit) end task.wait(0.0365)
cam.CFrame=CFrame.new(39.557,16.596,-3.784,0.700849,-0.351086,0.620926,0.000000,0.870486,0.492193,-0.713310,-0.344953,0.610079) cam.FieldOfView=70.00 hum:Move(Vector3.zero,true) hrp.AssemblyLinearVelocity=Vector3.new(6.526,10.644,-6.155) hrp.CFrame=CFrame.new(31.915,9.242,-11.523) local ld=cam.CFrame.LookVector*Vector3.new(1,0,1) if ld.Magnitude>0.01 then hrp.CFrame=CFrame.new(hrp.Position,hrp.Position+ld.Unit) end task.wait(0.0447)
cam.CFrame=CFrame.new(40.962,17.009,-5.406,0.574331,-0.402921,0.712601,0.000000,0.870486,0.492193,-0.818624,-0.282681,0.499947) cam.FieldOfView=70.00 hum:Move(Vector3.zero,true) hrp.AssemblyLinearVelocity=Vector3.new(1.758,1.651,-1.658) hrp.CFrame=CFrame.new(32.095,9.505,-11.693) local ld=cam.CFrame.LookVector*Vector3.new(1,0,1) if ld.Magnitude>0.01 then hrp.CFrame=CFrame.new(hrp.Position,hrp.Position+ld.Unit) end task.wait(0.0486)
cam.CFrame=CFrame.new(41.487,17.061,-6.201,0.505974,-0.425270,0.750424,0.000000,0.870007,0.493039,-0.862549,-0.249465,0.440201) cam.FieldOfView=70.00 hum:Move(Vector3.zero,true) hrp.AssemblyLinearVelocity=Vector3.new(0.003,-4.889,-0.003) hrp.CFrame=CFrame.new(32.107,9.437,-11.704) local ld=cam.CFrame.LookVector*Vector3.new(1,0,1) if ld.Magnitude>0.01 then hrp.CFrame=CFrame.new(hrp.Position,hrp.Position+ld.Unit) end task.wait(0.0341)
cam.CFrame=CFrame.new(42.340,16.736,-8.059,0.335534,-0.466048,0.818667,0.000000,0.869048,0.494728,-0.942028,-0.165998,0.291595) cam.FieldOfView=70.00 hum:Move(Vector3.zero,true) hrp.AssemblyLinearVelocity=Vector3.new(0.000,-14.699,-0.000) hrp.CFrame=CFrame.new(32.107,8.927,-11.704) local ld=cam.CFrame.LookVector*Vector3.new(1,0,1) if ld.Magnitude>0.01 then hrp.CFrame=CFrame.new(hrp.Position,hrp.Position+ld.Unit) end task.wait(0.0505)
cam.CFrame=CFrame.new(42.838,15.888,-9.977,0.158926,-0.487639,0.858458,0.000000,0.869509,0.493917,-0.987291,-0.078496,0.138188) cam.FieldOfView=70.00 hum:Move(Vector3.zero,true) hrp.AssemblyLinearVelocity=Vector3.new(0.000,-25.326,-0.000) hrp.CFrame=CFrame.new(32.107,7.821,-11.704) local ld=cam.CFrame.LookVector*Vector3.new(1,0,1) if ld.Magnitude>0.01 then hrp.CFrame=CFrame.new(hrp.Position,hrp.Position+ld.Unit) end task.wait(0.0500)
cam.CFrame=CFrame.new(43.005,14.453,-10.883,0.075197,-0.483940,0.871864,0.000000,0.874340,0.485314,-0.997169,-0.036494,0.065747) cam.FieldOfView=70.00 hum:Move(Vector3.zero,true) hrp.AssemblyLinearVelocity=Vector3.new(0.000,-34.319,-0.000) hrp.CFrame=CFrame.new(32.107,6.435,-11.704) local ld=cam.CFrame.LookVector*Vector3.new(1,0,1) if ld.Magnitude>0.01 then hrp.CFrame=CFrame.new(hrp.Position,hrp.Position+ld.Unit) end task.wait(0.0499)
cam.CFrame=CFrame.new(43.122,12.453,-11.175,0.047979,-0.470228,0.881240,0.000000,0.882256,0.470771,-0.998848,-0.022587,0.042329) cam.FieldOfView=70.00 hum:Move(Vector3.zero,true) hrp.AssemblyLinearVelocity=Vector3.new(0.000,-44.129,-0.000) hrp.CFrame=CFrame.new(32.107,4.454,-11.704) local ld=cam.CFrame.LookVector*Vector3.new(1,0,1) if ld.Magnitude>0.01 then hrp.CFrame=CFrame.new(hrp.Position,hrp.Position+ld.Unit) end task.wait(0.0481)
cam.CFrame=CFrame.new(43.076,10.792,-11.199,0.047979,-0.470228,0.881240,0.000000,0.882256,0.470771,-0.998848,-0.022587,0.042329) cam.FieldOfView=70.00 hum:Move(Vector3.new(-0.889,0,-0.459),true) hrp.AssemblyLinearVelocity=Vector3.new(-8.549,4.229,-4.409) hrp.CFrame=CFrame.new(31.941,3.567,-11.789) local ld=cam.CFrame.LookVector*Vector3.new(1,0,1) if ld.Magnitude>0.01 then hrp.CFrame=CFrame.new(hrp.Position,hrp.Position+ld.Unit) end task.wait(0.0565)
cam.CFrame=CFrame.new(42.642,10.927,-11.430,0.047979,-0.470228,0.881240,0.000000,0.882256,0.470771,-0.998848,-0.022587,0.042329) cam.FieldOfView=70.00 hum:Move(Vector3.new(-0.885,0,-0.466),true) hrp.AssemblyLinearVelocity=Vector3.new(-14.109,1.288,-7.459) hrp.CFrame=CFrame.new(31.390,3.668,-12.083) local ld=cam.CFrame.LookVector*Vector3.new(1,0,1) if ld.Magnitude>0.01 then hrp.CFrame=CFrame.new(hrp.Position,hrp.Position+ld.Unit) end task.wait(0.0353)
cam.CFrame=CFrame.new(41.923,10.974,-11.780,0.047979,-0.470228,0.881240,0.000000,0.882256,0.470771,-0.998848,-0.022587,0.042329) cam.FieldOfView=70.00 hum:Move(Vector3.new(-0.933,0,-0.359),true) hrp.AssemblyLinearVelocity=Vector3.new(-14.859,0.275,-5.861) hrp.CFrame=CFrame.new(30.784,3.691,-12.358) local ld=cam.CFrame.LookVector*Vector3.new(1,0,1) if ld.Magnitude>0.01 then hrp.CFrame=CFrame.new(hrp.Position,hrp.Position+ld.Unit) end task.wait(0.0405)
cam.CFrame=CFrame.new(41.291,10.980,-11.990,0.047979,-0.470228,0.881240,0.000000,0.882256,0.470771,-0.998848,-0.022587,0.042329) cam.FieldOfView=70.00 hum:Move(Vector3.new(-0.971,0,-0.241),true) hrp.AssemblyLinearVelocity=Vector3.new(-15.505,0.042,-3.884) hrp.CFrame=CFrame.new(30.017,3.697,-12.584) local ld=cam.CFrame.LookVector*Vector3.new(1,0,1) if ld.Magnitude>0.01 then hrp.CFrame=CFrame.new(hrp.Position,hrp.Position+ld.Unit) end task.wait(0.0499)
cam.CFrame=CFrame.new(40.631,10.982,-11.967,0.063167,-0.469831,0.880494,0.000000,0.882256,0.470771,-0.998003,-0.029737,0.055729) cam.FieldOfView=70.00 hum:Move(Vector3.new(-0.988,0,-0.157),true) hrp.AssemblyLinearVelocity=Vector3.new(-15.785,0.009,-2.546) hrp.CFrame=CFrame.new(29.362,3.697,-12.707) local ld=cam.CFrame.LookVector*Vector3.new(1,0,1) if ld.Magnitude>0.01 then hrp.CFrame=CFrame.new(hrp.Position,hrp.Position+ld.Unit) end task.wait(0.0384)
cam.CFrame=CFrame.new(39.861,11.104,-11.555,0.109316,-0.477625,0.871736,0.000000,0.876992,0.480505,-0.994007,-0.052527,0.095870) cam.FieldOfView=70.00 hum:Move(Vector3.new(-0.995,0,-0.098),true) hrp.AssemblyLinearVelocity=Vector3.new(-15.913,0.002,-1.592) hrp.CFrame=CFrame.new(28.699,3.697,-12.780) local ld=cam.CFrame.LookVector*Vector3.new(1,0,1) if ld.Magnitude>0.01 then hrp.CFrame=CFrame.new(hrp.Position,hrp.Position+ld.Unit) end task.wait(0.0439)
cam.CFrame=CFrame.new(39.241,11.233,-11.463,0.123308,-0.487134,0.864578,0.000000,0.871227,0.490880,-0.992369,-0.060529,0.107429) cam.FieldOfView=70.00 hum:Move(Vector3.new(-0.996,0,-0.093),true) hrp.AssemblyLinearVelocity=Vector3.new(-15.926,0.000,-1.498) hrp.CFrame=CFrame.new(28.035,3.697,-12.843) local ld=cam.CFrame.LookVector*Vector3.new(1,0,1) if ld.Magnitude>0.01 then hrp.CFrame=CFrame.new(hrp.Position,hrp.Position+ld.Unit) end task.wait(0.0377)
